0 0
0.571428571428571 -0
1.14285714285714 -0
1.71428571428571 -0
2.28571428571429 -0
2.85714285714286 -0
3.42857142857143 -0
4 -0
4.57142857142857 -0
5.14285714285714 -0
5.71428571428571 -0
6.28571428571429 0
6.85714285714286 0
7.42857142857143 0
8 0
8.57142857142857 0
9.14285714285714 0
9.71428571428571 0
10.2857142857143 0
10.8571428571429 0
11.4285714285714 0
12 0
12 0.571428571428571
12 1.14285714285714
12 1.71428571428571
12 2.28571428571429
12 2.85714285714286
12 3.42857142857143
12 4
12 4.57142857142857
12 5.14285714285714
12 5.71428571428571
12 6.28571428571429
12 6.85714285714286
12 7.42857142857143
12 8
12 8.57142857142857
12 9.14285714285714
12 9.71428571428571
12 10.2857142857143
12 10.8571428571429
12 11.4285714285714
12 12
11.4285714285714 12
10.8571428571429 12
10.2857142857143 12
9.71428571428571 12
9.14285714285714 12
8.57142857142857 12
8 12
7.42857142857143 12
6.85714285714286 12
6.28571428571429 12
5.71428571428571 12
5.14285714285714 12
4.57142857142857 12
4 12
3.42857142857143 12
2.85714285714286 12
2.28571428571429 12
1.71428571428571 12
1.14285714285714 12
0.571428571428571 12
0 12
0 11.4285714285714
0 10.8571428571429
0 10.2857142857143
0 9.71428571428571
0 9.14285714285714
0 8.57142857142857
0 8
0 7.42857142857143
0 6.85714285714286
0 6.28571428571429
-0 5.71428571428571
-0 5.14285714285714
-0 4.57142857142857
-0 4
-0 3.42857142857143
-0 2.85714285714286
-0 2.28571428571429
-0 1.71428571428571
-0 1.14285714285714
-0 0.571428571428571
2.36632147261284 1.78029760049141
5.25782220456078 4.60550259103219
4.57493858286985 4.62801046785345
3.85385551426594 3.59818738489396
0.218299999312875 4.59227067607704
2.09584035728528 1.15326384696943
1.19751542527961 0.0990781852472477
1.59398793791223 8.28372868912744
1.5777764486842 0.892746870317447
0.582410864653956 3.50752642507232
4.88886456398651 8.01904699911914
5.3561500491979 9.15480074304274
3.60462330501353 2.24704053569076
4.50879672720174 3.21819907464774
4.16753498586853 4.78113883791231
4.85959770913099 1.42823106821523
4.76415395302538 3.87739289025893
3.60847646555203 9.18448470849618
0.398627397730579 4.05367611989381
1.69168664876523 7.33103651073695
3.47656909666043 7.24089204314925
3.92443170077128 7.94781039580017
3.59307187375964 8.39167005682709
5.43040560219612 2.8052112537478
2.01749539236513 11.6666626292649
5.65847154533182 7.95092692415324
1.87860166467069 11.2632579458273
1.67125954775212 1.92510265707032
0.159395626124679 3.45090418623532
2.39799531727405 2.94321846240428
0.789532784835684 0.435373315815196
3.53288992804828 4.76391480734041
5.69066421540816 0.776273211937836
5.80273552280936 5.38515450113432
2.74417071694256 4.27848821534987
5.63553360961664 6.43528535709044
4.95916216862596 6.65901669641445
4.34570470314769 2.71191696020557
3.12241638951403 11.8952449323773
0.528962660603018 2.31521693332983
2.92265120923808 3.36295776410732
2.56104107839807 8.80117477670398
2.71903444757071 0.425133707825963
5.75041236209096 4.01477558693887
0.342413173991081 4.93983845640134
1.5714585920104 3.64397175501466
0.546175248377142 2.67257402496611
3.49326184252091 3.30362028859581
3.06155498975678 5.29262556385675
4.80266962765511 6.11951411127208
1.2898917943457 5.79828737390883
4.89429112478904 2.44946262324527
1.81167352150327 9.64727022390737
5.95298744078209 1.01705483054389
5.41689838714197 11.6367266989317
5.22044980399537 0.886096610779047
0.836964556947919 0.887862783041069
2.01956590381267 8.84030788708355
4.09856239125427 11.0678882118304
4.27384764920607 11.8768840736891
1.23116346564004 3.08876881058811
5.68266383075024 11.0796267973791
5.97094792904759 2.97376894109616
4.68957306241913 2.96063523110821
0.767067888840497 4.01157233444072
0.913924967740156 10.3501227103943
4.20344886918615 6.35783540836265
5.58219021675352 2.32095726639506
1.61858125721806 10.1513599108279
0.209377947986453 1.21061626643531
1.77229814121515 0.608676253708742
5.42799216490945 1.49392018500187
4.95509862896462 7.01254095677445
3.90999524427922 1.84997411771252
5.96530968576037 1.51604936513905
5.11067111719864 0.320782304162866
3.99165771463876 8.68947324312596
3.245105944028 1.67674202999072
0.187984875166795 5.7619836079544
0.907096366047207 9.47937687268449
0.194989972011621 6.71320408934597
1.34377420741146 0.610282167347066
3.01001765324487 10.5266669568187
1.59315726950276 2.23535354479361
5.29256689126491 3.83618205752139
5.11111070440153 8.82568968012342
4.34786603041284 5.29739397197285
5.68359865962657 9.83122103759846
0.790215712304571 6.29599311667003
3.09237788602504 4.43001948605566
4.63536845048106 8.3640003590612
1.33446517459824 9.05239889205965
1.11561049336395 8.32567140565167
4.03849242725444 7.63109871699477
2.54273302263514 10.1214180120593
5.86951512493322 11.5172284368762
2.85769761754147 2.4312137489269
0.530979936540158 11.5639599154451
3.37858561899935 0.554396889073937
4.73316131591259 11.7697269392329
1.51465586261406 11.3213486505859
3.88509014300329 9.32751346647554
5.30105911004013 9.64083113090235
0.59422232932826 9.62341545520872
4.85900007963494 5.26641652844157
0.89812600434668 8.94001576746592
0.914469140540364 5.28997270558375
1.32459173485671 1.86157985852548
0.701335828132528 6.76094626694161
5.25524001838937 10.1470228698162
4.62905995852637 0.165338437673605
4.34521181681967 3.9196702307796
5.84389991142558 10.6191637180969
0.211653950168677 9.17460201052653
2.77921324689221 6.63928215995594
1.87821110550744 5.95193949406093
2.17478299338004 10.8496143832663
4.75748302430959 0.996743495081737
1.07900551435741 3.70283753178328
3.35123732484321 8.75780240657074
2.3759213217426 4.79446138379085
0.800094622579055 3.26216120993475
4.50942542730362 0.603809594128677
2.18367541428252 9.75306476105633
3.49087341834737 1.91632187649703
1.51524269727345 10.5600097049383
2.60620547143746 5.76098392892567
3.43428046373695 5.56796029701583
1.56560899113163 2.77814298932893
3.2315152450629 2.97366642253498
5.33894831550387 6.00447829121318
0.571433151933145 5.53731630018133
0.308754951111306 1.65439566945434
5.48694104795856 7.247422558149
3.76963432895526 4.36654477770259
0.308150415666275 7.10283870217958
5.75692262355615 8.46565546693299
2.44712959239788 10.6980669196086
4.16827897740438 1.67397533164637
3.97729619716239 0.358107127060865
5.19942612493846 10.5782288758721
2.23832141546456 3.79968518067042
1.66396677245188 6.60879707571329
4.56378231238164 2.42440827481239
5.65599663663717 3.51569813565955
4.72379392227627 7.64346202328107
2.96058255875881 1.39288970337432
4.3802484202947 5.7604476109671
5.59109887892372 11.3901848619056
0.395284216220472 10.7941761370235
1.9994600321898 0.848158045663335
0.796169671537157 1.94538531444691
2.76246996177042 9.8668761779271
4.97063023822716 8.44981480460832
0.566168980578847 7.4759530828794
4.46829936681298 10.3934356512003
2.14134480213539 5.41400900515427
5.40590171976155 1.87049691243723
4.2670873780626 6.98699597014825
1.40475721189177 10.9300281441165
1.93544831997193 2.91806819892752
4.08138391649843 10.2810428920174
0.709381895499358 9.93342868163895
3.95713857853752 5.69002689750634
5.52204546591581 0.269819512662969
1.52264069734688 1.24702357392219
1.37520249211366 5.34614714055171
1.58386355037322 4.64475564241244
5.66160221360688 9.2246788095167
0.22891793936804 3.06750263702552
5.10278529715388 11.8942209086458
0.506056151607633 6.14223590180641
0.639158123888489 1.1979531214469
3.16194372018399 6.43740764839993
3.16628498976137 9.40629985553588
0.982088907267908 7.09248921914623
5.31602615511894 5.12162233338923
2.44981639311367 8.26095519871229
0.715420300844704 4.54929927660935
2.30384716403987 6.18224749738594
1.35307959522876 6.18997378142055
2.00824639601007 1.8736821370485
5.0701739987492 1.17958372767808
0.671439899265687 1.55503722651157
5.4556818639399 8.63782237226601
4.73535657153012 10.9922871904801
2.81929174185364 1.09129471942565
5.34594022721477 4.25654528226748
1.62654466291815 9.22107021766581
2.5668752930493 2.2414490979148
4.63299441066 6.86102666297533
1.51895213859091 8.78402818186544
0.483010184355556 0.393409414162507
1.56171117897866 11.849427023061
0.778586796969986 5.00151515298734
2.12500767001232 3.46107074123201
4.44827713583231 7.95679736500435
2.29522436483421 0.496747534964929
4.86620452912207 0.567372224519249
3.50145707930953 10.7343958120433
9.63367852738716 1.78029760049141
6.74217779543922 4.60550259103219
7.42506141713015 4.62801046785345
8.14614448573406 3.59818738489396
11.7817000006871 4.59227067607704
9.90415964271472 1.15326384696943
10.8024845747204 0.0990781852472477
10.4060120620878 8.28372868912744
10.4222235513158 0.892746870317447
11.417589135346 3.50752642507232
7.11113543601349 8.01904699911914
6.6438499508021 9.15480074304274
8.39537669498647 2.24704053569076
7.49120327279826 3.21819907464774
7.83246501413147 4.78113883791231
7.14040229086901 1.42823106821523
7.23584604697462 3.87739289025893
8.39152353444797 9.18448470849618
11.6013726022694 4.05367611989381
10.3083133512348 7.33103651073695
8.52343090333957 7.24089204314925
8.07556829922872 7.94781039580017
8.40692812624036 8.39167005682709
6.56959439780388 2.8052112537478
9.98250460763487 11.6666626292649
6.34152845466818 7.95092692415324
10.1213983353293 11.2632579458273
10.3287404522479 1.92510265707032
11.8406043738753 3.45090418623532
9.60200468272595 2.94321846240428
11.2104672151643 0.435373315815196
8.46711007195172 4.76391480734041
6.30933578459184 0.776273211937836
6.19726447719064 5.38515450113432
9.25582928305744 4.27848821534987
6.36446639038336 6.43528535709044
7.04083783137404 6.65901669641445
7.65429529685231 2.71191696020557
8.87758361048597 11.8952449323773
11.471037339397 2.31521693332983
9.07734879076192 3.36295776410732
9.43895892160193 8.80117477670398
9.28096555242929 0.425133707825963
6.24958763790904 4.01477558693887
11.6575868260089 4.93983845640134
10.4285414079896 3.64397175501466
11.4538247516229 2.67257402496611
8.50673815747908 3.30362028859581
8.93844501024322 5.29262556385675
7.19733037234489 6.11951411127208
10.7101082056543 5.79828737390883
7.10570887521096 2.44946262324527
10.1883264784967 9.64727022390737
6.04701255921791 1.01705483054389
6.58310161285803 11.6367266989317
6.77955019600463 0.886096610779047
11.1630354430521 0.887862783041069
9.98043409618733 8.84030788708355
7.90143760874573 11.0678882118304
7.72615235079393 11.8768840736891
10.76883653436 3.08876881058811
6.31733616924976 11.0796267973791
6.02905207095241 2.97376894109616
7.31042693758087 2.96063523110821
11.2329321111595 4.01157233444072
11.0860750322598 10.3501227103943
7.79655113081385 6.35783540836265
6.41780978324648 2.32095726639506
10.3814187427819 10.1513599108279
11.7906220520135 1.21061626643531
10.2277018587848 0.608676253708742
6.57200783509055 1.49392018500187
7.04490137103538 7.01254095677445
8.09000475572078 1.84997411771252
6.03469031423963 1.51604936513905
6.88932888280136 0.320782304162866
8.00834228536124 8.68947324312596
8.754894055972 1.67674202999072
11.8120151248332 5.7619836079544
11.0929036339528 9.47937687268449
11.8050100279884 6.71320408934597
10.6562257925885 0.610282167347066
8.98998234675513 10.5266669568187
10.4068427304972 2.23535354479361
6.70743310873509 3.83618205752139
6.88888929559847 8.82568968012342
7.65213396958716 5.29739397197285
6.31640134037343 9.83122103759846
11.2097842876954 6.29599311667003
8.90762211397496 4.43001948605566
7.36463154951894 8.3640003590612
10.6655348254018 9.05239889205965
10.8843895066361 8.32567140565167
7.96150757274556 7.63109871699477
9.45726697736486 10.1214180120593
6.13048487506678 11.5172284368762
9.14230238245853 2.4312137489269
11.4690200634598 11.5639599154451
8.62141438100065 0.554396889073937
7.26683868408741 11.7697269392329
10.4853441373859 11.3213486505859
8.11490985699671 9.32751346647554
6.69894088995987 9.64083113090235
11.4057776706717 9.62341545520872
7.14099992036506 5.26641652844157
11.1018739956533 8.94001576746592
11.0855308594596 5.28997270558375
10.6754082651433 1.86157985852548
11.2986641718675 6.76094626694161
6.74475998161063 10.1470228698162
7.37094004147363 0.165338437673605
7.65478818318033 3.9196702307796
6.15610008857442 10.6191637180969
11.7883460498313 9.17460201052653
9.22078675310779 6.63928215995594
10.1217888944926 5.95193949406093
9.82521700661996 10.8496143832663
7.24251697569041 0.996743495081737
10.9209944856426 3.70283753178328
8.64876267515679 8.75780240657074
9.6240786782574 4.79446138379085
11.1999053774209 3.26216120993475
7.49057457269638 0.603809594128677
9.81632458571748 9.75306476105633
8.50912658165263 1.91632187649703
10.4847573027265 10.5600097049383
9.39379452856254 5.76098392892567
8.56571953626305 5.56796029701583
10.4343910088684 2.77814298932893
8.7684847549371 2.97366642253498
6.66105168449613 6.00447829121318
11.4285668480669 5.53731630018133
11.6912450488887 1.65439566945434
6.51305895204144 7.247422558149
8.23036567104474 4.36654477770259
11.6918495843337 7.10283870217958
6.24307737644385 8.46565546693299
9.55287040760212 10.6980669196086
7.83172102259562 1.67397533164637
8.02270380283761 0.358107127060865
6.80057387506154 10.5782288758721
9.76167858453544 3.79968518067042
10.3360332275481 6.60879707571329
7.43621768761836 2.42440827481239
6.34400336336283 3.51569813565955
7.27620607772373 7.64346202328107
9.03941744124119 1.39288970337432
7.6197515797053 5.7604476109671
6.40890112107628 11.3901848619056
11.6047157837795 10.7941761370235
10.0005399678102 0.848158045663335
11.2038303284628 1.94538531444691
9.23753003822958 9.8668761779271
7.02936976177284 8.44981480460832
11.4338310194212 7.4759530828794
7.53170063318702 10.3934356512003
9.85865519786461 5.41400900515427
6.59409828023845 1.87049691243723
7.7329126219374 6.98699597014825
10.5952427881082 10.9300281441165
10.0645516800281 2.91806819892752
7.91861608350157 10.2810428920174
11.2906181045006 9.93342868163895
8.04286142146248 5.69002689750634
6.47795453408419 0.269819512662969
10.4773593026531 1.24702357392219
10.6247975078863 5.34614714055171
10.4161364496268 4.64475564241244
6.33839778639312 9.2246788095167
11.771082060632 3.06750263702552
6.89721470284612 11.8942209086458
11.4939438483924 6.14223590180641
11.3608418761115 1.1979531214469
8.83805627981601 6.43740764839993
8.83371501023863 9.40629985553588
11.0179110927321 7.09248921914623
6.68397384488106 5.12162233338923
9.55018360688633 8.26095519871229
11.2845796991553 4.54929927660935
9.69615283596013 6.18224749738594
10.6469204047712 6.18997378142055
9.99175360398993 1.8736821370485
6.9298260012508 1.17958372767808
11.3285601007343 1.55503722651157
6.5443181360601 8.63782237226601
7.26464342846988 10.9922871904801
9.18070825814636 1.09129471942565
6.65405977278523 4.25654528226748
10.3734553370819 9.22107021766581
9.43312470695069 2.2414490979148
7.36700558934 6.86102666297533
10.4810478614091 8.78402818186544
11.5169898156444 0.393409414162507
10.4382888210213 11.849427023061
11.22141320303 5.00151515298734
9.87499232998768 3.46107074123201
7.55172286416769 7.95679736500435
9.70477563516579 0.496747534964929
7.13379547087793 0.567372224519249
8.49854292069047 10.7343958120433
