0.590194100866142 0.699874570224768
0.645169373143025 1.44239226922294
0.731928847982064 2.07555557507622
0.732752977675719 2.66884291403449
0.726714935517564 3.56016905838354
0.78522955478952 4.14607082137577
0.82590490358258 4.83880069368441
0.710623020836121 5.49547750141832
0.664720760200489 6.22445487749611
0.678869914768426 6.97194739343137
0.776972423765446 7.90814005888203
0.777177623727537 8.46184080502128
0.66786161269397 9.23061701296836
0.52166372896167 10.0334682242907
0.715931420906552 10.7182569538252
0.759694434258658 11.3553755894985
1.41240038581291 0.723094540779379
1.42485446634607 1.37165489066896
1.46309172280123 1.94788861457945
1.57320662553851 2.83498162788556
1.3540067790131 3.34858691997481
1.57048026386925 4.11568782168615
1.31948241024575 4.98699947718656
1.51817963123035 5.76150744111101
1.42520882722663 6.32538301070857
1.28603867501359 6.97810379448455
1.42148650155469 7.65577982194041
1.56933609663464 8.63697889678736
1.2460655451584 9.35798586141699
1.55225171955078 9.86955296646176
1.49700931508091 10.5231819483415
1.29320226004189 11.2348833484449
1.97232816913159 0.778099387134982
2.15705919504307 1.31005741047173
2.1120548275153 2.24121865723568
2.15306498920557 2.75839437953649
2.23978011260426 3.49286952594461
1.95571207195532 4.26743779917717
2.01727928105905 4.82743969772642
2.19165057226652 5.65224706937956
2.27746456548538 6.37303615914701
2.22457038361478 6.95963437047876
1.98307084755697 7.88603219159906
1.99904462824555 8.35809796737069
2.28837349391267 9.32697628197386
2.07273828242655 9.88873738750428
2.23798631479568 10.5061249003706
2.06389433625949 11.1166363997821
2.87208358750986 0.597095239456872
2.90222167150094 1.5604797144908
2.86023865868169 1.99922340903258
2.88232214844614 2.78070539957541
2.96055302315639 3.49925553547207
2.67075738746339 4.15925194328692
2.92177352708989 5.05195374032227
2.94968722290522 5.6412021117286
2.75415171911462 6.44975742275296
2.89266171681293 7.038177359153
2.95705822366579 7.65463140401706
2.96790220702718 8.36022770530709
2.76246274402615 9.14260544282946
2.95614016758702 9.7796081134059
2.98078580907422 10.7062469423245
2.64104541907174 11.4242955208597
3.71040647116478 0.604976527410007
3.64071463868662 1.54898392020537
3.56368280005613 1.94949536885438
3.33790223899475 2.79791958254702
3.69040042259756 3.5619217739451
3.65915578564523 4.26940228666115
3.43943266053558 4.89694779701753
3.66400258148024 5.7109874291993
3.65662483799933 6.52646461282223
3.40648900893367 6.92412661592106
3.62620982072308 7.59522325507659
3.69457228027529 8.43649139320085
3.5493856577991 9.08416464668602
3.4479783317192 9.91601449947856
3.4036615663243 10.5035758813837
3.44770099835974 11.1046099114978
4.34756437724459 0.517391709505325
4.04292399201472 1.27642257045678
4.25205532948548 2.28365527685403
4.20993611279421 2.6730528701547
4.32723811642871 3.4596431164036
4.27980121898918 4.16375577947504
4.17269891079643 4.75409535076604
4.41717283228955 5.68588029997596
4.12970863265055 6.4430987882971
4.21305599725384 7.20881571702447
4.06392261065194 7.66222880663984
4.1388095813638 8.61609016596676
4.16254020026714 9.28037008227238
4.08195845159815 10.0187727132287
4.26674121632423 10.5614791212815
4.23164244765215 11.2501691959434
5.03999056489443 0.766526369531946
4.7918128119008 1.40051269824782
4.77728304447186 2.16955638462201
5.07096712462302 2.80580709231104
4.99903671030179 3.6539210919298
4.95621455654247 4.25021193261447
4.79141913360758 4.83928972426597
5.02022421747557 5.78585030658222
4.79341073616283 6.47397587471841
4.91440250183851 7.08133657477395
4.92690893817855 7.63638304082047
4.8183950833486 8.64353242062214
4.82758170334106 9.18461021726447
4.81436833559171 9.8998400999007
5.09502845396568 10.4863959872079
4.83457907703337 11.3658698703116
5.52037118990297 0.737038941814873
5.62037364482222 1.51214482204689
5.67519305451738 2.27591441823441
5.48457649999348 2.86373483198074
5.8169775474462 3.51695577060514
5.6584677367845 4.12377678273422
5.79746813702978 5.1081292296669
5.70821328091047 5.7641262380046
5.80585118942889 6.24116490371612
5.70462041146483 7.11240729931575
5.46407248203183 7.71820908979384
5.74407873828979 8.58613557160785
5.76133852657483 9.06438532114533
5.71769192315832 9.88012780069552
5.80248085764995 10.4236706363272
5.70896559028165 11.1993313031018
11.4098058991339 0.699874570224768
11.354830626857 1.44239226922294
11.2680711520179 2.07555557507622
11.2672470223243 2.66884291403449
11.2732850644824 3.56016905838354
11.2147704452105 4.14607082137577
11.1740950964174 4.83880069368441
11.2893769791639 5.49547750141832
11.3352792397995 6.22445487749611
11.3211300852316 6.97194739343137
11.2230275762346 7.90814005888203
11.2228223762725 8.46184080502128
11.332138387306 9.23061701296836
11.4783362710383 10.0334682242907
11.2840685790934 10.7182569538252
11.2403055657413 11.3553755894985
10.5875996141871 0.723094540779379
10.5751455336539 1.37165489066896
10.5369082771988 1.94788861457945
10.4267933744615 2.83498162788556
10.6459932209869 3.34858691997481
10.4295197361308 4.11568782168615
10.6805175897542 4.98699947718656
10.4818203687696 5.76150744111101
10.5747911727734 6.32538301070857
10.7139613249864 6.97810379448455
10.5785134984453 7.65577982194041
10.4306639033654 8.63697889678736
10.7539344548416 9.35798586141699
10.4477482804492 9.86955296646176
10.5029906849191 10.5231819483415
10.7067977399581 11.2348833484449
10.0276718308684 0.778099387134982
9.84294080495693 1.31005741047173
9.8879451724847 2.24121865723568
9.84693501079443 2.75839437953649
9.76021988739574 3.49286952594461
10.0442879280447 4.26743779917717
9.98272071894095 4.82743969772642
9.80834942773348 5.65224706937956
9.72253543451462 6.37303615914701
9.77542961638522 6.95963437047876
10.016929152443 7.88603219159906
10.0009553717545 8.35809796737069
9.71162650608733 9.32697628197386
9.92726171757345 9.88873738750428
9.76201368520432 10.5061249003706
9.93610566374051 11.1166363997821
9.12791641249014 0.597095239456872
9.09777832849906 1.5604797144908
9.13976134131831 1.99922340903258
9.11767785155386 2.78070539957541
9.03944697684361 3.49925553547207
9.32924261253661 4.15925194328692
9.07822647291011 5.05195374032227
9.05031277709478 5.6412021117286
9.24584828088538 6.44975742275296
9.10733828318707 7.038177359153
9.04294177633421 7.65463140401706
9.03209779297282 8.36022770530709
9.23753725597385 9.14260544282946
9.04385983241298 9.7796081134059
9.01921419092578 10.7062469423245
9.35895458092826 11.4242955208597
8.28959352883522 0.604976527410007
8.35928536131338 1.54898392020537
8.43631719994387 1.94949536885438
8.66209776100525 2.79791958254702
8.30959957740244 3.5619217739451
8.34084421435477 4.26940228666115
8.56056733946442 4.89694779701753
8.33599741851976 5.7109874291993
8.34337516200067 6.52646461282223
8.59351099106633 6.92412661592106
8.37379017927692 7.59522325507659
8.30542771972472 8.43649139320085
8.4506143422009 9.08416464668602
8.5520216682808 9.91601449947856
8.5963384336757 10.5035758813837
8.55229900164026 11.1046099114978
7.65243562275541 0.517391709505325
7.95707600798528 1.27642257045678
7.74794467051452 2.28365527685403
7.79006388720579 2.6730528701547
7.67276188357129 3.4596431164036
7.72019878101082 4.16375577947504
7.82730108920357 4.75409535076604
7.58282716771045 5.68588029997596
7.87029136734945 6.4430987882971
7.78694400274616 7.20881571702447
7.93607738934806 7.66222880663984
7.8611904186362 8.61609016596676
7.83745979973286 9.28037008227238
7.91804154840185 10.0187727132287
7.73325878367577 10.5614791212815
7.76835755234785 11.2501691959434
6.96000943510557 0.766526369531946
7.2081871880992 1.40051269824782
7.22271695552814 2.16955638462201
6.92903287537698 2.80580709231104
7.00096328969821 3.6539210919298
7.04378544345753 4.25021193261447
7.20858086639242 4.83928972426597
6.97977578252443 5.78585030658222
7.20658926383717 6.47397587471841
7.08559749816149 7.08133657477395
7.07309106182145 7.63638304082047
7.1816049166514 8.64353242062214
7.17241829665894 9.18461021726447
7.18563166440829 9.8998400999007
6.90497154603432 10.4863959872079
7.16542092296663 11.3658698703116
6.47962881009703 0.737038941814873
6.37962635517778 1.51214482204689
6.32480694548262 2.27591441823441
6.51542350000652 2.86373483198074
6.1830224525538 3.51695577060514
6.3415322632155 4.12377678273422
6.20253186297022 5.1081292296669
6.29178671908953 5.7641262380046
6.19414881057111 6.24116490371612
6.29537958853517 7.11240729931575
6.53592751796817 7.71820908979384
6.25592126171021 8.58613557160785
6.23866147342517 9.06438532114533
6.28230807684168 9.88012780069552
6.19751914235005 10.4236706363272
6.29103440971835 11.1993313031018
0 0
0.705882352941177 -0
1.41176470588235 -0
2.11764705882353 -0
2.82352941176471 -0
3.52941176470588 -0
4.23529411764706 -0
4.94117647058824 -0
5.64705882352941 -0
6.35294117647059 0
7.05882352941176 0
7.76470588235294 0
8.47058823529412 0
9.17647058823529 0
9.88235294117647 0
10.5882352941176 0
11.2941176470588 0
12 0
12 0.705882352941177
12 1.41176470588235
12 2.11764705882353
12 2.82352941176471
12 3.52941176470588
12 4.23529411764706
12 4.94117647058824
12 5.64705882352941
12 6.35294117647059
12 7.05882352941176
12 7.76470588235294
12 8.47058823529412
12 9.17647058823529
12 9.88235294117647
12 10.5882352941176
12 11.2941176470588
12 12
11.2941176470588 12
10.5882352941176 12
9.88235294117647 12
9.17647058823529 12
8.47058823529412 12
7.76470588235294 12
7.05882352941176 12
6.35294117647059 12
5.64705882352941 12
4.94117647058824 12
4.23529411764706 12
3.52941176470588 12
2.82352941176471 12
2.11764705882353 12
1.41176470588235 12
0.705882352941177 12
0 12
0 11.2941176470588
0 10.5882352941176
0 9.88235294117647
0 9.17647058823529
0 8.47058823529412
0 7.76470588235294
0 7.05882352941176
0 6.35294117647059
-0 5.64705882352941
-0 4.94117647058824
-0 4.23529411764706
-0 3.52941176470588
-0 2.82352941176471
-0 2.11764705882353
-0 1.41176470588235
-0 0.705882352941177
