1 2 0.590194100866142 0.699874570224768 0.645169373143025 1.44239226922294
1 17 0.590194100866142 0.699874570224768 1.41240038581291 0.723094540779379
1 257 0.590194100866142 0.699874570224768 0 0
1 258 0.590194100866142 0.699874570224768 0.705882352941177 -0
1 323 0.590194100866142 0.699874570224768 -0 1.41176470588235
1 324 0.590194100866142 0.699874570224768 -0 0.705882352941177
2 3 0.645169373143025 1.44239226922294 0.731928847982064 2.07555557507622
2 17 0.645169373143025 1.44239226922294 1.41240038581291 0.723094540779379
2 18 0.645169373143025 1.44239226922294 1.42485446634607 1.37165489066896
2 19 0.645169373143025 1.44239226922294 1.46309172280123 1.94788861457945
2 322 0.645169373143025 1.44239226922294 -0 2.11764705882353
2 323 0.645169373143025 1.44239226922294 -0 1.41176470588235
3 4 0.731928847982064 2.07555557507622 0.732752977675719 2.66884291403449
3 19 0.731928847982064 2.07555557507622 1.46309172280123 1.94788861457945
3 322 0.731928847982064 2.07555557507622 -0 2.11764705882353
4 5 0.732752977675719 2.66884291403449 0.726714935517564 3.56016905838354
4 19 0.732752977675719 2.66884291403449 1.46309172280123 1.94788861457945
4 20 0.732752977675719 2.66884291403449 1.57320662553851 2.83498162788556
4 21 0.732752977675719 2.66884291403449 1.3540067790131 3.34858691997481
4 321 0.732752977675719 2.66884291403449 -0 2.82352941176471
4 322 0.732752977675719 2.66884291403449 -0 2.11764705882353
5 6 0.726714935517564 3.56016905838354 0.78522955478952 4.14607082137577
5 21 0.726714935517564 3.56016905838354 1.3540067790131 3.34858691997481
5 319 0.726714935517564 3.56016905838354 -0 4.23529411764706
5 320 0.726714935517564 3.56016905838354 -0 3.52941176470588
5 321 0.726714935517564 3.56016905838354 -0 2.82352941176471
6 7 0.78522955478952 4.14607082137577 0.82590490358258 4.83880069368441
6 21 0.78522955478952 4.14607082137577 1.3540067790131 3.34858691997481
6 22 0.78522955478952 4.14607082137577 1.57048026386925 4.11568782168615
6 319 0.78522955478952 4.14607082137577 -0 4.23529411764706
7 8 0.82590490358258 4.83880069368441 0.710623020836121 5.49547750141832
7 22 0.82590490358258 4.83880069368441 1.57048026386925 4.11568782168615
7 23 0.82590490358258 4.83880069368441 1.31948241024575 4.98699947718656
7 318 0.82590490358258 4.83880069368441 -0 4.94117647058824
7 319 0.82590490358258 4.83880069368441 -0 4.23529411764706
8 9 0.710623020836121 5.49547750141832 0.664720760200489 6.22445487749611
8 23 0.710623020836121 5.49547750141832 1.31948241024575 4.98699947718656
8 24 0.710623020836121 5.49547750141832 1.51817963123035 5.76150744111101
8 317 0.710623020836121 5.49547750141832 -0 5.64705882352941
8 318 0.710623020836121 5.49547750141832 -0 4.94117647058824
9 10 0.664720760200489 6.22445487749611 0.678869914768426 6.97194739343137
9 24 0.664720760200489 6.22445487749611 1.51817963123035 5.76150744111101
9 25 0.664720760200489 6.22445487749611 1.42520882722663 6.32538301070857
9 26 0.664720760200489 6.22445487749611 1.28603867501359 6.97810379448455
9 316 0.664720760200489 6.22445487749611 0 6.35294117647059
9 317 0.664720760200489 6.22445487749611 -0 5.64705882352941
10 11 0.678869914768426 6.97194739343137 0.776972423765446 7.90814005888203
10 26 0.678869914768426 6.97194739343137 1.28603867501359 6.97810379448455
10 27 0.678869914768426 6.97194739343137 1.42148650155469 7.65577982194041
10 314 0.678869914768426 6.97194739343137 0 7.76470588235294
10 315 0.678869914768426 6.97194739343137 0 7.05882352941176
10 316 0.678869914768426 6.97194739343137 0 6.35294117647059
11 12 0.776972423765446 7.90814005888203 0.777177623727537 8.46184080502128
11 27 0.776972423765446 7.90814005888203 1.42148650155469 7.65577982194041
11 28 0.776972423765446 7.90814005888203 1.56933609663464 8.63697889678736
11 313 0.776972423765446 7.90814005888203 0 8.47058823529412
11 314 0.776972423765446 7.90814005888203 0 7.76470588235294
12 13 0.777177623727537 8.46184080502128 0.66786161269397 9.23061701296836
12 28 0.777177623727537 8.46184080502128 1.56933609663464 8.63697889678736
12 29 0.777177623727537 8.46184080502128 1.2460655451584 9.35798586141699
12 313 0.777177623727537 8.46184080502128 0 8.47058823529412
13 14 0.66786161269397 9.23061701296836 0.52166372896167 10.0334682242907
13 29 0.66786161269397 9.23061701296836 1.2460655451584 9.35798586141699
13 311 0.66786161269397 9.23061701296836 0 9.88235294117647
13 312 0.66786161269397 9.23061701296836 0 9.17647058823529
13 313 0.66786161269397 9.23061701296836 0 8.47058823529412
14 15 0.52166372896167 10.0334682242907 0.715931420906552 10.7182569538252
14 29 0.52166372896167 10.0334682242907 1.2460655451584 9.35798586141699
14 30 0.52166372896167 10.0334682242907 1.55225171955078 9.86955296646176
14 31 0.52166372896167 10.0334682242907 1.49700931508091 10.5231819483415
14 310 0.52166372896167 10.0334682242907 0 10.5882352941176
14 311 0.52166372896167 10.0334682242907 0 9.88235294117647
15 16 0.715931420906552 10.7182569538252 0.759694434258658 11.3553755894985
15 31 0.715931420906552 10.7182569538252 1.49700931508091 10.5231819483415
15 32 0.715931420906552 10.7182569538252 1.29320226004189 11.2348833484449
15 309 0.715931420906552 10.7182569538252 0 11.2941176470588
15 310 0.715931420906552 10.7182569538252 0 10.5882352941176
16 32 0.759694434258658 11.3553755894985 1.29320226004189 11.2348833484449
16 306 0.759694434258658 11.3553755894985 1.41176470588235 12
16 307 0.759694434258658 11.3553755894985 0.705882352941177 12
16 309 0.759694434258658 11.3553755894985 0 11.2941176470588
17 18 1.41240038581291 0.723094540779379 1.42485446634607 1.37165489066896
17 33 1.41240038581291 0.723094540779379 1.97232816913159 0.778099387134982
17 258 1.41240038581291 0.723094540779379 0.705882352941177 -0
17 259 1.41240038581291 0.723094540779379 1.41176470588235 -0
18 19 1.42485446634607 1.37165489066896 1.46309172280123 1.94788861457945
18 33 1.42485446634607 1.37165489066896 1.97232816913159 0.778099387134982
18 34 1.42485446634607 1.37165489066896 2.15705919504307 1.31005741047173
19 20 1.46309172280123 1.94788861457945 1.57320662553851 2.83498162788556
19 34 1.46309172280123 1.94788861457945 2.15705919504307 1.31005741047173
19 35 1.46309172280123 1.94788861457945 2.1120548275153 2.24121865723568
20 21 1.57320662553851 2.83498162788556 1.3540067790131 3.34858691997481
20 35 1.57320662553851 2.83498162788556 2.1120548275153 2.24121865723568
20 36 1.57320662553851 2.83498162788556 2.15306498920557 2.75839437953649
20 37 1.57320662553851 2.83498162788556 2.23978011260426 3.49286952594461
21 22 1.3540067790131 3.34858691997481 1.57048026386925 4.11568782168615
21 37 1.3540067790131 3.34858691997481 2.23978011260426 3.49286952594461
22 23 1.57048026386925 4.11568782168615 1.31948241024575 4.98699947718656
22 37 1.57048026386925 4.11568782168615 2.23978011260426 3.49286952594461
22 38 1.57048026386925 4.11568782168615 1.95571207195532 4.26743779917717
22 39 1.57048026386925 4.11568782168615 2.01727928105905 4.82743969772642
23 24 1.31948241024575 4.98699947718656 1.51817963123035 5.76150744111101
23 39 1.31948241024575 4.98699947718656 2.01727928105905 4.82743969772642
24 25 1.51817963123035 5.76150744111101 1.42520882722663 6.32538301070857
24 39 1.51817963123035 5.76150744111101 2.01727928105905 4.82743969772642
24 40 1.51817963123035 5.76150744111101 2.19165057226652 5.65224706937956
24 41 1.51817963123035 5.76150744111101 2.27746456548538 6.37303615914701
25 26 1.42520882722663 6.32538301070857 1.28603867501359 6.97810379448455
25 41 1.42520882722663 6.32538301070857 2.27746456548538 6.37303615914701
25 42 1.42520882722663 6.32538301070857 2.22457038361478 6.95963437047876
26 27 1.28603867501359 6.97810379448455 1.42148650155469 7.65577982194041
26 42 1.28603867501359 6.97810379448455 2.22457038361478 6.95963437047876
27 28 1.42148650155469 7.65577982194041 1.56933609663464 8.63697889678736
27 42 1.42148650155469 7.65577982194041 2.22457038361478 6.95963437047876
27 43 1.42148650155469 7.65577982194041 1.98307084755697 7.88603219159906
27 44 1.42148650155469 7.65577982194041 1.99904462824555 8.35809796737069
28 29 1.56933609663464 8.63697889678736 1.2460655451584 9.35798586141699
28 44 1.56933609663464 8.63697889678736 1.99904462824555 8.35809796737069
28 45 1.56933609663464 8.63697889678736 2.28837349391267 9.32697628197386
29 30 1.2460655451584 9.35798586141699 1.55225171955078 9.86955296646176
29 45 1.2460655451584 9.35798586141699 2.28837349391267 9.32697628197386
30 31 1.55225171955078 9.86955296646176 1.49700931508091 10.5231819483415
30 45 1.55225171955078 9.86955296646176 2.28837349391267 9.32697628197386
30 46 1.55225171955078 9.86955296646176 2.07273828242655 9.88873738750428
31 32 1.49700931508091 10.5231819483415 1.29320226004189 11.2348833484449
31 46 1.49700931508091 10.5231819483415 2.07273828242655 9.88873738750428
31 47 1.49700931508091 10.5231819483415 2.23798631479568 10.5061249003706
31 48 1.49700931508091 10.5231819483415 2.06389433625949 11.1166363997821
32 48 1.29320226004189 11.2348833484449 2.06389433625949 11.1166363997821
32 306 1.29320226004189 11.2348833484449 1.41176470588235 12
33 34 1.97232816913159 0.778099387134982 2.15705919504307 1.31005741047173
33 49 1.97232816913159 0.778099387134982 2.87208358750986 0.597095239456872
33 259 1.97232816913159 0.778099387134982 1.41176470588235 -0
33 260 1.97232816913159 0.778099387134982 2.11764705882353 -0
34 35 2.15705919504307 1.31005741047173 2.1120548275153 2.24121865723568
34 49 2.15705919504307 1.31005741047173 2.87208358750986 0.597095239456872
34 50 2.15705919504307 1.31005741047173 2.90222167150094 1.5604797144908
34 51 2.15705919504307 1.31005741047173 2.86023865868169 1.99922340903258
35 36 2.1120548275153 2.24121865723568 2.15306498920557 2.75839437953649
35 51 2.1120548275153 2.24121865723568 2.86023865868169 1.99922340903258
35 52 2.1120548275153 2.24121865723568 2.88232214844614 2.78070539957541
36 37 2.15306498920557 2.75839437953649 2.23978011260426 3.49286952594461
36 52 2.15306498920557 2.75839437953649 2.88232214844614 2.78070539957541
37 38 2.23978011260426 3.49286952594461 1.95571207195532 4.26743779917717
37 52 2.23978011260426 3.49286952594461 2.88232214844614 2.78070539957541
37 53 2.23978011260426 3.49286952594461 2.96055302315639 3.49925553547207
37 54 2.23978011260426 3.49286952594461 2.67075738746339 4.15925194328692
38 39 1.95571207195532 4.26743779917717 2.01727928105905 4.82743969772642
38 54 1.95571207195532 4.26743779917717 2.67075738746339 4.15925194328692
39 40 2.01727928105905 4.82743969772642 2.19165057226652 5.65224706937956
39 54 2.01727928105905 4.82743969772642 2.67075738746339 4.15925194328692
39 55 2.01727928105905 4.82743969772642 2.92177352708989 5.05195374032227
40 41 2.19165057226652 5.65224706937956 2.27746456548538 6.37303615914701
40 55 2.19165057226652 5.65224706937956 2.92177352708989 5.05195374032227
40 56 2.19165057226652 5.65224706937956 2.94968722290522 5.6412021117286
41 42 2.27746456548538 6.37303615914701 2.22457038361478 6.95963437047876
41 56 2.27746456548538 6.37303615914701 2.94968722290522 5.6412021117286
41 57 2.27746456548538 6.37303615914701 2.75415171911462 6.44975742275296
42 43 2.22457038361478 6.95963437047876 1.98307084755697 7.88603219159906
42 57 2.22457038361478 6.95963437047876 2.75415171911462 6.44975742275296
42 58 2.22457038361478 6.95963437047876 2.89266171681293 7.038177359153
42 59 2.22457038361478 6.95963437047876 2.95705822366579 7.65463140401706
43 44 1.98307084755697 7.88603219159906 1.99904462824555 8.35809796737069
43 59 1.98307084755697 7.88603219159906 2.95705822366579 7.65463140401706
43 60 1.98307084755697 7.88603219159906 2.96790220702718 8.36022770530709
44 45 1.99904462824555 8.35809796737069 2.28837349391267 9.32697628197386
44 60 1.99904462824555 8.35809796737069 2.96790220702718 8.36022770530709
44 61 1.99904462824555 8.35809796737069 2.76246274402615 9.14260544282946
45 46 2.28837349391267 9.32697628197386 2.07273828242655 9.88873738750428
45 61 2.28837349391267 9.32697628197386 2.76246274402615 9.14260544282946
45 62 2.28837349391267 9.32697628197386 2.95614016758702 9.7796081134059
46 47 2.07273828242655 9.88873738750428 2.23798631479568 10.5061249003706
46 62 2.07273828242655 9.88873738750428 2.95614016758702 9.7796081134059
47 48 2.23798631479568 10.5061249003706 2.06389433625949 11.1166363997821
47 62 2.23798631479568 10.5061249003706 2.95614016758702 9.7796081134059
47 63 2.23798631479568 10.5061249003706 2.98078580907422 10.7062469423245
48 63 2.06389433625949 11.1166363997821 2.98078580907422 10.7062469423245
48 64 2.06389433625949 11.1166363997821 2.64104541907174 11.4242955208597
48 305 2.06389433625949 11.1166363997821 2.11764705882353 12
48 306 2.06389433625949 11.1166363997821 1.41176470588235 12
49 50 2.87208358750986 0.597095239456872 2.90222167150094 1.5604797144908
49 65 2.87208358750986 0.597095239456872 3.71040647116478 0.604976527410007
49 66 2.87208358750986 0.597095239456872 3.64071463868662 1.54898392020537
49 260 2.87208358750986 0.597095239456872 2.11764705882353 -0
49 261 2.87208358750986 0.597095239456872 2.82352941176471 -0
49 262 2.87208358750986 0.597095239456872 3.52941176470588 -0
50 51 2.90222167150094 1.5604797144908 2.86023865868169 1.99922340903258
50 66 2.90222167150094 1.5604797144908 3.64071463868662 1.54898392020537
50 67 2.90222167150094 1.5604797144908 3.56368280005613 1.94949536885438
51 52 2.86023865868169 1.99922340903258 2.88232214844614 2.78070539957541
51 67 2.86023865868169 1.99922340903258 3.56368280005613 1.94949536885438
51 68 2.86023865868169 1.99922340903258 3.33790223899475 2.79791958254702
52 53 2.88232214844614 2.78070539957541 2.96055302315639 3.49925553547207
52 68 2.88232214844614 2.78070539957541 3.33790223899475 2.79791958254702
53 54 2.96055302315639 3.49925553547207 2.67075738746339 4.15925194328692
53 68 2.96055302315639 3.49925553547207 3.33790223899475 2.79791958254702
53 69 2.96055302315639 3.49925553547207 3.69040042259756 3.5619217739451
53 70 2.96055302315639 3.49925553547207 3.65915578564523 4.26940228666115
54 55 2.67075738746339 4.15925194328692 2.92177352708989 5.05195374032227
54 70 2.67075738746339 4.15925194328692 3.65915578564523 4.26940228666115
54 71 2.67075738746339 4.15925194328692 3.43943266053558 4.89694779701753
55 56 2.92177352708989 5.05195374032227 2.94968722290522 5.6412021117286
55 71 2.92177352708989 5.05195374032227 3.43943266053558 4.89694779701753
56 57 2.94968722290522 5.6412021117286 2.75415171911462 6.44975742275296
56 71 2.94968722290522 5.6412021117286 3.43943266053558 4.89694779701753
56 72 2.94968722290522 5.6412021117286 3.66400258148024 5.7109874291993
56 73 2.94968722290522 5.6412021117286 3.65662483799933 6.52646461282223
57 58 2.75415171911462 6.44975742275296 2.89266171681293 7.038177359153
57 73 2.75415171911462 6.44975742275296 3.65662483799933 6.52646461282223
57 74 2.75415171911462 6.44975742275296 3.40648900893367 6.92412661592106
58 59 2.89266171681293 7.038177359153 2.95705822366579 7.65463140401706
58 74 2.89266171681293 7.038177359153 3.40648900893367 6.92412661592106
59 60 2.95705822366579 7.65463140401706 2.96790220702718 8.36022770530709
59 74 2.95705822366579 7.65463140401706 3.40648900893367 6.92412661592106
59 75 2.95705822366579 7.65463140401706 3.62620982072308 7.59522325507659
60 61 2.96790220702718 8.36022770530709 2.76246274402615 9.14260544282946
60 75 2.96790220702718 8.36022770530709 3.62620982072308 7.59522325507659
60 76 2.96790220702718 8.36022770530709 3.69457228027529 8.43649139320085
60 77 2.96790220702718 8.36022770530709 3.5493856577991 9.08416464668602
61 62 2.76246274402615 9.14260544282946 2.95614016758702 9.7796081134059
61 77 2.76246274402615 9.14260544282946 3.5493856577991 9.08416464668602
62 63 2.95614016758702 9.7796081134059 2.98078580907422 10.7062469423245
62 77 2.95614016758702 9.7796081134059 3.5493856577991 9.08416464668602
62 78 2.95614016758702 9.7796081134059 3.4479783317192 9.91601449947856
62 79 2.95614016758702 9.7796081134059 3.4036615663243 10.5035758813837
63 64 2.98078580907422 10.7062469423245 2.64104541907174 11.4242955208597
63 79 2.98078580907422 10.7062469423245 3.4036615663243 10.5035758813837
63 80 2.98078580907422 10.7062469423245 3.44770099835974 11.1046099114978
64 80 2.64104541907174 11.4242955208597 3.44770099835974 11.1046099114978
64 304 2.64104541907174 11.4242955208597 2.82352941176471 12
64 305 2.64104541907174 11.4242955208597 2.11764705882353 12
65 66 3.71040647116478 0.604976527410007 3.64071463868662 1.54898392020537
65 81 3.71040647116478 0.604976527410007 4.34756437724459 0.517391709505325
65 82 3.71040647116478 0.604976527410007 4.04292399201472 1.27642257045678
65 262 3.71040647116478 0.604976527410007 3.52941176470588 -0
65 263 3.71040647116478 0.604976527410007 4.23529411764706 -0
66 67 3.64071463868662 1.54898392020537 3.56368280005613 1.94949536885438
66 82 3.64071463868662 1.54898392020537 4.04292399201472 1.27642257045678
66 83 3.64071463868662 1.54898392020537 4.25205532948548 2.28365527685403
67 68 3.56368280005613 1.94949536885438 3.33790223899475 2.79791958254702
67 83 3.56368280005613 1.94949536885438 4.25205532948548 2.28365527685403
67 84 3.56368280005613 1.94949536885438 4.20993611279421 2.6730528701547
68 69 3.33790223899475 2.79791958254702 3.69040042259756 3.5619217739451
68 84 3.33790223899475 2.79791958254702 4.20993611279421 2.6730528701547
69 70 3.69040042259756 3.5619217739451 3.65915578564523 4.26940228666115
69 84 3.69040042259756 3.5619217739451 4.20993611279421 2.6730528701547
69 85 3.69040042259756 3.5619217739451 4.32723811642871 3.4596431164036
69 86 3.69040042259756 3.5619217739451 4.27980121898918 4.16375577947504
70 71 3.65915578564523 4.26940228666115 3.43943266053558 4.89694779701753
70 86 3.65915578564523 4.26940228666115 4.27980121898918 4.16375577947504
70 87 3.65915578564523 4.26940228666115 4.17269891079643 4.75409535076604
71 72 3.43943266053558 4.89694779701753 3.66400258148024 5.7109874291993
71 87 3.43943266053558 4.89694779701753 4.17269891079643 4.75409535076604
72 73 3.66400258148024 5.7109874291993 3.65662483799933 6.52646461282223
72 87 3.66400258148024 5.7109874291993 4.17269891079643 4.75409535076604
72 88 3.66400258148024 5.7109874291993 4.41717283228955 5.68588029997596
72 89 3.66400258148024 5.7109874291993 4.12970863265055 6.4430987882971
73 74 3.65662483799933 6.52646461282223 3.40648900893367 6.92412661592106
73 89 3.65662483799933 6.52646461282223 4.12970863265055 6.4430987882971
73 90 3.65662483799933 6.52646461282223 4.21305599725384 7.20881571702447
74 75 3.40648900893367 6.92412661592106 3.62620982072308 7.59522325507659
74 90 3.40648900893367 6.92412661592106 4.21305599725384 7.20881571702447
75 76 3.62620982072308 7.59522325507659 3.69457228027529 8.43649139320085
75 90 3.62620982072308 7.59522325507659 4.21305599725384 7.20881571702447
75 91 3.62620982072308 7.59522325507659 4.06392261065194 7.66222880663984
76 77 3.69457228027529 8.43649139320085 3.5493856577991 9.08416464668602
76 91 3.69457228027529 8.43649139320085 4.06392261065194 7.66222880663984
76 92 3.69457228027529 8.43649139320085 4.1388095813638 8.61609016596676
77 78 3.5493856577991 9.08416464668602 3.4479783317192 9.91601449947856
77 92 3.5493856577991 9.08416464668602 4.1388095813638 8.61609016596676
77 93 3.5493856577991 9.08416464668602 4.16254020026714 9.28037008227238
78 79 3.4479783317192 9.91601449947856 3.4036615663243 10.5035758813837
78 93 3.4479783317192 9.91601449947856 4.16254020026714 9.28037008227238
78 94 3.4479783317192 9.91601449947856 4.08195845159815 10.0187727132287
79 80 3.4036615663243 10.5035758813837 3.44770099835974 11.1046099114978
79 94 3.4036615663243 10.5035758813837 4.08195845159815 10.0187727132287
79 95 3.4036615663243 10.5035758813837 4.26674121632423 10.5614791212815
80 95 3.44770099835974 11.1046099114978 4.26674121632423 10.5614791212815
80 96 3.44770099835974 11.1046099114978 4.23164244765215 11.2501691959434
80 303 3.44770099835974 11.1046099114978 3.52941176470588 12
80 304 3.44770099835974 11.1046099114978 2.82352941176471 12
81 82 4.34756437724459 0.517391709505325 4.04292399201472 1.27642257045678
81 97 4.34756437724459 0.517391709505325 5.03999056489443 0.766526369531946
81 98 4.34756437724459 0.517391709505325 4.7918128119008 1.40051269824782
81 263 4.34756437724459 0.517391709505325 4.23529411764706 -0
81 264 4.34756437724459 0.517391709505325 4.94117647058824 -0
82 83 4.04292399201472 1.27642257045678 4.25205532948548 2.28365527685403
82 98 4.04292399201472 1.27642257045678 4.7918128119008 1.40051269824782
83 84 4.25205532948548 2.28365527685403 4.20993611279421 2.6730528701547
83 98 4.25205532948548 2.28365527685403 4.7918128119008 1.40051269824782
83 99 4.25205532948548 2.28365527685403 4.77728304447186 2.16955638462201
84 85 4.20993611279421 2.6730528701547 4.32723811642871 3.4596431164036
84 99 4.20993611279421 2.6730528701547 4.77728304447186 2.16955638462201
84 100 4.20993611279421 2.6730528701547 5.07096712462302 2.80580709231104
85 86 4.32723811642871 3.4596431164036 4.27980121898918 4.16375577947504
85 100 4.32723811642871 3.4596431164036 5.07096712462302 2.80580709231104
85 101 4.32723811642871 3.4596431164036 4.99903671030179 3.6539210919298
86 87 4.27980121898918 4.16375577947504 4.17269891079643 4.75409535076604
86 101 4.27980121898918 4.16375577947504 4.99903671030179 3.6539210919298
86 102 4.27980121898918 4.16375577947504 4.95621455654247 4.25021193261447
86 103 4.27980121898918 4.16375577947504 4.79141913360758 4.83928972426597
87 88 4.17269891079643 4.75409535076604 4.41717283228955 5.68588029997596
87 103 4.17269891079643 4.75409535076604 4.79141913360758 4.83928972426597
88 89 4.41717283228955 5.68588029997596 4.12970863265055 6.4430987882971
88 103 4.41717283228955 5.68588029997596 4.79141913360758 4.83928972426597
88 104 4.41717283228955 5.68588029997596 5.02022421747557 5.78585030658222
88 105 4.41717283228955 5.68588029997596 4.79341073616283 6.47397587471841
89 90 4.12970863265055 6.4430987882971 4.21305599725384 7.20881571702447
89 105 4.12970863265055 6.4430987882971 4.79341073616283 6.47397587471841
90 91 4.21305599725384 7.20881571702447 4.06392261065194 7.66222880663984
90 105 4.21305599725384 7.20881571702447 4.79341073616283 6.47397587471841
90 106 4.21305599725384 7.20881571702447 4.91440250183851 7.08133657477395
90 107 4.21305599725384 7.20881571702447 4.92690893817855 7.63638304082047
91 92 4.06392261065194 7.66222880663984 4.1388095813638 8.61609016596676
91 107 4.06392261065194 7.66222880663984 4.92690893817855 7.63638304082047
91 108 4.06392261065194 7.66222880663984 4.8183950833486 8.64353242062214
92 93 4.1388095813638 8.61609016596676 4.16254020026714 9.28037008227238
92 108 4.1388095813638 8.61609016596676 4.8183950833486 8.64353242062214
92 109 4.1388095813638 8.61609016596676 4.82758170334106 9.18461021726447
93 94 4.16254020026714 9.28037008227238 4.08195845159815 10.0187727132287
93 109 4.16254020026714 9.28037008227238 4.82758170334106 9.18461021726447
93 110 4.16254020026714 9.28037008227238 4.81436833559171 9.8998400999007
94 95 4.08195845159815 10.0187727132287 4.26674121632423 10.5614791212815
94 110 4.08195845159815 10.0187727132287 4.81436833559171 9.8998400999007
95 96 4.26674121632423 10.5614791212815 4.23164244765215 11.2501691959434
95 110 4.26674121632423 10.5614791212815 4.81436833559171 9.8998400999007
95 111 4.26674121632423 10.5614791212815 5.09502845396568 10.4863959872079
95 112 4.26674121632423 10.5614791212815 4.83457907703337 11.3658698703116
96 112 4.23164244765215 11.2501691959434 4.83457907703337 11.3658698703116
96 302 4.23164244765215 11.2501691959434 4.23529411764706 12
96 303 4.23164244765215 11.2501691959434 3.52941176470588 12
97 98 5.03999056489443 0.766526369531946 4.7918128119008 1.40051269824782
97 113 5.03999056489443 0.766526369531946 5.52037118990297 0.737038941814873
97 114 5.03999056489443 0.766526369531946 5.62037364482222 1.51214482204689
97 264 5.03999056489443 0.766526369531946 4.94117647058824 -0
98 99 4.7918128119008 1.40051269824782 4.77728304447186 2.16955638462201
98 114 4.7918128119008 1.40051269824782 5.62037364482222 1.51214482204689
99 100 4.77728304447186 2.16955638462201 5.07096712462302 2.80580709231104
99 114 4.77728304447186 2.16955638462201 5.62037364482222 1.51214482204689
99 115 4.77728304447186 2.16955638462201 5.67519305451738 2.27591441823441
100 101 5.07096712462302 2.80580709231104 4.99903671030179 3.6539210919298
100 115 5.07096712462302 2.80580709231104 5.67519305451738 2.27591441823441
100 116 5.07096712462302 2.80580709231104 5.48457649999348 2.86373483198074
101 102 4.99903671030179 3.6539210919298 4.95621455654247 4.25021193261447
101 116 4.99903671030179 3.6539210919298 5.48457649999348 2.86373483198074
101 117 4.99903671030179 3.6539210919298 5.8169775474462 3.51695577060514
101 118 4.99903671030179 3.6539210919298 5.6584677367845 4.12377678273422
102 103 4.95621455654247 4.25021193261447 4.79141913360758 4.83928972426597
102 118 4.95621455654247 4.25021193261447 5.6584677367845 4.12377678273422
102 119 4.95621455654247 4.25021193261447 5.79746813702978 5.1081292296669
103 104 4.79141913360758 4.83928972426597 5.02022421747557 5.78585030658222
103 119 4.79141913360758 4.83928972426597 5.79746813702978 5.1081292296669
104 105 5.02022421747557 5.78585030658222 4.79341073616283 6.47397587471841
104 119 5.02022421747557 5.78585030658222 5.79746813702978 5.1081292296669
104 120 5.02022421747557 5.78585030658222 5.70821328091047 5.7641262380046
104 121 5.02022421747557 5.78585030658222 5.80585118942889 6.24116490371612
105 106 4.79341073616283 6.47397587471841 4.91440250183851 7.08133657477395
105 121 4.79341073616283 6.47397587471841 5.80585118942889 6.24116490371612
105 122 4.79341073616283 6.47397587471841 5.70462041146483 7.11240729931575
106 107 4.91440250183851 7.08133657477395 4.92690893817855 7.63638304082047
106 122 4.91440250183851 7.08133657477395 5.70462041146483 7.11240729931575
106 123 4.91440250183851 7.08133657477395 5.46407248203183 7.71820908979384
107 108 4.92690893817855 7.63638304082047 4.8183950833486 8.64353242062214
107 123 4.92690893817855 7.63638304082047 5.46407248203183 7.71820908979384
108 109 4.8183950833486 8.64353242062214 4.82758170334106 9.18461021726447
108 123 4.8183950833486 8.64353242062214 5.46407248203183 7.71820908979384
108 124 4.8183950833486 8.64353242062214 5.74407873828979 8.58613557160785
108 125 4.8183950833486 8.64353242062214 5.76133852657483 9.06438532114533
109 110 4.82758170334106 9.18461021726447 4.81436833559171 9.8998400999007
109 125 4.82758170334106 9.18461021726447 5.76133852657483 9.06438532114533
109 126 4.82758170334106 9.18461021726447 5.71769192315832 9.88012780069552
110 111 4.81436833559171 9.8998400999007 5.09502845396568 10.4863959872079
110 126 4.81436833559171 9.8998400999007 5.71769192315832 9.88012780069552
111 112 5.09502845396568 10.4863959872079 4.83457907703337 11.3658698703116
111 126 5.09502845396568 10.4863959872079 5.71769192315832 9.88012780069552
111 127 5.09502845396568 10.4863959872079 5.80248085764995 10.4236706363272
111 128 5.09502845396568 10.4863959872079 5.70896559028165 11.1993313031018
112 128 4.83457907703337 11.3658698703116 5.70896559028165 11.1993313031018
112 300 4.83457907703337 11.3658698703116 5.64705882352941 12
112 301 4.83457907703337 11.3658698703116 4.94117647058824 12
112 302 4.83457907703337 11.3658698703116 4.23529411764706 12
113 114 5.52037118990297 0.737038941814873 5.62037364482222 1.51214482204689
113 241 5.52037118990297 0.737038941814873 6.47962881009703 0.737038941814873
113 242 5.52037118990297 0.737038941814873 6.37962635517778 1.51214482204689
113 264 5.52037118990297 0.737038941814873 4.94117647058824 -0
113 265 5.52037118990297 0.737038941814873 5.64705882352941 -0
113 266 5.52037118990297 0.737038941814873 6.35294117647059 0
114 115 5.62037364482222 1.51214482204689 5.67519305451738 2.27591441823441
114 242 5.62037364482222 1.51214482204689 6.37962635517778 1.51214482204689
114 243 5.62037364482222 1.51214482204689 6.32480694548262 2.27591441823441
115 116 5.67519305451738 2.27591441823441 5.48457649999348 2.86373483198074
115 243 5.67519305451738 2.27591441823441 6.32480694548262 2.27591441823441
116 117 5.48457649999348 2.86373483198074 5.8169775474462 3.51695577060514
116 243 5.48457649999348 2.86373483198074 6.32480694548262 2.27591441823441
116 244 5.48457649999348 2.86373483198074 6.51542350000652 2.86373483198074
116 245 5.48457649999348 2.86373483198074 6.1830224525538 3.51695577060514
117 118 5.8169775474462 3.51695577060514 5.6584677367845 4.12377678273422
117 245 5.8169775474462 3.51695577060514 6.1830224525538 3.51695577060514
118 119 5.6584677367845 4.12377678273422 5.79746813702978 5.1081292296669
118 245 5.6584677367845 4.12377678273422 6.1830224525538 3.51695577060514
118 246 5.6584677367845 4.12377678273422 6.3415322632155 4.12377678273422
118 247 5.6584677367845 4.12377678273422 6.20253186297022 5.1081292296669
119 120 5.79746813702978 5.1081292296669 5.70821328091047 5.7641262380046
119 247 5.79746813702978 5.1081292296669 6.20253186297022 5.1081292296669
120 121 5.70821328091047 5.7641262380046 5.80585118942889 6.24116490371612
120 247 5.70821328091047 5.7641262380046 6.20253186297022 5.1081292296669
120 248 5.70821328091047 5.7641262380046 6.29178671908953 5.7641262380046
120 249 5.70821328091047 5.7641262380046 6.19414881057111 6.24116490371612
121 122 5.80585118942889 6.24116490371612 5.70462041146483 7.11240729931575
121 249 5.80585118942889 6.24116490371612 6.19414881057111 6.24116490371612
122 123 5.70462041146483 7.11240729931575 5.46407248203183 7.71820908979384
122 249 5.70462041146483 7.11240729931575 6.19414881057111 6.24116490371612
122 250 5.70462041146483 7.11240729931575 6.29537958853517 7.11240729931575
123 124 5.46407248203183 7.71820908979384 5.74407873828979 8.58613557160785
123 250 5.46407248203183 7.71820908979384 6.29537958853517 7.11240729931575
123 251 5.46407248203183 7.71820908979384 6.53592751796817 7.71820908979384
123 252 5.46407248203183 7.71820908979384 6.25592126171021 8.58613557160785
124 125 5.74407873828979 8.58613557160785 5.76133852657483 9.06438532114533
124 252 5.74407873828979 8.58613557160785 6.25592126171021 8.58613557160785
124 253 5.74407873828979 8.58613557160785 6.23866147342517 9.06438532114533
125 126 5.76133852657483 9.06438532114533 5.71769192315832 9.88012780069552
125 253 5.76133852657483 9.06438532114533 6.23866147342517 9.06438532114533
126 127 5.71769192315832 9.88012780069552 5.80248085764995 10.4236706363272
126 253 5.71769192315832 9.88012780069552 6.23866147342517 9.06438532114533
126 254 5.71769192315832 9.88012780069552 6.28230807684168 9.88012780069552
126 255 5.71769192315832 9.88012780069552 6.19751914235005 10.4236706363272
127 128 5.80248085764995 10.4236706363272 5.70896559028165 11.1993313031018
127 255 5.80248085764995 10.4236706363272 6.19751914235005 10.4236706363272
128 255 5.70896559028165 11.1993313031018 6.19751914235005 10.4236706363272
128 256 5.70896559028165 11.1993313031018 6.29103440971835 11.1993313031018
128 300 5.70896559028165 11.1993313031018 5.64705882352941 12
129 130 11.4098058991339 0.699874570224768 11.354830626857 1.44239226922294
129 145 11.4098058991339 0.699874570224768 10.5875996141871 0.723094540779379
129 273 11.4098058991339 0.699874570224768 11.2941176470588 0
129 274 11.4098058991339 0.699874570224768 12 0
129 275 11.4098058991339 0.699874570224768 12 0.705882352941177
129 276 11.4098058991339 0.699874570224768 12 1.41176470588235
130 131 11.354830626857 1.44239226922294 11.2680711520179 2.07555557507622
130 145 11.354830626857 1.44239226922294 10.5875996141871 0.723094540779379
130 146 11.354830626857 1.44239226922294 10.5751455336539 1.37165489066896
130 147 11.354830626857 1.44239226922294 10.5369082771988 1.94788861457945
130 276 11.354830626857 1.44239226922294 12 1.41176470588235
130 277 11.354830626857 1.44239226922294 12 2.11764705882353
131 132 11.2680711520179 2.07555557507622 11.2672470223243 2.66884291403449
131 147 11.2680711520179 2.07555557507622 10.5369082771988 1.94788861457945
131 277 11.2680711520179 2.07555557507622 12 2.11764705882353
132 133 11.2672470223243 2.66884291403449 11.2732850644824 3.56016905838354
132 147 11.2672470223243 2.66884291403449 10.5369082771988 1.94788861457945
132 148 11.2672470223243 2.66884291403449 10.4267933744615 2.83498162788556
132 149 11.2672470223243 2.66884291403449 10.6459932209869 3.34858691997481
132 277 11.2672470223243 2.66884291403449 12 2.11764705882353
132 278 11.2672470223243 2.66884291403449 12 2.82352941176471
133 134 11.2732850644824 3.56016905838354 11.2147704452105 4.14607082137577
133 149 11.2732850644824 3.56016905838354 10.6459932209869 3.34858691997481
133 278 11.2732850644824 3.56016905838354 12 2.82352941176471
133 279 11.2732850644824 3.56016905838354 12 3.52941176470588
133 280 11.2732850644824 3.56016905838354 12 4.23529411764706
134 135 11.2147704452105 4.14607082137577 11.1740950964174 4.83880069368441
134 149 11.2147704452105 4.14607082137577 10.6459932209869 3.34858691997481
134 150 11.2147704452105 4.14607082137577 10.4295197361308 4.11568782168615
134 280 11.2147704452105 4.14607082137577 12 4.23529411764706
135 136 11.1740950964174 4.83880069368441 11.2893769791639 5.49547750141832
135 150 11.1740950964174 4.83880069368441 10.4295197361308 4.11568782168615
135 151 11.1740950964174 4.83880069368441 10.6805175897542 4.98699947718656
135 280 11.1740950964174 4.83880069368441 12 4.23529411764706
135 281 11.1740950964174 4.83880069368441 12 4.94117647058824
136 137 11.2893769791639 5.49547750141832 11.3352792397995 6.22445487749611
136 151 11.2893769791639 5.49547750141832 10.6805175897542 4.98699947718656
136 152 11.2893769791639 5.49547750141832 10.4818203687696 5.76150744111101
136 281 11.2893769791639 5.49547750141832 12 4.94117647058824
136 282 11.2893769791639 5.49547750141832 12 5.64705882352941
137 138 11.3352792397995 6.22445487749611 11.3211300852316 6.97194739343137
137 152 11.3352792397995 6.22445487749611 10.4818203687696 5.76150744111101
137 153 11.3352792397995 6.22445487749611 10.5747911727734 6.32538301070857
137 154 11.3352792397995 6.22445487749611 10.7139613249864 6.97810379448455
137 282 11.3352792397995 6.22445487749611 12 5.64705882352941
137 283 11.3352792397995 6.22445487749611 12 6.35294117647059
138 139 11.3211300852316 6.97194739343137 11.2230275762346 7.90814005888203
138 154 11.3211300852316 6.97194739343137 10.7139613249864 6.97810379448455
138 155 11.3211300852316 6.97194739343137 10.5785134984453 7.65577982194041
138 283 11.3211300852316 6.97194739343137 12 6.35294117647059
138 284 11.3211300852316 6.97194739343137 12 7.05882352941176
138 285 11.3211300852316 6.97194739343137 12 7.76470588235294
139 140 11.2230275762346 7.90814005888203 11.2228223762725 8.46184080502128
139 155 11.2230275762346 7.90814005888203 10.5785134984453 7.65577982194041
139 156 11.2230275762346 7.90814005888203 10.4306639033654 8.63697889678736
139 285 11.2230275762346 7.90814005888203 12 7.76470588235294
139 286 11.2230275762346 7.90814005888203 12 8.47058823529412
140 141 11.2228223762725 8.46184080502128 11.332138387306 9.23061701296836
140 156 11.2228223762725 8.46184080502128 10.4306639033654 8.63697889678736
140 157 11.2228223762725 8.46184080502128 10.7539344548416 9.35798586141699
140 286 11.2228223762725 8.46184080502128 12 8.47058823529412
141 142 11.332138387306 9.23061701296836 11.4783362710383 10.0334682242907
141 157 11.332138387306 9.23061701296836 10.7539344548416 9.35798586141699
141 286 11.332138387306 9.23061701296836 12 8.47058823529412
141 287 11.332138387306 9.23061701296836 12 9.17647058823529
141 288 11.332138387306 9.23061701296836 12 9.88235294117647
142 143 11.4783362710383 10.0334682242907 11.2840685790934 10.7182569538252
142 157 11.4783362710383 10.0334682242907 10.7539344548416 9.35798586141699
142 158 11.4783362710383 10.0334682242907 10.4477482804492 9.86955296646176
142 159 11.4783362710383 10.0334682242907 10.5029906849191 10.5231819483415
142 288 11.4783362710383 10.0334682242907 12 9.88235294117647
142 289 11.4783362710383 10.0334682242907 12 10.5882352941176
143 144 11.2840685790934 10.7182569538252 11.2403055657413 11.3553755894985
143 159 11.2840685790934 10.7182569538252 10.5029906849191 10.5231819483415
143 160 11.2840685790934 10.7182569538252 10.7067977399581 11.2348833484449
143 289 11.2840685790934 10.7182569538252 12 10.5882352941176
143 290 11.2840685790934 10.7182569538252 12 11.2941176470588
144 160 11.2403055657413 11.3553755894985 10.7067977399581 11.2348833484449
144 290 11.2403055657413 11.3553755894985 12 11.2941176470588
144 292 11.2403055657413 11.3553755894985 11.2941176470588 12
144 293 11.2403055657413 11.3553755894985 10.5882352941176 12
145 146 10.5875996141871 0.723094540779379 10.5751455336539 1.37165489066896
145 161 10.5875996141871 0.723094540779379 10.0276718308684 0.778099387134982
145 272 10.5875996141871 0.723094540779379 10.5882352941176 0
145 273 10.5875996141871 0.723094540779379 11.2941176470588 0
146 147 10.5751455336539 1.37165489066896 10.5369082771988 1.94788861457945
146 161 10.5751455336539 1.37165489066896 10.0276718308684 0.778099387134982
146 162 10.5751455336539 1.37165489066896 9.84294080495693 1.31005741047173
147 148 10.5369082771988 1.94788861457945 10.4267933744615 2.83498162788556
147 162 10.5369082771988 1.94788861457945 9.84294080495693 1.31005741047173
147 163 10.5369082771988 1.94788861457945 9.8879451724847 2.24121865723568
148 149 10.4267933744615 2.83498162788556 10.6459932209869 3.34858691997481
148 163 10.4267933744615 2.83498162788556 9.8879451724847 2.24121865723568
148 164 10.4267933744615 2.83498162788556 9.84693501079443 2.75839437953649
148 165 10.4267933744615 2.83498162788556 9.76021988739574 3.49286952594461
149 150 10.6459932209869 3.34858691997481 10.4295197361308 4.11568782168615
149 165 10.6459932209869 3.34858691997481 9.76021988739574 3.49286952594461
150 151 10.4295197361308 4.11568782168615 10.6805175897542 4.98699947718656
150 165 10.4295197361308 4.11568782168615 9.76021988739574 3.49286952594461
150 166 10.4295197361308 4.11568782168615 10.0442879280447 4.26743779917717
150 167 10.4295197361308 4.11568782168615 9.98272071894095 4.82743969772642
151 152 10.6805175897542 4.98699947718656 10.4818203687696 5.76150744111101
151 167 10.6805175897542 4.98699947718656 9.98272071894095 4.82743969772642
152 153 10.4818203687696 5.76150744111101 10.5747911727734 6.32538301070857
152 167 10.4818203687696 5.76150744111101 9.98272071894095 4.82743969772642
152 168 10.4818203687696 5.76150744111101 9.80834942773348 5.65224706937956
152 169 10.4818203687696 5.76150744111101 9.72253543451462 6.37303615914701
153 154 10.5747911727734 6.32538301070857 10.7139613249864 6.97810379448455
153 169 10.5747911727734 6.32538301070857 9.72253543451462 6.37303615914701
153 170 10.5747911727734 6.32538301070857 9.77542961638522 6.95963437047876
154 155 10.7139613249864 6.97810379448455 10.5785134984453 7.65577982194041
154 170 10.7139613249864 6.97810379448455 9.77542961638522 6.95963437047876
155 156 10.5785134984453 7.65577982194041 10.4306639033654 8.63697889678736
155 170 10.5785134984453 7.65577982194041 9.77542961638522 6.95963437047876
155 171 10.5785134984453 7.65577982194041 10.016929152443 7.88603219159906
155 172 10.5785134984453 7.65577982194041 10.0009553717545 8.35809796737069
156 157 10.4306639033654 8.63697889678736 10.7539344548416 9.35798586141699
156 172 10.4306639033654 8.63697889678736 10.0009553717545 8.35809796737069
156 173 10.4306639033654 8.63697889678736 9.71162650608733 9.32697628197386
157 158 10.7539344548416 9.35798586141699 10.4477482804492 9.86955296646176
157 173 10.7539344548416 9.35798586141699 9.71162650608733 9.32697628197386
158 159 10.4477482804492 9.86955296646176 10.5029906849191 10.5231819483415
158 173 10.4477482804492 9.86955296646176 9.71162650608733 9.32697628197386
158 174 10.4477482804492 9.86955296646176 9.92726171757345 9.88873738750428
159 160 10.5029906849191 10.5231819483415 10.7067977399581 11.2348833484449
159 174 10.5029906849191 10.5231819483415 9.92726171757345 9.88873738750428
159 175 10.5029906849191 10.5231819483415 9.76201368520432 10.5061249003706
159 176 10.5029906849191 10.5231819483415 9.93610566374051 11.1166363997821
160 176 10.7067977399581 11.2348833484449 9.93610566374051 11.1166363997821
160 293 10.7067977399581 11.2348833484449 10.5882352941176 12
161 162 10.0276718308684 0.778099387134982 9.84294080495693 1.31005741047173
161 177 10.0276718308684 0.778099387134982 9.12791641249014 0.597095239456872
161 271 10.0276718308684 0.778099387134982 9.88235294117647 0
161 272 10.0276718308684 0.778099387134982 10.5882352941176 0
162 163 9.84294080495693 1.31005741047173 9.8879451724847 2.24121865723568
162 177 9.84294080495693 1.31005741047173 9.12791641249014 0.597095239456872
162 178 9.84294080495693 1.31005741047173 9.09777832849906 1.5604797144908
162 179 9.84294080495693 1.31005741047173 9.13976134131831 1.99922340903258
163 164 9.8879451724847 2.24121865723568 9.84693501079443 2.75839437953649
163 179 9.8879451724847 2.24121865723568 9.13976134131831 1.99922340903258
163 180 9.8879451724847 2.24121865723568 9.11767785155386 2.78070539957541
164 165 9.84693501079443 2.75839437953649 9.76021988739574 3.49286952594461
164 180 9.84693501079443 2.75839437953649 9.11767785155386 2.78070539957541
165 166 9.76021988739574 3.49286952594461 10.0442879280447 4.26743779917717
165 180 9.76021988739574 3.49286952594461 9.11767785155386 2.78070539957541
165 181 9.76021988739574 3.49286952594461 9.03944697684361 3.49925553547207
165 182 9.76021988739574 3.49286952594461 9.32924261253661 4.15925194328692
166 167 10.0442879280447 4.26743779917717 9.98272071894095 4.82743969772642
166 182 10.0442879280447 4.26743779917717 9.32924261253661 4.15925194328692
167 168 9.98272071894095 4.82743969772642 9.80834942773348 5.65224706937956
167 182 9.98272071894095 4.82743969772642 9.32924261253661 4.15925194328692
167 183 9.98272071894095 4.82743969772642 9.07822647291011 5.05195374032227
168 169 9.80834942773348 5.65224706937956 9.72253543451462 6.37303615914701
168 183 9.80834942773348 5.65224706937956 9.07822647291011 5.05195374032227
168 184 9.80834942773348 5.65224706937956 9.05031277709478 5.6412021117286
169 170 9.72253543451462 6.37303615914701 9.77542961638522 6.95963437047876
169 184 9.72253543451462 6.37303615914701 9.05031277709478 5.6412021117286
169 185 9.72253543451462 6.37303615914701 9.24584828088538 6.44975742275296
170 171 9.77542961638522 6.95963437047876 10.016929152443 7.88603219159906
170 185 9.77542961638522 6.95963437047876 9.24584828088538 6.44975742275296
170 186 9.77542961638522 6.95963437047876 9.10733828318707 7.038177359153
170 187 9.77542961638522 6.95963437047876 9.04294177633421 7.65463140401706
171 172 10.016929152443 7.88603219159906 10.0009553717545 8.35809796737069
171 187 10.016929152443 7.88603219159906 9.04294177633421 7.65463140401706
171 188 10.016929152443 7.88603219159906 9.03209779297282 8.36022770530709
172 173 10.0009553717545 8.35809796737069 9.71162650608733 9.32697628197386
172 188 10.0009553717545 8.35809796737069 9.03209779297282 8.36022770530709
172 189 10.0009553717545 8.35809796737069 9.23753725597385 9.14260544282946
173 174 9.71162650608733 9.32697628197386 9.92726171757345 9.88873738750428
173 189 9.71162650608733 9.32697628197386 9.23753725597385 9.14260544282946
173 190 9.71162650608733 9.32697628197386 9.04385983241298 9.7796081134059
174 175 9.92726171757345 9.88873738750428 9.76201368520432 10.5061249003706
174 190 9.92726171757345 9.88873738750428 9.04385983241298 9.7796081134059
175 176 9.76201368520432 10.5061249003706 9.93610566374051 11.1166363997821
175 190 9.76201368520432 10.5061249003706 9.04385983241298 9.7796081134059
175 191 9.76201368520432 10.5061249003706 9.01921419092578 10.7062469423245
176 191 9.93610566374051 11.1166363997821 9.01921419092578 10.7062469423245
176 192 9.93610566374051 11.1166363997821 9.35895458092826 11.4242955208597
176 293 9.93610566374051 11.1166363997821 10.5882352941176 12
176 294 9.93610566374051 11.1166363997821 9.88235294117647 12
177 178 9.12791641249014 0.597095239456872 9.09777832849906 1.5604797144908
177 193 9.12791641249014 0.597095239456872 8.28959352883522 0.604976527410007
177 194 9.12791641249014 0.597095239456872 8.35928536131338 1.54898392020537
177 269 9.12791641249014 0.597095239456872 8.47058823529412 0
177 270 9.12791641249014 0.597095239456872 9.17647058823529 0
177 271 9.12791641249014 0.597095239456872 9.88235294117647 0
178 179 9.09777832849906 1.5604797144908 9.13976134131831 1.99922340903258
178 194 9.09777832849906 1.5604797144908 8.35928536131338 1.54898392020537
178 195 9.09777832849906 1.5604797144908 8.43631719994387 1.94949536885438
179 180 9.13976134131831 1.99922340903258 9.11767785155386 2.78070539957541
179 195 9.13976134131831 1.99922340903258 8.43631719994387 1.94949536885438
179 196 9.13976134131831 1.99922340903258 8.66209776100525 2.79791958254702
180 181 9.11767785155386 2.78070539957541 9.03944697684361 3.49925553547207
180 196 9.11767785155386 2.78070539957541 8.66209776100525 2.79791958254702
181 182 9.03944697684361 3.49925553547207 9.32924261253661 4.15925194328692
181 196 9.03944697684361 3.49925553547207 8.66209776100525 2.79791958254702
181 197 9.03944697684361 3.49925553547207 8.30959957740244 3.5619217739451
181 198 9.03944697684361 3.49925553547207 8.34084421435477 4.26940228666115
182 183 9.32924261253661 4.15925194328692 9.07822647291011 5.05195374032227
182 198 9.32924261253661 4.15925194328692 8.34084421435477 4.26940228666115
182 199 9.32924261253661 4.15925194328692 8.56056733946442 4.89694779701753
183 184 9.07822647291011 5.05195374032227 9.05031277709478 5.6412021117286
183 199 9.07822647291011 5.05195374032227 8.56056733946442 4.89694779701753
184 185 9.05031277709478 5.6412021117286 9.24584828088538 6.44975742275296
184 199 9.05031277709478 5.6412021117286 8.56056733946442 4.89694779701753
184 200 9.05031277709478 5.6412021117286 8.33599741851976 5.7109874291993
184 201 9.05031277709478 5.6412021117286 8.34337516200067 6.52646461282223
185 186 9.24584828088538 6.44975742275296 9.10733828318707 7.038177359153
185 201 9.24584828088538 6.44975742275296 8.34337516200067 6.52646461282223
185 202 9.24584828088538 6.44975742275296 8.59351099106633 6.92412661592106
186 187 9.10733828318707 7.038177359153 9.04294177633421 7.65463140401706
186 202 9.10733828318707 7.038177359153 8.59351099106633 6.92412661592106
187 188 9.04294177633421 7.65463140401706 9.03209779297282 8.36022770530709
187 202 9.04294177633421 7.65463140401706 8.59351099106633 6.92412661592106
187 203 9.04294177633421 7.65463140401706 8.37379017927692 7.59522325507659
188 189 9.03209779297282 8.36022770530709 9.23753725597385 9.14260544282946
188 203 9.03209779297282 8.36022770530709 8.37379017927692 7.59522325507659
188 204 9.03209779297282 8.36022770530709 8.30542771972472 8.43649139320085
188 205 9.03209779297282 8.36022770530709 8.4506143422009 9.08416464668602
189 190 9.23753725597385 9.14260544282946 9.04385983241298 9.7796081134059
189 205 9.23753725597385 9.14260544282946 8.4506143422009 9.08416464668602
190 191 9.04385983241298 9.7796081134059 9.01921419092578 10.7062469423245
190 205 9.04385983241298 9.7796081134059 8.4506143422009 9.08416464668602
190 206 9.04385983241298 9.7796081134059 8.5520216682808 9.91601449947856
190 207 9.04385983241298 9.7796081134059 8.5963384336757 10.5035758813837
191 192 9.01921419092578 10.7062469423245 9.35895458092826 11.4242955208597
191 207 9.01921419092578 10.7062469423245 8.5963384336757 10.5035758813837
191 208 9.01921419092578 10.7062469423245 8.55229900164026 11.1046099114978
192 208 9.35895458092826 11.4242955208597 8.55229900164026 11.1046099114978
192 294 9.35895458092826 11.4242955208597 9.88235294117647 12
192 295 9.35895458092826 11.4242955208597 9.17647058823529 12
193 194 8.28959352883522 0.604976527410007 8.35928536131338 1.54898392020537
193 209 8.28959352883522 0.604976527410007 7.65243562275541 0.517391709505325
193 210 8.28959352883522 0.604976527410007 7.95707600798528 1.27642257045678
193 268 8.28959352883522 0.604976527410007 7.76470588235294 0
193 269 8.28959352883522 0.604976527410007 8.47058823529412 0
194 195 8.35928536131338 1.54898392020537 8.43631719994387 1.94949536885438
194 210 8.35928536131338 1.54898392020537 7.95707600798528 1.27642257045678
194 211 8.35928536131338 1.54898392020537 7.74794467051452 2.28365527685403
195 196 8.43631719994387 1.94949536885438 8.66209776100525 2.79791958254702
195 211 8.43631719994387 1.94949536885438 7.74794467051452 2.28365527685403
195 212 8.43631719994387 1.94949536885438 7.79006388720579 2.6730528701547
196 197 8.66209776100525 2.79791958254702 8.30959957740244 3.5619217739451
196 212 8.66209776100525 2.79791958254702 7.79006388720579 2.6730528701547
197 198 8.30959957740244 3.5619217739451 8.34084421435477 4.26940228666115
197 212 8.30959957740244 3.5619217739451 7.79006388720579 2.6730528701547
197 213 8.30959957740244 3.5619217739451 7.67276188357129 3.4596431164036
197 214 8.30959957740244 3.5619217739451 7.72019878101082 4.16375577947504
198 199 8.34084421435477 4.26940228666115 8.56056733946442 4.89694779701753
198 214 8.34084421435477 4.26940228666115 7.72019878101082 4.16375577947504
198 215 8.34084421435477 4.26940228666115 7.82730108920357 4.75409535076604
199 200 8.56056733946442 4.89694779701753 8.33599741851976 5.7109874291993
199 215 8.56056733946442 4.89694779701753 7.82730108920357 4.75409535076604
200 201 8.33599741851976 5.7109874291993 8.34337516200067 6.52646461282223
200 215 8.33599741851976 5.7109874291993 7.82730108920357 4.75409535076604
200 216 8.33599741851976 5.7109874291993 7.58282716771045 5.68588029997596
200 217 8.33599741851976 5.7109874291993 7.87029136734945 6.4430987882971
201 202 8.34337516200067 6.52646461282223 8.59351099106633 6.92412661592106
201 217 8.34337516200067 6.52646461282223 7.87029136734945 6.4430987882971
201 218 8.34337516200067 6.52646461282223 7.78694400274616 7.20881571702447
202 203 8.59351099106633 6.92412661592106 8.37379017927692 7.59522325507659
202 218 8.59351099106633 6.92412661592106 7.78694400274616 7.20881571702447
203 204 8.37379017927692 7.59522325507659 8.30542771972472 8.43649139320085
203 218 8.37379017927692 7.59522325507659 7.78694400274616 7.20881571702447
203 219 8.37379017927692 7.59522325507659 7.93607738934806 7.66222880663984
204 205 8.30542771972472 8.43649139320085 8.4506143422009 9.08416464668602
204 219 8.30542771972472 8.43649139320085 7.93607738934806 7.66222880663984
204 220 8.30542771972472 8.43649139320085 7.8611904186362 8.61609016596676
205 206 8.4506143422009 9.08416464668602 8.5520216682808 9.91601449947856
205 220 8.4506143422009 9.08416464668602 7.8611904186362 8.61609016596676
205 221 8.4506143422009 9.08416464668602 7.83745979973286 9.28037008227238
206 207 8.5520216682808 9.91601449947856 8.5963384336757 10.5035758813837
206 221 8.5520216682808 9.91601449947856 7.83745979973286 9.28037008227238
206 222 8.5520216682808 9.91601449947856 7.91804154840185 10.0187727132287
207 208 8.5963384336757 10.5035758813837 8.55229900164026 11.1046099114978
207 222 8.5963384336757 10.5035758813837 7.91804154840185 10.0187727132287
207 223 8.5963384336757 10.5035758813837 7.73325878367577 10.5614791212815
208 223 8.55229900164026 11.1046099114978 7.73325878367577 10.5614791212815
208 224 8.55229900164026 11.1046099114978 7.76835755234785 11.2501691959434
208 295 8.55229900164026 11.1046099114978 9.17647058823529 12
208 296 8.55229900164026 11.1046099114978 8.47058823529412 12
209 210 7.65243562275541 0.517391709505325 7.95707600798528 1.27642257045678
209 225 7.65243562275541 0.517391709505325 6.96000943510557 0.766526369531946
209 226 7.65243562275541 0.517391709505325 7.2081871880992 1.40051269824782
209 267 7.65243562275541 0.517391709505325 7.05882352941176 0
209 268 7.65243562275541 0.517391709505325 7.76470588235294 0
210 211 7.95707600798528 1.27642257045678 7.74794467051452 2.28365527685403
210 226 7.95707600798528 1.27642257045678 7.2081871880992 1.40051269824782
211 212 7.74794467051452 2.28365527685403 7.79006388720579 2.6730528701547
211 226 7.74794467051452 2.28365527685403 7.2081871880992 1.40051269824782
211 227 7.74794467051452 2.28365527685403 7.22271695552814 2.16955638462201
212 213 7.79006388720579 2.6730528701547 7.67276188357129 3.4596431164036
212 227 7.79006388720579 2.6730528701547 7.22271695552814 2.16955638462201
212 228 7.79006388720579 2.6730528701547 6.92903287537698 2.80580709231104
213 214 7.67276188357129 3.4596431164036 7.72019878101082 4.16375577947504
213 228 7.67276188357129 3.4596431164036 6.92903287537698 2.80580709231104
213 229 7.67276188357129 3.4596431164036 7.00096328969821 3.6539210919298
214 215 7.72019878101082 4.16375577947504 7.82730108920357 4.75409535076604
214 229 7.72019878101082 4.16375577947504 7.00096328969821 3.6539210919298
214 230 7.72019878101082 4.16375577947504 7.04378544345753 4.25021193261447
214 231 7.72019878101082 4.16375577947504 7.20858086639242 4.83928972426597
215 216 7.82730108920357 4.75409535076604 7.58282716771045 5.68588029997596
215 231 7.82730108920357 4.75409535076604 7.20858086639242 4.83928972426597
216 217 7.58282716771045 5.68588029997596 7.87029136734945 6.4430987882971
216 231 7.58282716771045 5.68588029997596 7.20858086639242 4.83928972426597
216 232 7.58282716771045 5.68588029997596 6.97977578252443 5.78585030658222
216 233 7.58282716771045 5.68588029997596 7.20658926383717 6.47397587471841
217 218 7.87029136734945 6.4430987882971 7.78694400274616 7.20881571702447
217 233 7.87029136734945 6.4430987882971 7.20658926383717 6.47397587471841
218 219 7.78694400274616 7.20881571702447 7.93607738934806 7.66222880663984
218 233 7.78694400274616 7.20881571702447 7.20658926383717 6.47397587471841
218 234 7.78694400274616 7.20881571702447 7.08559749816149 7.08133657477395
218 235 7.78694400274616 7.20881571702447 7.07309106182145 7.63638304082047
219 220 7.93607738934806 7.66222880663984 7.8611904186362 8.61609016596676
219 235 7.93607738934806 7.66222880663984 7.07309106182145 7.63638304082047
219 236 7.93607738934806 7.66222880663984 7.1816049166514 8.64353242062214
220 221 7.8611904186362 8.61609016596676 7.83745979973286 9.28037008227238
220 236 7.8611904186362 8.61609016596676 7.1816049166514 8.64353242062214
220 237 7.8611904186362 8.61609016596676 7.17241829665894 9.18461021726447
221 222 7.83745979973286 9.28037008227238 7.91804154840185 10.0187727132287
221 237 7.83745979973286 9.28037008227238 7.17241829665894 9.18461021726447
221 238 7.83745979973286 9.28037008227238 7.18563166440829 9.8998400999007
222 223 7.91804154840185 10.0187727132287 7.73325878367577 10.5614791212815
222 238 7.91804154840185 10.0187727132287 7.18563166440829 9.8998400999007
223 224 7.73325878367577 10.5614791212815 7.76835755234785 11.2501691959434
223 238 7.73325878367577 10.5614791212815 7.18563166440829 9.8998400999007
223 239 7.73325878367577 10.5614791212815 6.90497154603432 10.4863959872079
223 240 7.73325878367577 10.5614791212815 7.16542092296663 11.3658698703116
224 240 7.76835755234785 11.2501691959434 7.16542092296663 11.3658698703116
224 296 7.76835755234785 11.2501691959434 8.47058823529412 12
224 297 7.76835755234785 11.2501691959434 7.76470588235294 12
225 226 6.96000943510557 0.766526369531946 7.2081871880992 1.40051269824782
225 241 6.96000943510557 0.766526369531946 6.47962881009703 0.737038941814873
225 242 6.96000943510557 0.766526369531946 6.37962635517778 1.51214482204689
225 267 6.96000943510557 0.766526369531946 7.05882352941176 0
226 227 7.2081871880992 1.40051269824782 7.22271695552814 2.16955638462201
226 242 7.2081871880992 1.40051269824782 6.37962635517778 1.51214482204689
227 228 7.22271695552814 2.16955638462201 6.92903287537698 2.80580709231104
227 242 7.22271695552814 2.16955638462201 6.37962635517778 1.51214482204689
227 243 7.22271695552814 2.16955638462201 6.32480694548262 2.27591441823441
228 229 6.92903287537698 2.80580709231104 7.00096328969821 3.6539210919298
228 243 6.92903287537698 2.80580709231104 6.32480694548262 2.27591441823441
228 244 6.92903287537698 2.80580709231104 6.51542350000652 2.86373483198074
229 230 7.00096328969821 3.6539210919298 7.04378544345753 4.25021193261447
229 244 7.00096328969821 3.6539210919298 6.51542350000652 2.86373483198074
229 245 7.00096328969821 3.6539210919298 6.1830224525538 3.51695577060514
229 246 7.00096328969821 3.6539210919298 6.3415322632155 4.12377678273422
230 231 7.04378544345753 4.25021193261447 7.20858086639242 4.83928972426597
230 246 7.04378544345753 4.25021193261447 6.3415322632155 4.12377678273422
230 247 7.04378544345753 4.25021193261447 6.20253186297022 5.1081292296669
231 232 7.20858086639242 4.83928972426597 6.97977578252443 5.78585030658222
231 247 7.20858086639242 4.83928972426597 6.20253186297022 5.1081292296669
232 233 6.97977578252443 5.78585030658222 7.20658926383717 6.47397587471841
232 247 6.97977578252443 5.78585030658222 6.20253186297022 5.1081292296669
232 248 6.97977578252443 5.78585030658222 6.29178671908953 5.7641262380046
232 249 6.97977578252443 5.78585030658222 6.19414881057111 6.24116490371612
233 234 7.20658926383717 6.47397587471841 7.08559749816149 7.08133657477395
233 249 7.20658926383717 6.47397587471841 6.19414881057111 6.24116490371612
233 250 7.20658926383717 6.47397587471841 6.29537958853517 7.11240729931575
234 235 7.08559749816149 7.08133657477395 7.07309106182145 7.63638304082047
234 250 7.08559749816149 7.08133657477395 6.29537958853517 7.11240729931575
234 251 7.08559749816149 7.08133657477395 6.53592751796817 7.71820908979384
235 236 7.07309106182145 7.63638304082047 7.1816049166514 8.64353242062214
235 251 7.07309106182145 7.63638304082047 6.53592751796817 7.71820908979384
236 237 7.1816049166514 8.64353242062214 7.17241829665894 9.18461021726447
236 251 7.1816049166514 8.64353242062214 6.53592751796817 7.71820908979384
236 252 7.1816049166514 8.64353242062214 6.25592126171021 8.58613557160785
236 253 7.1816049166514 8.64353242062214 6.23866147342517 9.06438532114533
237 238 7.17241829665894 9.18461021726447 7.18563166440829 9.8998400999007
237 253 7.17241829665894 9.18461021726447 6.23866147342517 9.06438532114533
237 254 7.17241829665894 9.18461021726447 6.28230807684168 9.88012780069552
238 239 7.18563166440829 9.8998400999007 6.90497154603432 10.4863959872079
238 254 7.18563166440829 9.8998400999007 6.28230807684168 9.88012780069552
239 240 6.90497154603432 10.4863959872079 7.16542092296663 11.3658698703116
239 254 6.90497154603432 10.4863959872079 6.28230807684168 9.88012780069552
239 255 6.90497154603432 10.4863959872079 6.19751914235005 10.4236706363272
239 256 6.90497154603432 10.4863959872079 6.29103440971835 11.1993313031018
240 256 7.16542092296663 11.3658698703116 6.29103440971835 11.1993313031018
240 297 7.16542092296663 11.3658698703116 7.76470588235294 12
240 298 7.16542092296663 11.3658698703116 7.05882352941176 12
240 299 7.16542092296663 11.3658698703116 6.35294117647059 12
241 242 6.47962881009703 0.737038941814873 6.37962635517778 1.51214482204689
241 266 6.47962881009703 0.737038941814873 6.35294117647059 0
241 267 6.47962881009703 0.737038941814873 7.05882352941176 0
242 243 6.37962635517778 1.51214482204689 6.32480694548262 2.27591441823441
243 244 6.32480694548262 2.27591441823441 6.51542350000652 2.86373483198074
244 245 6.51542350000652 2.86373483198074 6.1830224525538 3.51695577060514
245 246 6.1830224525538 3.51695577060514 6.3415322632155 4.12377678273422
246 247 6.3415322632155 4.12377678273422 6.20253186297022 5.1081292296669
247 248 6.20253186297022 5.1081292296669 6.29178671908953 5.7641262380046
248 249 6.29178671908953 5.7641262380046 6.19414881057111 6.24116490371612
249 250 6.19414881057111 6.24116490371612 6.29537958853517 7.11240729931575
250 251 6.29537958853517 7.11240729931575 6.53592751796817 7.71820908979384
251 252 6.53592751796817 7.71820908979384 6.25592126171021 8.58613557160785
252 253 6.25592126171021 8.58613557160785 6.23866147342517 9.06438532114533
253 254 6.23866147342517 9.06438532114533 6.28230807684168 9.88012780069552
254 255 6.28230807684168 9.88012780069552 6.19751914235005 10.4236706363272
255 256 6.19751914235005 10.4236706363272 6.29103440971835 11.1993313031018
256 299 6.29103440971835 11.1993313031018 6.35294117647059 12
256 300 6.29103440971835 11.1993313031018 5.64705882352941 12
257 258 0 0 0.705882352941177 -0
257 324 0 0 -0 0.705882352941177
258 259 0.705882352941177 -0 1.41176470588235 -0
259 260 1.41176470588235 -0 2.11764705882353 -0
260 261 2.11764705882353 -0 2.82352941176471 -0
261 262 2.82352941176471 -0 3.52941176470588 -0
262 263 3.52941176470588 -0 4.23529411764706 -0
263 264 4.23529411764706 -0 4.94117647058824 -0
264 265 4.94117647058824 -0 5.64705882352941 -0
265 266 5.64705882352941 -0 6.35294117647059 0
266 267 6.35294117647059 0 7.05882352941176 0
267 268 7.05882352941176 0 7.76470588235294 0
268 269 7.76470588235294 0 8.47058823529412 0
269 270 8.47058823529412 0 9.17647058823529 0
270 271 9.17647058823529 0 9.88235294117647 0
271 272 9.88235294117647 0 10.5882352941176 0
272 273 10.5882352941176 0 11.2941176470588 0
273 274 11.2941176470588 0 12 0
274 275 12 0 12 0.705882352941177
275 276 12 0.705882352941177 12 1.41176470588235
276 277 12 1.41176470588235 12 2.11764705882353
277 278 12 2.11764705882353 12 2.82352941176471
278 279 12 2.82352941176471 12 3.52941176470588
279 280 12 3.52941176470588 12 4.23529411764706
280 281 12 4.23529411764706 12 4.94117647058824
281 282 12 4.94117647058824 12 5.64705882352941
282 283 12 5.64705882352941 12 6.35294117647059
283 284 12 6.35294117647059 12 7.05882352941176
284 285 12 7.05882352941176 12 7.76470588235294
285 286 12 7.76470588235294 12 8.47058823529412
286 287 12 8.47058823529412 12 9.17647058823529
287 288 12 9.17647058823529 12 9.88235294117647
288 289 12 9.88235294117647 12 10.5882352941176
289 290 12 10.5882352941176 12 11.2941176470588
290 291 12 11.2941176470588 12 12
290 292 12 11.2941176470588 11.2941176470588 12
291 292 12 12 11.2941176470588 12
292 293 11.2941176470588 12 10.5882352941176 12
293 294 10.5882352941176 12 9.88235294117647 12
294 295 9.88235294117647 12 9.17647058823529 12
295 296 9.17647058823529 12 8.47058823529412 12
296 297 8.47058823529412 12 7.76470588235294 12
297 298 7.76470588235294 12 7.05882352941176 12
298 299 7.05882352941176 12 6.35294117647059 12
299 300 6.35294117647059 12 5.64705882352941 12
300 301 5.64705882352941 12 4.94117647058824 12
301 302 4.94117647058824 12 4.23529411764706 12
302 303 4.23529411764706 12 3.52941176470588 12
303 304 3.52941176470588 12 2.82352941176471 12
304 305 2.82352941176471 12 2.11764705882353 12
305 306 2.11764705882353 12 1.41176470588235 12
306 307 1.41176470588235 12 0.705882352941177 12
307 308 0.705882352941177 12 0 12
307 309 0.705882352941177 12 0 11.2941176470588
308 309 0 12 0 11.2941176470588
309 310 0 11.2941176470588 0 10.5882352941176
310 311 0 10.5882352941176 0 9.88235294117647
311 312 0 9.88235294117647 0 9.17647058823529
312 313 0 9.17647058823529 0 8.47058823529412
313 314 0 8.47058823529412 0 7.76470588235294
314 315 0 7.76470588235294 0 7.05882352941176
315 316 0 7.05882352941176 0 6.35294117647059
316 317 0 6.35294117647059 -0 5.64705882352941
317 318 -0 5.64705882352941 -0 4.94117647058824
318 319 -0 4.94117647058824 -0 4.23529411764706
319 320 -0 4.23529411764706 -0 3.52941176470588
320 321 -0 3.52941176470588 -0 2.82352941176471
321 322 -0 2.82352941176471 -0 2.11764705882353
322 323 -0 2.11764705882353 -0 1.41176470588235
323 324 -0 1.41176470588235 -0 0.705882352941177
