1 2 0 0 0.705882352941177 -0
1 68 0 0 -0 0.705882352941177
1 86 0 0 0.302853393055752 0.502304733281541
2 3 0.705882352941177 -0 1.41176470588235 -0
2 86 0.705882352941177 -0 0.302853393055752 0.502304733281541
2 147 0.705882352941177 -0 1.03971936050437 0.538174223331157
3 4 1.41176470588235 -0 2.11764705882353 -0
3 136 1.41176470588235 -0 1.63228405356949 0.273395669488624
3 147 1.41176470588235 -0 1.03971936050437 0.538174223331157
4 5 2.11764705882353 -0 2.82352941176471 -0
4 136 2.11764705882353 -0 1.63228405356949 0.273395669488624
4 152 2.11764705882353 -0 2.21115568589948 0.522878445066472
4 189 2.11764705882353 -0 2.31817905991477 0.117116216649859
5 6 2.82352941176471 -0 3.52941176470588 -0
5 97 2.82352941176471 -0 2.77785539406678 0.359315497686615
5 189 2.82352941176471 -0 2.31817905991477 0.117116216649859
6 7 3.52941176470588 -0 4.23529411764706 -0
6 94 3.52941176470588 -0 4.03158634982009 0.598322774585001
6 97 3.52941176470588 -0 2.77785539406678 0.359315497686615
6 127 3.52941176470588 -0 3.57988436071492 1.01348170784537
7 8 4.23529411764706 -0 4.94117647058824 -0
7 94 4.23529411764706 -0 4.03158634982009 0.598322774585001
7 172 4.23529411764706 -0 4.42797436916166 0.538450682917934
8 9 4.94117647058824 -0 5.64705882352941 -0
8 69 4.94117647058824 -0 4.93457358270784 0.572096885785804
8 172 4.94117647058824 -0 4.42797436916166 0.538450682917934
8 175 4.94117647058824 -0 5.27936457026777 0.30692012560839
9 10 5.64705882352941 -0 6.35294117647059 0
9 135 5.64705882352941 -0 5.68290317912798 1.26113488378562
9 175 5.64705882352941 -0 5.27936457026777 0.30692012560839
9 263 5.64705882352941 -0 6.31709682087202 1.26113488378562
10 11 6.35294117647059 0 7.05882352941176 0
10 263 6.35294117647059 0 6.31709682087202 1.26113488378562
10 303 6.35294117647059 0 6.72063542973223 0.30692012560839
11 12 7.05882352941176 0 7.76470588235294 0
11 197 7.05882352941176 0 7.06542641729216 0.572096885785804
11 300 7.05882352941176 0 7.57202563083834 0.538450682917934
11 303 7.05882352941176 0 6.72063542973223 0.30692012560839
12 13 7.76470588235294 0 8.47058823529412 0
12 222 7.76470588235294 0 7.96841365017991 0.598322774585001
12 300 7.76470588235294 0 7.57202563083834 0.538450682917934
13 14 8.47058823529412 0 9.17647058823529 0
13 222 8.47058823529412 0 7.96841365017991 0.598322774585001
13 225 8.47058823529412 0 9.22214460593321 0.359315497686615
13 255 8.47058823529412 0 8.42011563928508 1.01348170784537
14 15 9.17647058823529 0 9.88235294117647 0
14 225 9.17647058823529 0 9.22214460593321 0.359315497686615
14 317 9.17647058823529 0 9.68182094008523 0.117116216649859
15 16 9.88235294117647 0 10.5882352941176 0
15 264 9.88235294117647 0 10.3677159464305 0.273395669488624
15 280 9.88235294117647 0 9.78884431410052 0.522878445066472
15 317 9.88235294117647 0 9.68182094008523 0.117116216649859
16 17 10.5882352941176 0 11.2941176470588 0
16 264 10.5882352941176 0 10.3677159464305 0.273395669488624
16 275 10.5882352941176 0 10.9602806394956 0.538174223331157
17 18 11.2941176470588 0 12 0
17 214 11.2941176470588 0 11.6971466069442 0.502304733281541
17 275 11.2941176470588 0 10.9602806394956 0.538174223331157
18 19 12 0 12 0.705882352941177
18 214 12 0 11.6971466069442 0.502304733281541
19 20 12 0.705882352941177 12 1.41176470588235
19 214 12 0.705882352941177 11.6971466069442 0.502304733281541
19 253 12 0.705882352941177 11.3937384517204 1.33178962066287
20 21 12 1.41176470588235 12 2.11764705882353
20 253 12 1.41176470588235 11.3937384517204 1.33178962066287
21 22 12 2.11764705882353 12 2.82352941176471
21 253 12 2.11764705882353 11.3937384517204 1.33178962066287
21 272 12 2.11764705882353 11.295402486736 2.67358047276237
21 304 12 2.11764705882353 11.1635374456929 2.11129220118023
22 23 12 2.82352941176471 12 3.52941176470588
22 262 12 2.82352941176471 11.6627558938882 3.1668227820246
22 272 12 2.82352941176471 11.295402486736 2.67358047276237
23 24 12 3.52941176470588 12 4.23529411764706
23 209 12 3.52941176470588 11.3737824423761 4.16596285311648
23 262 12 3.52941176470588 11.6627558938882 3.1668227820246
23 313 12 3.52941176470588 11.3002929821394 3.28588072849148
24 25 12 4.23529411764706 12 4.94117647058824
24 209 12 4.23529411764706 11.3737824423761 4.16596285311648
25 26 12 4.94117647058824 12 5.64705882352941
25 209 12 4.94117647058824 11.3737824423761 4.16596285311648
25 314 12 4.94117647058824 11.6003095088643 5.23693423158792
26 27 12 5.64705882352941 12 6.35294117647059
26 243 12 5.64705882352941 11.6739620174846 6.4114424586581
26 281 12 5.64705882352941 11.3442157627616 6.01306523277362
26 314 12 5.64705882352941 11.6003095088643 5.23693423158792
27 28 12 6.35294117647059 12 7.05882352941176
27 243 12 6.35294117647059 11.6739620174846 6.4114424586581
28 29 12 7.05882352941176 12 7.76470588235294
28 243 12 7.05882352941176 11.6739620174846 6.4114424586581
28 293 12 7.05882352941176 11.4488367830693 7.18802105419698
28 295 12 7.05882352941176 11.6605625088583 7.72465168779846
29 30 12 7.76470588235294 12 8.47058823529412
29 295 12 7.76470588235294 11.6605625088583 7.72465168779846
30 31 12 8.47058823529412 12 9.17647058823529
30 295 12 8.47058823529412 11.6605625088583 7.72465168779846
30 321 12 8.47058823529412 11.5850544340075 8.63420906916086
31 32 12 9.17647058823529 12 9.88235294117647
31 321 12 9.17647058823529 11.5850544340075 8.63420906916086
31 323 12 9.17647058823529 10.954229456332 9.15611849554772
32 33 12 9.88235294117647 12 10.5882352941176
32 211 12 9.88235294117647 10.8731709752108 10.0316714453968
32 318 12 9.88235294117647 11.3682389103602 10.3463837034873
32 323 12 9.88235294117647 10.954229456332 9.15611849554772
33 34 12 10.5882352941176 12 11.2941176470588
33 283 12 10.5882352941176 11.3498230612322 11.1274350008099
33 318 12 10.5882352941176 11.3682389103602 10.3463837034873
34 35 12 11.2941176470588 12 12
34 273 12 11.2941176470588 11.1693521751683 11.5407938596047
34 283 12 11.2941176470588 11.3498230612322 11.1274350008099
35 36 12 12 11.2941176470588 12
35 273 12 12 11.1693521751683 11.5407938596047
36 37 11.2941176470588 12 10.5882352941176 12
36 273 11.2941176470588 12 11.1693521751683 11.5407938596047
37 38 10.5882352941176 12 9.88235294117647 12
37 202 10.5882352941176 12 10.3657367396252 11.7782320941355
37 273 10.5882352941176 12 11.1693521751683 11.5407938596047
38 39 9.88235294117647 12 9.17647058823529 12
38 202 9.88235294117647 12 10.3657367396252 11.7782320941355
38 208 9.88235294117647 12 9.73958582580574 11.2200532078777
39 40 9.17647058823529 12 8.47058823529412 12
39 208 9.17647058823529 12 9.73958582580574 11.2200532078777
39 241 9.17647058823529 12 8.5054952139978 10.4659335924272
40 41 8.47058823529412 12 7.76470588235294 12
40 236 8.47058823529412 12 8.06584556341866 11.6132407710161
40 241 8.47058823529412 12 8.5054952139978 10.4659335924272
41 42 7.76470588235294 12 7.05882352941176 12
41 207 7.76470588235294 12 7.11190681510015 11.5902293184885
41 236 7.76470588235294 12 8.06584556341866 11.6132407710161
42 43 7.05882352941176 12 6.35294117647059 12
42 207 7.05882352941176 12 7.11190681510015 11.5902293184885
42 227 7.05882352941176 12 6.73361110894097 11.7888116567389
43 44 6.35294117647059 12 5.64705882352941 12
43 227 6.35294117647059 12 6.73361110894097 11.7888116567389
43 277 6.35294117647059 12 6.31583456900329 10.8789735725944
44 45 5.64705882352941 12 4.94117647058824 12
44 99 5.64705882352941 12 5.26638889105903 11.7888116567389
44 149 5.64705882352941 12 5.68416543099671 10.8789735725944
44 277 5.64705882352941 12 6.31583456900329 10.8789735725944
45 46 4.94117647058824 12 4.23529411764706 12
45 79 4.94117647058824 12 4.88809318489985 11.5902293184885
45 99 4.94117647058824 12 5.26638889105903 11.7888116567389
46 47 4.23529411764706 12 3.52941176470588 12
46 79 4.23529411764706 12 4.88809318489985 11.5902293184885
46 108 4.23529411764706 12 3.93415443658134 11.6132407710161
47 48 3.52941176470588 12 2.82352941176471 12
47 108 3.52941176470588 12 3.93415443658134 11.6132407710161
47 113 3.52941176470588 12 3.4945047860022 10.4659335924272
48 49 2.82352941176471 12 2.11764705882353 12
48 80 2.82352941176471 12 2.26041417419426 11.2200532078777
48 113 2.82352941176471 12 3.4945047860022 10.4659335924272
49 50 2.11764705882353 12 1.41176470588235 12
49 74 2.11764705882353 12 1.63426326037483 11.7782320941355
49 80 2.11764705882353 12 2.26041417419426 11.2200532078777
50 51 1.41176470588235 12 0.705882352941177 12
50 74 1.41176470588235 12 1.63426326037483 11.7782320941355
50 145 1.41176470588235 12 0.830647824831744 11.5407938596047
51 52 0.705882352941177 12 0 12
51 145 0.705882352941177 12 0.830647824831744 11.5407938596047
52 53 0 12 0 11.2941176470588
52 145 0 12 0.830647824831744 11.5407938596047
53 54 0 11.2941176470588 0 10.5882352941176
53 145 0 11.2941176470588 0.830647824831744 11.5407938596047
53 155 0 11.2941176470588 0.650176938767785 11.1274350008099
54 55 0 10.5882352941176 0 9.88235294117647
54 155 0 10.5882352941176 0.650176938767785 11.1274350008099
54 190 0 10.5882352941176 0.631761089639812 10.3463837034873
55 56 0 9.88235294117647 0 9.17647058823529
55 83 0 9.88235294117647 1.12682902478916 10.0316714453968
55 190 0 9.88235294117647 0.631761089639812 10.3463837034873
55 195 0 9.88235294117647 1.04577054366798 9.15611849554772
56 57 0 9.17647058823529 0 8.47058823529412
56 193 0 9.17647058823529 0.414945565992472 8.63420906916086
56 195 0 9.17647058823529 1.04577054366798 9.15611849554772
57 58 0 8.47058823529412 0 7.76470588235294
57 167 0 8.47058823529412 0.339437491141733 7.72465168779846
57 193 0 8.47058823529412 0.414945565992472 8.63420906916086
58 59 0 7.76470588235294 0 7.05882352941176
58 167 0 7.76470588235294 0.339437491141733 7.72465168779846
59 60 0 7.05882352941176 0 6.35294117647059
59 115 0 7.05882352941176 0.326037982515427 6.4114424586581
59 165 0 7.05882352941176 0.551163216930749 7.18802105419698
59 167 0 7.05882352941176 0.339437491141733 7.72465168779846
60 61 0 6.35294117647059 -0 5.64705882352941
60 115 0 6.35294117647059 0.326037982515427 6.4114424586581
61 62 -0 5.64705882352941 -0 4.94117647058824
61 115 -0 5.64705882352941 0.326037982515427 6.4114424586581
61 153 -0 5.64705882352941 0.655784237238369 6.01306523277362
61 186 -0 5.64705882352941 0.399690491135668 5.23693423158792
62 63 -0 4.94117647058824 -0 4.23529411764706
62 81 -0 4.94117647058824 0.626217557623949 4.16596285311648
62 186 -0 4.94117647058824 0.399690491135668 5.23693423158792
63 64 -0 4.23529411764706 -0 3.52941176470588
63 81 -0 4.23529411764706 0.626217557623949 4.16596285311648
64 65 -0 3.52941176470588 -0 2.82352941176471
64 81 -0 3.52941176470588 0.626217557623949 4.16596285311648
64 134 -0 3.52941176470588 0.337244106111777 3.1668227820246
64 185 -0 3.52941176470588 0.699707017860605 3.28588072849148
65 66 -0 2.82352941176471 -0 2.11764705882353
65 134 -0 2.82352941176471 0.337244106111777 3.1668227820246
65 144 -0 2.82352941176471 0.70459751326403 2.67358047276237
66 67 -0 2.11764705882353 -0 1.41176470588235
66 125 -0 2.11764705882353 0.606261548279603 1.33178962066287
66 144 -0 2.11764705882353 0.70459751326403 2.67358047276237
66 176 -0 2.11764705882353 0.836462554307132 2.11129220118023
67 68 -0 1.41176470588235 -0 0.705882352941177
67 125 -0 1.41176470588235 0.606261548279603 1.33178962066287
68 86 -0 0.705882352941177 0.302853393055752 0.502304733281541
68 125 -0 0.705882352941177 0.606261548279603 1.33178962066287
69 118 4.93457358270784 0.572096885785804 4.05100252804378 1.46743875547357
69 135 4.93457358270784 0.572096885785804 5.68290317912798 1.26113488378562
69 170 4.93457358270784 0.572096885785804 4.79239250306534 1.87517631439453
69 172 4.93457358270784 0.572096885785804 4.42797436916166 0.538450682917934
69 175 4.93457358270784 0.572096885785804 5.27936457026777 0.30692012560839
70 75 3.90975098483521 4.79289221185984 3.62099890745007 3.55621530777288
70 87 3.90975098483521 4.79289221185984 3.46667661953058 5.30287409151586
70 109 3.90975098483521 4.79289221185984 5.05931970235648 3.62386463121216
70 131 3.90975098483521 4.79289221185984 4.08899280159335 5.6109466109344
70 142 3.90975098483521 4.79289221185984 3.48735920007097 4.8948414064783
70 174 3.90975098483521 4.79289221185984 4.7406357549015 3.34952356433108
70 187 3.90975098483521 4.79289221185984 4.79931155174769 5.29509751576671
71 84 2.51744591363985 1.77170424072347 3.56694145863157 2.24874125502565
71 85 2.51744591363985 1.77170424072347 1.81181002152715 2.05713948589711
71 90 2.51744591363985 1.77170424072347 3.53176288978113 2.68821610670403
71 104 2.51744591363985 1.77170424072347 2.60124305734396 3.44008888540789
71 146 2.51744591363985 1.77170424072347 2.12265477957367 1.03969711237516
71 156 2.51744591363985 1.77170424072347 2.13529271258556 1.5510974714017
71 173 2.51744591363985 1.77170424072347 1.9519211257977 3.1496060817914
71 181 2.51744591363985 1.77170424072347 3.11655734875077 1.4552354081271
72 75 4.06551577019699 2.80809683019445 3.62099890745007 3.55621530777288
72 82 4.06551577019699 2.80809683019445 4.61884419553895 2.45052029366449
72 84 4.06551577019699 2.80809683019445 3.56694145863157 2.24874125502565
72 90 4.06551577019699 2.80809683019445 3.53176288978113 2.68821610670403
72 92 4.06551577019699 2.80809683019445 4.85127949206734 2.80429347654165
72 119 4.06551577019699 2.80809683019445 4.29508852218987 2.2265912505655
72 174 4.06551577019699 2.80809683019445 4.7406357549015 3.34952356433108
73 88 2.1128039704222 8.39311633902045 2.29550090034936 9.0486439314804
73 124 2.1128039704222 8.39311633902045 2.57005282537617 8.07050398957574
73 154 2.1128039704222 8.39311633902045 2.9242850424873 8.5012867129365
73 177 2.1128039704222 8.39311633902045 1.69959890971666 8.20604272497455
73 195 2.1128039704222 8.39311633902045 1.04577054366798 9.15611849554772
74 80 1.63426326037483 11.7782320941355 2.26041417419426 11.2200532078777
74 102 1.63426326037483 11.7782320941355 1.80412711496966 11.0865891394488
74 145 1.63426326037483 11.7782320941355 0.830647824831744 11.5407938596047
75 90 3.62099890745007 3.55621530777288 3.53176288978113 2.68821610670403
75 104 3.62099890745007 3.55621530777288 2.60124305734396 3.44008888540789
75 121 3.62099890745007 3.55621530777288 2.70152624024769 3.86197761620432
75 142 3.62099890745007 3.55621530777288 3.48735920007097 4.8948414064783
75 174 3.62099890745007 3.55621530777288 4.7406357549015 3.34952356433108
76 109 5.83289527309966 4.38385795827997 5.05931970235648 3.62386463121216
76 122 5.83289527309966 4.38385795827997 5.55739094626138 4.93760918413494
76 160 5.83289527309966 4.38385795827997 5.9066108329637 3.67437136019187
76 204 5.83289527309966 4.38385795827997 6.16710472690034 4.38385795827997
76 288 5.83289527309966 4.38385795827997 6.0933891670363 3.67437136019187
77 91 2.36086965671149 5.26284460426476 2.5113070071046 5.71755912430369
77 95 2.36086965671149 5.26284460426476 1.81082826492793 5.84260766911005
77 100 2.36086965671149 5.26284460426476 1.91013693426413 4.57961400748847
77 116 2.36086965671149 5.26284460426476 2.93713373950834 4.82360314491925
77 132 2.36086965671149 5.26284460426476 2.53236609691806 4.90632763120585
77 133 2.36086965671149 5.26284460426476 3.18006509845144 5.77046684168772
77 151 2.36086965671149 5.26284460426476 1.68573820961718 4.90605996781298
78 81 1.43230254388936 3.45406430330015 0.626217557623949 4.16596285311648
78 114 1.43230254388936 3.45406430330015 1.22424644582306 2.76238214640875
78 128 1.43230254388936 3.45406430330015 2.02935132919513 3.85114378164817
78 173 1.43230254388936 3.45406430330015 1.9519211257977 3.1496060817914
78 180 1.43230254388936 3.45406430330015 1.56749612851049 4.14705156409891
78 185 1.43230254388936 3.45406430330015 0.699707017860605 3.28588072849148
78 192 1.43230254388936 3.45406430330015 1.64318379548261 2.92815236747121
79 99 4.88809318489985 11.5902293184885 5.26638889105903 11.7888116567389
79 108 4.88809318489985 11.5902293184885 3.93415443658134 11.6132407710161
79 148 4.88809318489985 11.5902293184885 4.88534655446577 10.5490892019403
79 149 4.88809318489985 11.5902293184885 5.68416543099671 10.8789735725944
80 102 2.26041417419426 11.2200532078777 1.80412711496966 11.0865891394488
80 113 2.26041417419426 11.2200532078777 3.4945047860022 10.4659335924272
80 129 2.26041417419426 11.2200532078777 2.32934577157122 10.5061427234497
81 98 0.626217557623949 4.16596285311648 1.02740659597274 5.00824047928641
81 171 0.626217557623949 4.16596285311648 1.22600961152148 4.45927679613351
81 180 0.626217557623949 4.16596285311648 1.56749612851049 4.14705156409891
81 185 0.626217557623949 4.16596285311648 0.699707017860605 3.28588072849148
81 186 0.626217557623949 4.16596285311648 0.399690491135668 5.23693423158792
82 92 4.61884419553895 2.45052029366449 4.85127949206734 2.80429347654165
82 119 4.61884419553895 2.45052029366449 4.29508852218987 2.2265912505655
82 170 4.61884419553895 2.45052029366449 4.79239250306534 1.87517631439453
82 191 4.61884419553895 2.45052029366449 5.56942569626371 2.0972120120931
83 120 1.12682902478916 10.0316714453968 1.48485127751054 10.5007617712101
83 130 1.12682902478916 10.0316714453968 1.50608959324501 9.92906751150218
83 190 1.12682902478916 10.0316714453968 0.631761089639812 10.3463837034873
83 195 1.12682902478916 10.0316714453968 1.04577054366798 9.15611849554772
84 90 3.56694145863157 2.24874125502565 3.53176288978113 2.68821610670403
84 118 3.56694145863157 2.24874125502565 4.05100252804378 1.46743875547357
84 119 3.56694145863157 2.24874125502565 4.29508852218987 2.2265912505655
84 181 3.56694145863157 2.24874125502565 3.11655734875077 1.4552354081271
85 105 1.81181002152715 2.05713948589711 1.46574884307262 1.86487130031891
85 114 1.81181002152715 2.05713948589711 1.22424644582306 2.76238214640875
85 156 1.81181002152715 2.05713948589711 2.13529271258556 1.5510974714017
85 173 1.81181002152715 2.05713948589711 1.9519211257977 3.1496060817914
85 184 1.81181002152715 2.05713948589711 1.71562797897771 1.42008726889396
85 192 1.81181002152715 2.05713948589711 1.64318379548261 2.92815236747121
86 125 0.302853393055752 0.502304733281541 0.606261548279603 1.33178962066287
86 138 0.302853393055752 0.502304733281541 1.00050035391034 1.0890093178544
86 147 0.302853393055752 0.502304733281541 1.03971936050437 0.538174223331157
87 116 3.46667661953058 5.30287409151586 2.93713373950834 4.82360314491925
87 131 3.46667661953058 5.30287409151586 4.08899280159335 5.6109466109344
87 133 3.46667661953058 5.30287409151586 3.18006509845144 5.77046684168772
87 140 3.46667661953058 5.30287409151586 3.4002251597775 6.0995055395934
87 142 3.46667661953058 5.30287409151586 3.48735920007097 4.8948414064783
88 96 2.29550090034936 9.0486439314804 2.25222771582806 9.66744274525043
88 130 2.29550090034936 9.0486439314804 1.50608959324501 9.92906751150218
88 154 2.29550090034936 9.0486439314804 2.9242850424873 8.5012867129365
88 166 2.29550090034936 9.0486439314804 2.53781367310604 9.35278021892577
88 195 2.29550090034936 9.0486439314804 1.04577054366798 9.15611849554772
89 106 3.98423349430623 6.99649786921309 2.86915430549286 7.18933658902241
89 110 3.98423349430623 6.99649786921309 3.58939932977124 6.63547160418978
89 131 3.98423349430623 6.99649786921309 4.08899280159335 5.6109466109344
89 137 3.98423349430623 6.99649786921309 3.69534011752569 7.78151731185698
89 196 3.98423349430623 6.99649786921309 4.38492233769905 7.08888927501323
90 104 3.53176288978113 2.68821610670403 2.60124305734396 3.44008888540789
91 95 2.5113070071046 5.71755912430369 1.81082826492793 5.84260766911005
91 133 2.5113070071046 5.71755912430369 3.18006509845144 5.77046684168772
91 139 2.5113070071046 5.71755912430369 2.37158481397157 6.43278537225704
91 158 2.5113070071046 5.71755912430369 2.98279467751586 6.34070600933795
92 109 4.85127949206734 2.80429347654165 5.05931970235648 3.62386463121216
92 157 4.85127949206734 2.80429347654165 5.89426217593732 2.32507515966869
92 160 4.85127949206734 2.80429347654165 5.9066108329637 3.67437136019187
92 174 4.85127949206734 2.80429347654165 4.7406357549015 3.34952356433108
92 191 4.85127949206734 2.80429347654165 5.56942569626371 2.0972120120931
93 101 5.02737411995852 9.78599581051954 5.97988980521487 10.2850541769288
93 103 5.02737411995852 9.78599581051954 4.14154915070939 10.3451476133359
93 148 5.02737411995852 9.78599581051954 4.88534655446577 10.5490892019403
93 162 5.02737411995852 9.78599581051954 4.77428428127291 8.88649024273459
93 178 5.02737411995852 9.78599581051954 5.74587918415562 8.26431604693777
93 194 5.02737411995852 9.78599581051954 4.54197373708973 9.50594170935273
94 118 4.03158634982009 0.598322774585001 4.05100252804378 1.46743875547357
94 127 4.03158634982009 0.598322774585001 3.57988436071492 1.01348170784537
94 172 4.03158634982009 0.598322774585001 4.42797436916166 0.538450682917934
95 112 1.81082826492793 5.84260766911005 0.803306007339048 6.42740591065916
95 139 1.81082826492793 5.84260766911005 2.37158481397157 6.43278537225704
95 141 1.81082826492793 5.84260766911005 1.41991978912968 5.58650906993692
95 151 1.81082826492793 5.84260766911005 1.68573820961718 4.90605996781298
95 164 1.81082826492793 5.84260766911005 1.44241416684398 7.08793013538384
96 129 2.25222771582806 9.66744274525043 2.32934577157122 10.5061427234497
96 130 2.25222771582806 9.66744274525043 1.50608959324501 9.92906751150218
96 166 2.25222771582806 9.66744274525043 2.53781367310604 9.35278021892577
96 179 2.25222771582806 9.66744274525043 2.87872797284636 10.1307399674178
97 127 2.77785539406678 0.359315497686615 3.57988436071492 1.01348170784537
97 146 2.77785539406678 0.359315497686615 2.12265477957367 1.03969711237516
97 152 2.77785539406678 0.359315497686615 2.21115568589948 0.522878445066472
97 181 2.77785539406678 0.359315497686615 3.11655734875077 1.4552354081271
97 189 2.77785539406678 0.359315497686615 2.31817905991477 0.117116216649859
98 141 1.02740659597274 5.00824047928641 1.41991978912968 5.58650906993692
98 151 1.02740659597274 5.00824047928641 1.68573820961718 4.90605996781298
98 153 1.02740659597274 5.00824047928641 0.655784237238369 6.01306523277362
98 171 1.02740659597274 5.00824047928641 1.22600961152148 4.45927679613351
98 186 1.02740659597274 5.00824047928641 0.399690491135668 5.23693423158792
99 149 5.26638889105903 11.7888116567389 5.68416543099671 10.8789735725944
100 121 1.91013693426413 4.57961400748847 2.70152624024769 3.86197761620432
100 128 1.91013693426413 4.57961400748847 2.02935132919513 3.85114378164817
100 132 1.91013693426413 4.57961400748847 2.53236609691806 4.90632763120585
100 151 1.91013693426413 4.57961400748847 1.68573820961718 4.90605996781298
100 171 1.91013693426413 4.57961400748847 1.22600961152148 4.45927679613351
100 180 1.91013693426413 4.57961400748847 1.56749612851049 4.14705156409891
101 148 5.97988980521487 10.2850541769288 4.88534655446577 10.5490892019403
101 149 5.97988980521487 10.2850541769288 5.68416543099671 10.8789735725944
101 178 5.97988980521487 10.2850541769288 5.74587918415562 8.26431604693777
101 229 5.97988980521487 10.2850541769288 6.02011019478513 10.2850541769288
102 120 1.80412711496966 11.0865891394488 1.48485127751054 10.5007617712101
102 129 1.80412711496966 11.0865891394488 2.32934577157122 10.5061427234497
102 145 1.80412711496966 11.0865891394488 0.830647824831744 11.5407938596047
102 155 1.80412711496966 11.0865891394488 0.650176938767785 11.1274350008099
103 108 4.14154915070939 10.3451476133359 3.93415443658134 11.6132407710161
103 113 4.14154915070939 10.3451476133359 3.4945047860022 10.4659335924272
103 148 4.14154915070939 10.3451476133359 4.88534655446577 10.5490892019403
103 183 4.14154915070939 10.3451476133359 3.51937609947011 9.89559315709344
103 194 4.14154915070939 10.3451476133359 4.54197373708973 9.50594170935273
104 121 2.60124305734396 3.44008888540789 2.70152624024769 3.86197761620432
104 128 2.60124305734396 3.44008888540789 2.02935132919513 3.85114378164817
104 173 2.60124305734396 3.44008888540789 1.9519211257977 3.1496060817914
105 111 1.46574884307262 1.86487130031891 1.27710072792987 1.41824197600811
105 114 1.46574884307262 1.86487130031891 1.22424644582306 2.76238214640875
105 176 1.46574884307262 1.86487130031891 0.836462554307132 2.11129220118023
105 184 1.46574884307262 1.86487130031891 1.71562797897771 1.42008726889396
106 107 2.86915430549286 7.18933658902241 3.20047238726848 8.1198003379681
106 110 2.86915430549286 7.18933658902241 3.58939932977124 6.63547160418978
106 124 2.86915430549286 7.18933658902241 2.57005282537617 8.07050398957574
106 137 2.86915430549286 7.18933658902241 3.69534011752569 7.78151731185698
106 139 2.86915430549286 7.18933658902241 2.37158481397157 6.43278537225704
106 158 2.86915430549286 7.18933658902241 2.98279467751586 6.34070600933795
106 164 2.86915430549286 7.18933658902241 1.44241416684398 7.08793013538384
106 182 2.86915430549286 7.18933658902241 1.47797974003987 7.78673556464913
107 124 3.20047238726848 8.1198003379681 2.57005282537617 8.07050398957574
107 126 3.20047238726848 8.1198003379681 4.34730170985805 8.21362416098271
107 137 3.20047238726848 8.1198003379681 3.69534011752569 7.78151731185698
107 143 3.20047238726848 8.1198003379681 3.42156999355285 9.06176597826054
107 154 3.20047238726848 8.1198003379681 2.9242850424873 8.5012867129365
108 113 3.93415443658134 11.6132407710161 3.4945047860022 10.4659335924272
108 148 3.93415443658134 11.6132407710161 4.88534655446577 10.5490892019403
109 122 5.05931970235648 3.62386463121216 5.55739094626138 4.93760918413494
109 160 5.05931970235648 3.62386463121216 5.9066108329637 3.67437136019187
109 174 5.05931970235648 3.62386463121216 4.7406357549015 3.34952356433108
109 187 5.05931970235648 3.62386463121216 4.79931155174769 5.29509751576671
110 131 3.58939932977124 6.63547160418978 4.08899280159335 5.6109466109344
110 140 3.58939932977124 6.63547160418978 3.4002251597775 6.0995055395934
110 158 3.58939932977124 6.63547160418978 2.98279467751586 6.34070600933795
111 125 1.27710072792987 1.41824197600811 0.606261548279603 1.33178962066287
111 138 1.27710072792987 1.41824197600811 1.00050035391034 1.0890093178544
111 176 1.27710072792987 1.41824197600811 0.836462554307132 2.11129220118023
111 184 1.27710072792987 1.41824197600811 1.71562797897771 1.42008726889396
112 115 0.803306007339048 6.42740591065916 0.326037982515427 6.4114424586581
112 141 0.803306007339048 6.42740591065916 1.41991978912968 5.58650906993692
112 153 0.803306007339048 6.42740591065916 0.655784237238369 6.01306523277362
112 164 0.803306007339048 6.42740591065916 1.44241416684398 7.08793013538384
112 168 0.803306007339048 6.42740591065916 0.939623692938125 6.92996211083186
113 129 3.4945047860022 10.4659335924272 2.32934577157122 10.5061427234497
113 179 3.4945047860022 10.4659335924272 2.87872797284636 10.1307399674178
113 183 3.4945047860022 10.4659335924272 3.51937609947011 9.89559315709344
114 144 1.22424644582306 2.76238214640875 0.70459751326403 2.67358047276237
114 176 1.22424644582306 2.76238214640875 0.836462554307132 2.11129220118023
114 185 1.22424644582306 2.76238214640875 0.699707017860605 3.28588072849148
114 192 1.22424644582306 2.76238214640875 1.64318379548261 2.92815236747121
115 153 0.326037982515427 6.4114424586581 0.655784237238369 6.01306523277362
115 165 0.326037982515427 6.4114424586581 0.551163216930749 7.18802105419698
115 168 0.326037982515427 6.4114424586581 0.939623692938125 6.92996211083186
116 121 2.93713373950834 4.82360314491925 2.70152624024769 3.86197761620432
116 132 2.93713373950834 4.82360314491925 2.53236609691806 4.90632763120585
116 133 2.93713373950834 4.82360314491925 3.18006509845144 5.77046684168772
116 142 2.93713373950834 4.82360314491925 3.48735920007097 4.8948414064783
117 126 4.36432731466879 8.98011865433135 4.34730170985805 8.21362416098271
117 159 4.36432731466879 8.98011865433135 3.87315241353087 9.14694506798095
117 162 4.36432731466879 8.98011865433135 4.77428428127291 8.88649024273459
117 194 4.36432731466879 8.98011865433135 4.54197373708973 9.50594170935273
118 119 4.05100252804378 1.46743875547357 4.29508852218987 2.2265912505655
118 127 4.05100252804378 1.46743875547357 3.57988436071492 1.01348170784537
118 170 4.05100252804378 1.46743875547357 4.79239250306534 1.87517631439453
118 172 4.05100252804378 1.46743875547357 4.42797436916166 0.538450682917934
118 181 4.05100252804378 1.46743875547357 3.11655734875077 1.4552354081271
119 170 4.29508852218987 2.2265912505655 4.79239250306534 1.87517631439453
120 129 1.48485127751054 10.5007617712101 2.32934577157122 10.5061427234497
120 130 1.48485127751054 10.5007617712101 1.50608959324501 9.92906751150218
120 155 1.48485127751054 10.5007617712101 0.650176938767785 11.1274350008099
120 190 1.48485127751054 10.5007617712101 0.631761089639812 10.3463837034873
121 128 2.70152624024769 3.86197761620432 2.02935132919513 3.85114378164817
121 132 2.70152624024769 3.86197761620432 2.53236609691806 4.90632763120585
121 142 2.70152624024769 3.86197761620432 3.48735920007097 4.8948414064783
122 123 5.55739094626138 4.93760918413494 5.30796686611704 6.05658619418809
122 187 5.55739094626138 4.93760918413494 4.79931155174769 5.29509751576671
122 204 5.55739094626138 4.93760918413494 6.16710472690034 4.38385795827997
122 250 5.55739094626138 4.93760918413494 6.44260905373862 4.93760918413494
123 131 5.30796686611704 6.05658619418809 4.08899280159335 5.6109466109344
123 169 5.30796686611704 6.05658619418809 5.878155458144 6.71388333523615
123 187 5.30796686611704 6.05658619418809 4.79931155174769 5.29509751576671
123 188 5.30796686611704 6.05658619418809 4.8282886362125 7.02317997382312
123 250 5.30796686611704 6.05658619418809 6.44260905373862 4.93760918413494
123 251 5.30796686611704 6.05658619418809 6.69203313388296 6.05658619418809
123 297 5.30796686611704 6.05658619418809 6.121844541856 6.71388333523615
124 154 2.57005282537617 8.07050398957574 2.9242850424873 8.5012867129365
124 177 2.57005282537617 8.07050398957574 1.69959890971666 8.20604272497455
124 182 2.57005282537617 8.07050398957574 1.47797974003987 7.78673556464913
125 138 0.606261548279603 1.33178962066287 1.00050035391034 1.0890093178544
125 176 0.606261548279603 1.33178962066287 0.836462554307132 2.11129220118023
126 137 4.34730170985805 8.21362416098271 3.69534011752569 7.78151731185698
126 143 4.34730170985805 8.21362416098271 3.42156999355285 9.06176597826054
126 159 4.34730170985805 8.21362416098271 3.87315241353087 9.14694506798095
126 162 4.34730170985805 8.21362416098271 4.77428428127291 8.88649024273459
126 163 4.34730170985805 8.21362416098271 4.97665783251171 7.92657157262704
126 196 4.34730170985805 8.21362416098271 4.38492233769905 7.08888927501323
127 181 3.57988436071492 1.01348170784537 3.11655734875077 1.4552354081271
128 173 2.02935132919513 3.85114378164817 1.9519211257977 3.1496060817914
128 180 2.02935132919513 3.85114378164817 1.56749612851049 4.14705156409891
129 130 2.32934577157122 10.5061427234497 1.50608959324501 9.92906751150218
129 179 2.32934577157122 10.5061427234497 2.87872797284636 10.1307399674178
130 195 1.50608959324501 9.92906751150218 1.04577054366798 9.15611849554772
131 140 4.08899280159335 5.6109466109344 3.4002251597775 6.0995055395934
131 187 4.08899280159335 5.6109466109344 4.79931155174769 5.29509751576671
131 188 4.08899280159335 5.6109466109344 4.8282886362125 7.02317997382312
131 196 4.08899280159335 5.6109466109344 4.38492233769905 7.08888927501323
133 140 3.18006509845144 5.77046684168772 3.4002251597775 6.0995055395934
133 158 3.18006509845144 5.77046684168772 2.98279467751586 6.34070600933795
134 144 0.337244106111777 3.1668227820246 0.70459751326403 2.67358047276237
134 185 0.337244106111777 3.1668227820246 0.699707017860605 3.28588072849148
135 161 5.68290317912798 1.26113488378562 5.96187680607467 1.88539226261205
135 170 5.68290317912798 1.26113488378562 4.79239250306534 1.87517631439453
135 175 5.68290317912798 1.26113488378562 5.27936457026777 0.30692012560839
135 191 5.68290317912798 1.26113488378562 5.56942569626371 2.0972120120931
135 263 5.68290317912798 1.26113488378562 6.31709682087202 1.26113488378562
135 289 5.68290317912798 1.26113488378562 6.03812319392533 1.88539226261205
136 138 1.63228405356949 0.273395669488624 1.00050035391034 1.0890093178544
136 146 1.63228405356949 0.273395669488624 2.12265477957367 1.03969711237516
136 147 1.63228405356949 0.273395669488624 1.03971936050437 0.538174223331157
136 152 1.63228405356949 0.273395669488624 2.21115568589948 0.522878445066472
136 184 1.63228405356949 0.273395669488624 1.71562797897771 1.42008726889396
137 196 3.69534011752569 7.78151731185698 4.38492233769905 7.08888927501323
138 147 1.00050035391034 1.0890093178544 1.03971936050437 0.538174223331157
138 184 1.00050035391034 1.0890093178544 1.71562797897771 1.42008726889396
139 158 2.37158481397157 6.43278537225704 2.98279467751586 6.34070600933795
139 164 2.37158481397157 6.43278537225704 1.44241416684398 7.08793013538384
140 158 3.4002251597775 6.0995055395934 2.98279467751586 6.34070600933795
141 151 1.41991978912968 5.58650906993692 1.68573820961718 4.90605996781298
141 153 1.41991978912968 5.58650906993692 0.655784237238369 6.01306523277362
143 154 3.42156999355285 9.06176597826054 2.9242850424873 8.5012867129365
143 159 3.42156999355285 9.06176597826054 3.87315241353087 9.14694506798095
143 166 3.42156999355285 9.06176597826054 2.53781367310604 9.35278021892577
143 183 3.42156999355285 9.06176597826054 3.51937609947011 9.89559315709344
144 176 0.70459751326403 2.67358047276237 0.836462554307132 2.11129220118023
144 185 0.70459751326403 2.67358047276237 0.699707017860605 3.28588072849148
145 155 0.830647824831744 11.5407938596047 0.650176938767785 11.1274350008099
146 152 2.12265477957367 1.03969711237516 2.21115568589948 0.522878445066472
146 156 2.12265477957367 1.03969711237516 2.13529271258556 1.5510974714017
146 181 2.12265477957367 1.03969711237516 3.11655734875077 1.4552354081271
146 184 2.12265477957367 1.03969711237516 1.71562797897771 1.42008726889396
148 149 4.88534655446577 10.5490892019403 5.68416543099671 10.8789735725944
149 229 5.68416543099671 10.8789735725944 6.02011019478513 10.2850541769288
149 277 5.68416543099671 10.8789735725944 6.31583456900329 10.8789735725944
150 163 5.50187155617552 7.9456467672571 4.97665783251171 7.92657157262704
150 169 5.50187155617552 7.9456467672571 5.878155458144 6.71388333523615
150 178 5.50187155617552 7.9456467672571 5.74587918415562 8.26431604693777
150 188 5.50187155617552 7.9456467672571 4.8282886362125 7.02317997382312
150 278 5.50187155617552 7.9456467672571 6.49812844382448 7.9456467672571
150 297 5.50187155617552 7.9456467672571 6.121844541856 6.71388333523615
150 306 5.50187155617552 7.9456467672571 6.25412081584438 8.26431604693777
151 171 1.68573820961718 4.90605996781298 1.22600961152148 4.45927679613351
152 189 2.21115568589948 0.522878445066472 2.31817905991477 0.117116216649859
153 186 0.655784237238369 6.01306523277362 0.399690491135668 5.23693423158792
154 166 2.9242850424873 8.5012867129365 2.53781367310604 9.35278021892577
155 190 0.650176938767785 11.1274350008099 0.631761089639812 10.3463837034873
156 184 2.13529271258556 1.5510974714017 1.71562797897771 1.42008726889396
157 160 5.89426217593732 2.32507515966869 5.9066108329637 3.67437136019187
157 161 5.89426217593732 2.32507515966869 5.96187680607467 1.88539226261205
157 191 5.89426217593732 2.32507515966869 5.56942569626371 2.0972120120931
157 285 5.89426217593732 2.32507515966869 6.10573782406268 2.32507515966869
157 288 5.89426217593732 2.32507515966869 6.0933891670363 3.67437136019187
157 289 5.89426217593732 2.32507515966869 6.03812319392533 1.88539226261205
159 183 3.87315241353087 9.14694506798095 3.51937609947011 9.89559315709344
159 194 3.87315241353087 9.14694506798095 4.54197373708973 9.50594170935273
160 288 5.9066108329637 3.67437136019187 6.0933891670363 3.67437136019187
161 191 5.96187680607467 1.88539226261205 5.56942569626371 2.0972120120931
161 289 5.96187680607467 1.88539226261205 6.03812319392533 1.88539226261205
162 163 4.77428428127291 8.88649024273459 4.97665783251171 7.92657157262704
162 178 4.77428428127291 8.88649024273459 5.74587918415562 8.26431604693777
162 194 4.77428428127291 8.88649024273459 4.54197373708973 9.50594170935273
163 178 4.97665783251171 7.92657157262704 5.74587918415562 8.26431604693777
163 188 4.97665783251171 7.92657157262704 4.8282886362125 7.02317997382312
163 196 4.97665783251171 7.92657157262704 4.38492233769905 7.08888927501323
164 168 1.44241416684398 7.08793013538384 0.939623692938125 6.92996211083186
164 182 1.44241416684398 7.08793013538384 1.47797974003987 7.78673556464913
165 167 0.551163216930749 7.18802105419698 0.339437491141733 7.72465168779846
165 168 0.551163216930749 7.18802105419698 0.939623692938125 6.92996211083186
165 182 0.551163216930749 7.18802105419698 1.47797974003987 7.78673556464913
166 179 2.53781367310604 9.35278021892577 2.87872797284636 10.1307399674178
166 183 2.53781367310604 9.35278021892577 3.51937609947011 9.89559315709344
167 182 0.339437491141733 7.72465168779846 1.47797974003987 7.78673556464913
167 193 0.339437491141733 7.72465168779846 0.414945565992472 8.63420906916086
168 182 0.939623692938125 6.92996211083186 1.47797974003987 7.78673556464913
169 188 5.878155458144 6.71388333523615 4.8282886362125 7.02317997382312
169 297 5.878155458144 6.71388333523615 6.121844541856 6.71388333523615
170 191 4.79239250306534 1.87517631439453 5.56942569626371 2.0972120120931
171 180 1.22600961152148 4.45927679613351 1.56749612851049 4.14705156409891
173 192 1.9519211257977 3.1496060817914 1.64318379548261 2.92815236747121
177 182 1.69959890971666 8.20604272497455 1.47797974003987 7.78673556464913
177 193 1.69959890971666 8.20604272497455 0.414945565992472 8.63420906916086
177 195 1.69959890971666 8.20604272497455 1.04577054366798 9.15611849554772
178 229 5.74587918415562 8.26431604693777 6.02011019478513 10.2850541769288
178 306 5.74587918415562 8.26431604693777 6.25412081584438 8.26431604693777
179 183 2.87872797284636 10.1307399674178 3.51937609947011 9.89559315709344
182 193 1.47797974003987 7.78673556464913 0.414945565992472 8.63420906916086
183 194 3.51937609947011 9.89559315709344 4.54197373708973 9.50594170935273
188 196 4.8282886362125 7.02317997382312 4.38492233769905 7.08888927501323
193 195 0.414945565992472 8.63420906916086 1.04577054366798 9.15611849554772
197 246 7.06542641729216 0.572096885785804 7.94899747195622 1.46743875547357
197 263 7.06542641729216 0.572096885785804 6.31709682087202 1.26113488378562
197 298 7.06542641729216 0.572096885785804 7.20760749693466 1.87517631439453
197 300 7.06542641729216 0.572096885785804 7.57202563083834 0.538450682917934
197 303 7.06542641729216 0.572096885785804 6.72063542973223 0.30692012560839
198 203 8.09024901516479 4.79289221185984 8.37900109254993 3.55621530777288
198 215 8.09024901516479 4.79289221185984 8.53332338046942 5.30287409151586
198 237 8.09024901516479 4.79289221185984 6.94068029764352 3.62386463121216
198 259 8.09024901516479 4.79289221185984 7.91100719840665 5.6109466109344
198 270 8.09024901516479 4.79289221185984 8.51264079992903 4.8948414064783
198 302 8.09024901516479 4.79289221185984 7.2593642450985 3.34952356433108
198 315 8.09024901516479 4.79289221185984 7.20068844825231 5.29509751576671
199 212 9.48255408636015 1.77170424072347 8.43305854136843 2.24874125502565
199 213 9.48255408636015 1.77170424072347 10.1881899784729 2.05713948589711
199 218 9.48255408636015 1.77170424072347 8.46823711021887 2.68821610670403
199 232 9.48255408636015 1.77170424072347 9.39875694265604 3.44008888540789
199 274 9.48255408636015 1.77170424072347 9.87734522042633 1.03969711237516
199 284 9.48255408636015 1.77170424072347 9.86470728741444 1.5510974714017
199 301 9.48255408636015 1.77170424072347 10.0480788742023 3.1496060817914
199 309 9.48255408636015 1.77170424072347 8.88344265124923 1.4552354081271
200 203 7.93448422980301 2.80809683019445 8.37900109254993 3.55621530777288
200 210 7.93448422980301 2.80809683019445 7.38115580446105 2.45052029366449
200 212 7.93448422980301 2.80809683019445 8.43305854136843 2.24874125502565
200 218 7.93448422980301 2.80809683019445 8.46823711021887 2.68821610670403
200 220 7.93448422980301 2.80809683019445 7.14872050793266 2.80429347654165
200 247 7.93448422980301 2.80809683019445 7.70491147781013 2.2265912505655
200 302 7.93448422980301 2.80809683019445 7.2593642450985 3.34952356433108
201 216 9.8871960295778 8.39311633902045 9.70449909965064 9.0486439314804
201 252 9.8871960295778 8.39311633902045 9.42994717462383 8.07050398957574
201 282 9.8871960295778 8.39311633902045 9.0757149575127 8.5012867129365
201 305 9.8871960295778 8.39311633902045 10.3004010902833 8.20604272497455
201 323 9.8871960295778 8.39311633902045 10.954229456332 9.15611849554772
202 208 10.3657367396252 11.7782320941355 9.73958582580574 11.2200532078777
202 230 10.3657367396252 11.7782320941355 10.1958728850303 11.0865891394488
202 273 10.3657367396252 11.7782320941355 11.1693521751683 11.5407938596047
203 218 8.37900109254993 3.55621530777288 8.46823711021887 2.68821610670403
203 232 8.37900109254993 3.55621530777288 9.39875694265604 3.44008888540789
203 249 8.37900109254993 3.55621530777288 9.29847375975231 3.86197761620432
203 270 8.37900109254993 3.55621530777288 8.51264079992903 4.8948414064783
203 302 8.37900109254993 3.55621530777288 7.2593642450985 3.34952356433108
204 237 6.16710472690034 4.38385795827997 6.94068029764352 3.62386463121216
204 250 6.16710472690034 4.38385795827997 6.44260905373862 4.93760918413494
204 288 6.16710472690034 4.38385795827997 6.0933891670363 3.67437136019187
205 219 9.63913034328851 5.26284460426476 9.48869299289539 5.71755912430369
205 223 9.63913034328851 5.26284460426476 10.1891717350721 5.84260766911005
205 228 9.63913034328851 5.26284460426476 10.0898630657359 4.57961400748847
205 244 9.63913034328851 5.26284460426476 9.06286626049166 4.82360314491925
205 260 9.63913034328851 5.26284460426476 9.46763390308194 4.90632763120585
205 261 9.63913034328851 5.26284460426476 8.81993490154856 5.77046684168772
205 279 9.63913034328851 5.26284460426476 10.3142617903828 4.90605996781298
206 209 10.5676974561106 3.45406430330015 11.3737824423761 4.16596285311648
206 242 10.5676974561106 3.45406430330015 10.7757535541769 2.76238214640875
206 256 10.5676974561106 3.45406430330015 9.97064867080487 3.85114378164817
206 301 10.5676974561106 3.45406430330015 10.0480788742023 3.1496060817914
206 308 10.5676974561106 3.45406430330015 10.4325038714895 4.14705156409891
206 313 10.5676974561106 3.45406430330015 11.3002929821394 3.28588072849148
206 320 10.5676974561106 3.45406430330015 10.3568162045174 2.92815236747121
207 227 7.11190681510015 11.5902293184885 6.73361110894097 11.7888116567389
207 236 7.11190681510015 11.5902293184885 8.06584556341866 11.6132407710161
207 276 7.11190681510015 11.5902293184885 7.11465344553423 10.5490892019403
207 277 7.11190681510015 11.5902293184885 6.31583456900329 10.8789735725944
208 230 9.73958582580574 11.2200532078777 10.1958728850303 11.0865891394488
208 241 9.73958582580574 11.2200532078777 8.5054952139978 10.4659335924272
208 257 9.73958582580574 11.2200532078777 9.67065422842878 10.5061427234497
209 226 11.3737824423761 4.16596285311648 10.9725934040273 5.00824047928641
209 299 11.3737824423761 4.16596285311648 10.7739903884785 4.45927679613351
209 308 11.3737824423761 4.16596285311648 10.4325038714895 4.14705156409891
209 313 11.3737824423761 4.16596285311648 11.3002929821394 3.28588072849148
209 314 11.3737824423761 4.16596285311648 11.6003095088643 5.23693423158792
210 220 7.38115580446105 2.45052029366449 7.14872050793266 2.80429347654165
210 247 7.38115580446105 2.45052029366449 7.70491147781013 2.2265912505655
210 298 7.38115580446105 2.45052029366449 7.20760749693466 1.87517631439453
210 319 7.38115580446105 2.45052029366449 6.43057430373629 2.0972120120931
211 248 10.8731709752108 10.0316714453968 10.5151487224895 10.5007617712101
211 258 10.8731709752108 10.0316714453968 10.493910406755 9.92906751150218
211 318 10.8731709752108 10.0316714453968 11.3682389103602 10.3463837034873
211 323 10.8731709752108 10.0316714453968 10.954229456332 9.15611849554772
212 218 8.43305854136843 2.24874125502565 8.46823711021887 2.68821610670403
212 246 8.43305854136843 2.24874125502565 7.94899747195622 1.46743875547357
212 247 8.43305854136843 2.24874125502565 7.70491147781013 2.2265912505655
212 309 8.43305854136843 2.24874125502565 8.88344265124923 1.4552354081271
213 233 10.1881899784729 2.05713948589711 10.5342511569274 1.86487130031891
213 242 10.1881899784729 2.05713948589711 10.7757535541769 2.76238214640875
213 284 10.1881899784729 2.05713948589711 9.86470728741444 1.5510974714017
213 301 10.1881899784729 2.05713948589711 10.0480788742023 3.1496060817914
213 312 10.1881899784729 2.05713948589711 10.2843720210223 1.42008726889396
213 320 10.1881899784729 2.05713948589711 10.3568162045174 2.92815236747121
214 253 11.6971466069442 0.502304733281541 11.3937384517204 1.33178962066287
214 266 11.6971466069442 0.502304733281541 10.9994996460897 1.0890093178544
214 275 11.6971466069442 0.502304733281541 10.9602806394956 0.538174223331157
215 244 8.53332338046942 5.30287409151586 9.06286626049166 4.82360314491925
215 259 8.53332338046942 5.30287409151586 7.91100719840665 5.6109466109344
215 261 8.53332338046942 5.30287409151586 8.81993490154856 5.77046684168772
215 268 8.53332338046942 5.30287409151586 8.5997748402225 6.0995055395934
215 270 8.53332338046942 5.30287409151586 8.51264079992903 4.8948414064783
216 224 9.70449909965064 9.0486439314804 9.74777228417194 9.66744274525043
216 258 9.70449909965064 9.0486439314804 10.493910406755 9.92906751150218
216 282 9.70449909965064 9.0486439314804 9.0757149575127 8.5012867129365
216 294 9.70449909965064 9.0486439314804 9.46218632689396 9.35278021892577
216 323 9.70449909965064 9.0486439314804 10.954229456332 9.15611849554772
217 234 8.01576650569377 6.99649786921309 9.13084569450714 7.18933658902241
217 238 8.01576650569377 6.99649786921309 8.41060067022876 6.63547160418978
217 259 8.01576650569377 6.99649786921309 7.91100719840665 5.6109466109344
217 265 8.01576650569377 6.99649786921309 8.30465988247431 7.78151731185698
217 324 8.01576650569377 6.99649786921309 7.61507766230095 7.08888927501323
218 232 8.46823711021887 2.68821610670403 9.39875694265604 3.44008888540789
219 223 9.48869299289539 5.71755912430369 10.1891717350721 5.84260766911005
219 261 9.48869299289539 5.71755912430369 8.81993490154856 5.77046684168772
219 267 9.48869299289539 5.71755912430369 9.62841518602843 6.43278537225704
219 286 9.48869299289539 5.71755912430369 9.01720532248414 6.34070600933795
220 237 7.14872050793266 2.80429347654165 6.94068029764352 3.62386463121216
220 285 7.14872050793266 2.80429347654165 6.10573782406268 2.32507515966869
220 288 7.14872050793266 2.80429347654165 6.0933891670363 3.67437136019187
220 302 7.14872050793266 2.80429347654165 7.2593642450985 3.34952356433108
220 319 7.14872050793266 2.80429347654165 6.43057430373629 2.0972120120931
221 229 6.97262588004148 9.78599581051954 6.02011019478513 10.2850541769288
221 231 6.97262588004148 9.78599581051954 7.85845084929061 10.3451476133359
221 276 6.97262588004148 9.78599581051954 7.11465344553423 10.5490892019403
221 290 6.97262588004148 9.78599581051954 7.22571571872709 8.88649024273459
221 306 6.97262588004148 9.78599581051954 6.25412081584438 8.26431604693777
221 322 6.97262588004148 9.78599581051954 7.45802626291027 9.50594170935273
222 246 7.96841365017991 0.598322774585001 7.94899747195622 1.46743875547357
222 255 7.96841365017991 0.598322774585001 8.42011563928508 1.01348170784537
222 300 7.96841365017991 0.598322774585001 7.57202563083834 0.538450682917934
223 240 10.1891717350721 5.84260766911005 11.196693992661 6.42740591065916
223 267 10.1891717350721 5.84260766911005 9.62841518602843 6.43278537225704
223 269 10.1891717350721 5.84260766911005 10.5800802108703 5.58650906993692
223 279 10.1891717350721 5.84260766911005 10.3142617903828 4.90605996781298
223 292 10.1891717350721 5.84260766911005 10.557585833156 7.08793013538384
224 257 9.74777228417194 9.66744274525043 9.67065422842878 10.5061427234497
224 258 9.74777228417194 9.66744274525043 10.493910406755 9.92906751150218
224 294 9.74777228417194 9.66744274525043 9.46218632689396 9.35278021892577
224 307 9.74777228417194 9.66744274525043 9.12127202715364 10.1307399674178
225 255 9.22214460593321 0.359315497686615 8.42011563928508 1.01348170784537
225 274 9.22214460593321 0.359315497686615 9.87734522042633 1.03969711237516
225 280 9.22214460593321 0.359315497686615 9.78884431410052 0.522878445066472
225 309 9.22214460593321 0.359315497686615 8.88344265124923 1.4552354081271
225 317 9.22214460593321 0.359315497686615 9.68182094008523 0.117116216649859
226 269 10.9725934040273 5.00824047928641 10.5800802108703 5.58650906993692
226 279 10.9725934040273 5.00824047928641 10.3142617903828 4.90605996781298
226 281 10.9725934040273 5.00824047928641 11.3442157627616 6.01306523277362
226 299 10.9725934040273 5.00824047928641 10.7739903884785 4.45927679613351
226 314 10.9725934040273 5.00824047928641 11.6003095088643 5.23693423158792
227 277 6.73361110894097 11.7888116567389 6.31583456900329 10.8789735725944
228 249 10.0898630657359 4.57961400748847 9.29847375975231 3.86197761620432
228 256 10.0898630657359 4.57961400748847 9.97064867080487 3.85114378164817
228 260 10.0898630657359 4.57961400748847 9.46763390308194 4.90632763120585
228 279 10.0898630657359 4.57961400748847 10.3142617903828 4.90605996781298
228 299 10.0898630657359 4.57961400748847 10.7739903884785 4.45927679613351
228 308 10.0898630657359 4.57961400748847 10.4325038714895 4.14705156409891
229 276 6.02011019478513 10.2850541769288 7.11465344553423 10.5490892019403
229 277 6.02011019478513 10.2850541769288 6.31583456900329 10.8789735725944
229 306 6.02011019478513 10.2850541769288 6.25412081584438 8.26431604693777
230 248 10.1958728850303 11.0865891394488 10.5151487224895 10.5007617712101
230 257 10.1958728850303 11.0865891394488 9.67065422842878 10.5061427234497
230 273 10.1958728850303 11.0865891394488 11.1693521751683 11.5407938596047
230 283 10.1958728850303 11.0865891394488 11.3498230612322 11.1274350008099
231 236 7.85845084929061 10.3451476133359 8.06584556341866 11.6132407710161
231 241 7.85845084929061 10.3451476133359 8.5054952139978 10.4659335924272
231 276 7.85845084929061 10.3451476133359 7.11465344553423 10.5490892019403
231 311 7.85845084929061 10.3451476133359 8.48062390052989 9.89559315709344
231 322 7.85845084929061 10.3451476133359 7.45802626291027 9.50594170935273
232 249 9.39875694265604 3.44008888540789 9.29847375975231 3.86197761620432
232 256 9.39875694265604 3.44008888540789 9.97064867080487 3.85114378164817
232 301 9.39875694265604 3.44008888540789 10.0480788742023 3.1496060817914
233 239 10.5342511569274 1.86487130031891 10.7228992720701 1.41824197600811
233 242 10.5342511569274 1.86487130031891 10.7757535541769 2.76238214640875
233 304 10.5342511569274 1.86487130031891 11.1635374456929 2.11129220118023
233 312 10.5342511569274 1.86487130031891 10.2843720210223 1.42008726889396
234 235 9.13084569450714 7.18933658902241 8.79952761273153 8.1198003379681
234 238 9.13084569450714 7.18933658902241 8.41060067022876 6.63547160418978
234 252 9.13084569450714 7.18933658902241 9.42994717462383 8.07050398957574
234 265 9.13084569450714 7.18933658902241 8.30465988247431 7.78151731185698
234 267 9.13084569450714 7.18933658902241 9.62841518602843 6.43278537225704
234 286 9.13084569450714 7.18933658902241 9.01720532248414 6.34070600933795
234 292 9.13084569450714 7.18933658902241 10.557585833156 7.08793013538384
234 310 9.13084569450714 7.18933658902241 10.5220202599601 7.78673556464913
235 252 8.79952761273153 8.1198003379681 9.42994717462383 8.07050398957574
235 254 8.79952761273153 8.1198003379681 7.65269829014195 8.21362416098271
235 265 8.79952761273153 8.1198003379681 8.30465988247431 7.78151731185698
235 271 8.79952761273153 8.1198003379681 8.57843000644715 9.06176597826054
235 282 8.79952761273153 8.1198003379681 9.0757149575127 8.5012867129365
236 241 8.06584556341866 11.6132407710161 8.5054952139978 10.4659335924272
236 276 8.06584556341866 11.6132407710161 7.11465344553423 10.5490892019403
237 250 6.94068029764352 3.62386463121216 6.44260905373862 4.93760918413494
237 288 6.94068029764352 3.62386463121216 6.0933891670363 3.67437136019187
237 302 6.94068029764352 3.62386463121216 7.2593642450985 3.34952356433108
237 315 6.94068029764352 3.62386463121216 7.20068844825231 5.29509751576671
238 259 8.41060067022876 6.63547160418978 7.91100719840665 5.6109466109344
238 268 8.41060067022876 6.63547160418978 8.5997748402225 6.0995055395934
238 286 8.41060067022876 6.63547160418978 9.01720532248414 6.34070600933795
239 253 10.7228992720701 1.41824197600811 11.3937384517204 1.33178962066287
239 266 10.7228992720701 1.41824197600811 10.9994996460897 1.0890093178544
239 304 10.7228992720701 1.41824197600811 11.1635374456929 2.11129220118023
239 312 10.7228992720701 1.41824197600811 10.2843720210223 1.42008726889396
240 243 11.196693992661 6.42740591065916 11.6739620174846 6.4114424586581
240 269 11.196693992661 6.42740591065916 10.5800802108703 5.58650906993692
240 281 11.196693992661 6.42740591065916 11.3442157627616 6.01306523277362
240 292 11.196693992661 6.42740591065916 10.557585833156 7.08793013538384
240 296 11.196693992661 6.42740591065916 11.0603763070619 6.92996211083186
241 257 8.5054952139978 10.4659335924272 9.67065422842878 10.5061427234497
241 307 8.5054952139978 10.4659335924272 9.12127202715364 10.1307399674178
241 311 8.5054952139978 10.4659335924272 8.48062390052989 9.89559315709344
242 272 10.7757535541769 2.76238214640875 11.295402486736 2.67358047276237
242 304 10.7757535541769 2.76238214640875 11.1635374456929 2.11129220118023
242 313 10.7757535541769 2.76238214640875 11.3002929821394 3.28588072849148
242 320 10.7757535541769 2.76238214640875 10.3568162045174 2.92815236747121
243 281 11.6739620174846 6.4114424586581 11.3442157627616 6.01306523277362
243 293 11.6739620174846 6.4114424586581 11.4488367830693 7.18802105419698
243 296 11.6739620174846 6.4114424586581 11.0603763070619 6.92996211083186
244 249 9.06286626049166 4.82360314491925 9.29847375975231 3.86197761620432
244 260 9.06286626049166 4.82360314491925 9.46763390308194 4.90632763120585
244 261 9.06286626049166 4.82360314491925 8.81993490154856 5.77046684168772
244 270 9.06286626049166 4.82360314491925 8.51264079992903 4.8948414064783
245 254 7.63567268533121 8.98011865433135 7.65269829014195 8.21362416098271
245 287 7.63567268533121 8.98011865433135 8.12684758646913 9.14694506798095
245 290 7.63567268533121 8.98011865433135 7.22571571872709 8.88649024273459
245 322 7.63567268533121 8.98011865433135 7.45802626291027 9.50594170935273
246 247 7.94899747195622 1.46743875547357 7.70491147781013 2.2265912505655
246 255 7.94899747195622 1.46743875547357 8.42011563928508 1.01348170784537
246 298 7.94899747195622 1.46743875547357 7.20760749693466 1.87517631439453
246 300 7.94899747195622 1.46743875547357 7.57202563083834 0.538450682917934
246 309 7.94899747195622 1.46743875547357 8.88344265124923 1.4552354081271
247 298 7.70491147781013 2.2265912505655 7.20760749693466 1.87517631439453
248 257 10.5151487224895 10.5007617712101 9.67065422842878 10.5061427234497
248 258 10.5151487224895 10.5007617712101 10.493910406755 9.92906751150218
248 283 10.5151487224895 10.5007617712101 11.3498230612322 11.1274350008099
248 318 10.5151487224895 10.5007617712101 11.3682389103602 10.3463837034873
249 256 9.29847375975231 3.86197761620432 9.97064867080487 3.85114378164817
249 260 9.29847375975231 3.86197761620432 9.46763390308194 4.90632763120585
249 270 9.29847375975231 3.86197761620432 8.51264079992903 4.8948414064783
250 251 6.44260905373862 4.93760918413494 6.69203313388296 6.05658619418809
250 315 6.44260905373862 4.93760918413494 7.20068844825231 5.29509751576671
251 259 6.69203313388296 6.05658619418809 7.91100719840665 5.6109466109344
251 297 6.69203313388296 6.05658619418809 6.121844541856 6.71388333523615
251 315 6.69203313388296 6.05658619418809 7.20068844825231 5.29509751576671
251 316 6.69203313388296 6.05658619418809 7.1717113637875 7.02317997382312
252 282 9.42994717462383 8.07050398957574 9.0757149575127 8.5012867129365
252 305 9.42994717462383 8.07050398957574 10.3004010902833 8.20604272497455
252 310 9.42994717462383 8.07050398957574 10.5220202599601 7.78673556464913
253 266 11.3937384517204 1.33178962066287 10.9994996460897 1.0890093178544
253 304 11.3937384517204 1.33178962066287 11.1635374456929 2.11129220118023
254 265 7.65269829014195 8.21362416098271 8.30465988247431 7.78151731185698
254 271 7.65269829014195 8.21362416098271 8.57843000644715 9.06176597826054
254 287 7.65269829014195 8.21362416098271 8.12684758646913 9.14694506798095
254 290 7.65269829014195 8.21362416098271 7.22571571872709 8.88649024273459
254 291 7.65269829014195 8.21362416098271 7.02334216748829 7.92657157262704
254 324 7.65269829014195 8.21362416098271 7.61507766230095 7.08888927501323
255 309 8.42011563928508 1.01348170784537 8.88344265124923 1.4552354081271
256 301 9.97064867080487 3.85114378164817 10.0480788742023 3.1496060817914
256 308 9.97064867080487 3.85114378164817 10.4325038714895 4.14705156409891
257 258 9.67065422842878 10.5061427234497 10.493910406755 9.92906751150218
257 307 9.67065422842878 10.5061427234497 9.12127202715364 10.1307399674178
258 323 10.493910406755 9.92906751150218 10.954229456332 9.15611849554772
259 268 7.91100719840665 5.6109466109344 8.5997748402225 6.0995055395934
259 315 7.91100719840665 5.6109466109344 7.20068844825231 5.29509751576671
259 316 7.91100719840665 5.6109466109344 7.1717113637875 7.02317997382312
259 324 7.91100719840665 5.6109466109344 7.61507766230095 7.08888927501323
261 268 8.81993490154856 5.77046684168772 8.5997748402225 6.0995055395934
261 286 8.81993490154856 5.77046684168772 9.01720532248414 6.34070600933795
262 272 11.6627558938882 3.1668227820246 11.295402486736 2.67358047276237
262 313 11.6627558938882 3.1668227820246 11.3002929821394 3.28588072849148
263 289 6.31709682087202 1.26113488378562 6.03812319392533 1.88539226261205
263 298 6.31709682087202 1.26113488378562 7.20760749693466 1.87517631439453
263 303 6.31709682087202 1.26113488378562 6.72063542973223 0.30692012560839
263 319 6.31709682087202 1.26113488378562 6.43057430373629 2.0972120120931
264 266 10.3677159464305 0.273395669488624 10.9994996460897 1.0890093178544
264 274 10.3677159464305 0.273395669488624 9.87734522042633 1.03969711237516
264 275 10.3677159464305 0.273395669488624 10.9602806394956 0.538174223331157
264 280 10.3677159464305 0.273395669488624 9.78884431410052 0.522878445066472
264 312 10.3677159464305 0.273395669488624 10.2843720210223 1.42008726889396
265 324 8.30465988247431 7.78151731185698 7.61507766230095 7.08888927501323
266 275 10.9994996460897 1.0890093178544 10.9602806394956 0.538174223331157
266 312 10.9994996460897 1.0890093178544 10.2843720210223 1.42008726889396
267 286 9.62841518602843 6.43278537225704 9.01720532248414 6.34070600933795
267 292 9.62841518602843 6.43278537225704 10.557585833156 7.08793013538384
268 286 8.5997748402225 6.0995055395934 9.01720532248414 6.34070600933795
269 279 10.5800802108703 5.58650906993692 10.3142617903828 4.90605996781298
269 281 10.5800802108703 5.58650906993692 11.3442157627616 6.01306523277362
271 282 8.57843000644715 9.06176597826054 9.0757149575127 8.5012867129365
271 287 8.57843000644715 9.06176597826054 8.12684758646913 9.14694506798095
271 294 8.57843000644715 9.06176597826054 9.46218632689396 9.35278021892577
271 311 8.57843000644715 9.06176597826054 8.48062390052989 9.89559315709344
272 304 11.295402486736 2.67358047276237 11.1635374456929 2.11129220118023
272 313 11.295402486736 2.67358047276237 11.3002929821394 3.28588072849148
273 283 11.1693521751683 11.5407938596047 11.3498230612322 11.1274350008099
274 280 9.87734522042633 1.03969711237516 9.78884431410052 0.522878445066472
274 284 9.87734522042633 1.03969711237516 9.86470728741444 1.5510974714017
274 309 9.87734522042633 1.03969711237516 8.88344265124923 1.4552354081271
274 312 9.87734522042633 1.03969711237516 10.2843720210223 1.42008726889396
276 277 7.11465344553423 10.5490892019403 6.31583456900329 10.8789735725944
278 291 6.49812844382448 7.9456467672571 7.02334216748829 7.92657157262704
278 297 6.49812844382448 7.9456467672571 6.121844541856 6.71388333523615
278 306 6.49812844382448 7.9456467672571 6.25412081584438 8.26431604693777
278 316 6.49812844382448 7.9456467672571 7.1717113637875 7.02317997382312
279 299 10.3142617903828 4.90605996781298 10.7739903884785 4.45927679613351
280 317 9.78884431410052 0.522878445066472 9.68182094008523 0.117116216649859
281 314 11.3442157627616 6.01306523277362 11.6003095088643 5.23693423158792
282 294 9.0757149575127 8.5012867129365 9.46218632689396 9.35278021892577
283 318 11.3498230612322 11.1274350008099 11.3682389103602 10.3463837034873
284 312 9.86470728741444 1.5510974714017 10.2843720210223 1.42008726889396
285 288 6.10573782406268 2.32507515966869 6.0933891670363 3.67437136019187
285 289 6.10573782406268 2.32507515966869 6.03812319392533 1.88539226261205
285 319 6.10573782406268 2.32507515966869 6.43057430373629 2.0972120120931
287 311 8.12684758646913 9.14694506798095 8.48062390052989 9.89559315709344
287 322 8.12684758646913 9.14694506798095 7.45802626291027 9.50594170935273
289 319 6.03812319392533 1.88539226261205 6.43057430373629 2.0972120120931
290 291 7.22571571872709 8.88649024273459 7.02334216748829 7.92657157262704
290 306 7.22571571872709 8.88649024273459 6.25412081584438 8.26431604693777
290 322 7.22571571872709 8.88649024273459 7.45802626291027 9.50594170935273
291 306 7.02334216748829 7.92657157262704 6.25412081584438 8.26431604693777
291 316 7.02334216748829 7.92657157262704 7.1717113637875 7.02317997382312
291 324 7.02334216748829 7.92657157262704 7.61507766230095 7.08888927501323
292 296 10.557585833156 7.08793013538384 11.0603763070619 6.92996211083186
292 310 10.557585833156 7.08793013538384 10.5220202599601 7.78673556464913
293 295 11.4488367830693 7.18802105419698 11.6605625088583 7.72465168779846
293 296 11.4488367830693 7.18802105419698 11.0603763070619 6.92996211083186
293 310 11.4488367830693 7.18802105419698 10.5220202599601 7.78673556464913
294 307 9.46218632689396 9.35278021892577 9.12127202715364 10.1307399674178
294 311 9.46218632689396 9.35278021892577 8.48062390052989 9.89559315709344
295 310 11.6605625088583 7.72465168779846 10.5220202599601 7.78673556464913
295 321 11.6605625088583 7.72465168779846 11.5850544340075 8.63420906916086
296 310 11.0603763070619 6.92996211083186 10.5220202599601 7.78673556464913
297 316 6.121844541856 6.71388333523615 7.1717113637875 7.02317997382312
298 319 7.20760749693466 1.87517631439453 6.43057430373629 2.0972120120931
299 308 10.7739903884785 4.45927679613351 10.4325038714895 4.14705156409891
301 320 10.0480788742023 3.1496060817914 10.3568162045174 2.92815236747121
305 310 10.3004010902833 8.20604272497455 10.5220202599601 7.78673556464913
305 321 10.3004010902833 8.20604272497455 11.5850544340075 8.63420906916086
305 323 10.3004010902833 8.20604272497455 10.954229456332 9.15611849554772
307 311 9.12127202715364 10.1307399674178 8.48062390052989 9.89559315709344
310 321 10.5220202599601 7.78673556464913 11.5850544340075 8.63420906916086
311 322 8.48062390052989 9.89559315709344 7.45802626291027 9.50594170935273
316 324 7.1717113637875 7.02317997382312 7.61507766230095 7.08888927501323
321 323 11.5850544340075 8.63420906916086 10.954229456332 9.15611849554772
