1 2 0 0 0.705882352941177 -0
1 68 0 0 -0 0.705882352941177
2 3 0.705882352941177 -0 1.41176470588235 -0
2 68 0.705882352941177 -0 -0 0.705882352941177
2 161 0.705882352941177 -0 0.880311912084414 0.492137907792654
3 4 1.41176470588235 -0 2.11764705882353 -0
3 161 1.41176470588235 -0 0.880311912084414 0.492137907792654
3 166 1.41176470588235 -0 1.75811416524543 0.186309583714463
4 5 2.11764705882353 -0 2.82352941176471 -0
4 86 2.11764705882353 -0 2.21499040115586 0.170316585826276
4 166 2.11764705882353 -0 1.75811416524543 0.186309583714463
5 6 2.82352941176471 -0 3.52941176470588 -0
5 86 2.82352941176471 -0 2.21499040115586 0.170316585826276
5 99 2.82352941176471 -0 2.27720085395612 0.830094764622138
5 142 2.82352941176471 -0 3.15986305732223 0.136398362627185
6 7 3.52941176470588 -0 4.23529411764706 -0
6 121 3.52941176470588 -0 4.11532771683315 0.361691394088275
6 142 3.52941176470588 -0 3.15986305732223 0.136398362627185
6 152 3.52941176470588 -0 3.81337712015855 1.03521503474816
7 8 4.23529411764706 -0 4.94117647058824 -0
7 121 4.23529411764706 -0 4.11532771683315 0.361691394088275
8 9 4.94117647058824 -0 5.64705882352941 -0
8 101 4.94117647058824 -0 5.40674069922943 0.323219520074914
8 121 4.94117647058824 -0 4.11532771683315 0.361691394088275
8 140 4.94117647058824 -0 5.01110369766454 1.15241321533653
9 10 5.64705882352941 -0 6.35294117647059 0
9 101 5.64705882352941 -0 5.40674069922943 0.323219520074914
9 137 5.64705882352941 -0 5.88417150257525 0.898312035516385
9 265 5.64705882352941 -0 6.11582849742475 0.898312035516385
10 11 6.35294117647059 0 7.05882352941176 0
10 229 6.35294117647059 0 6.59325930077057 0.323219520074914
10 265 6.35294117647059 0 6.11582849742475 0.898312035516385
11 12 7.05882352941176 0 7.76470588235294 0
11 229 7.05882352941176 0 6.59325930077057 0.323219520074914
11 249 7.05882352941176 0 7.88467228316685 0.361691394088275
11 268 7.05882352941176 0 6.98889630233546 1.15241321533653
12 13 7.76470588235294 0 8.47058823529412 0
12 249 7.76470588235294 0 7.88467228316685 0.361691394088275
13 14 8.47058823529412 0 9.17647058823529 0
13 249 8.47058823529412 0 7.88467228316685 0.361691394088275
13 270 8.47058823529412 0 8.84013694267777 0.136398362627185
13 280 8.47058823529412 0 8.18662287984145 1.03521503474816
14 15 9.17647058823529 0 9.88235294117647 0
14 214 9.17647058823529 0 9.78500959884414 0.170316585826276
14 227 9.17647058823529 0 9.72279914604388 0.830094764622138
14 270 9.17647058823529 0 8.84013694267777 0.136398362627185
15 16 9.88235294117647 0 10.5882352941176 0
15 214 9.88235294117647 0 9.78500959884414 0.170316585826276
15 294 9.88235294117647 0 10.2418858347546 0.186309583714463
16 17 10.5882352941176 0 11.2941176470588 0
16 289 10.5882352941176 0 11.1196880879156 0.492137907792654
16 294 10.5882352941176 0 10.2418858347546 0.186309583714463
17 18 11.2941176470588 0 12 0
17 19 11.2941176470588 0 12 0.705882352941177
17 289 11.2941176470588 0 11.1196880879156 0.492137907792654
18 19 12 0 12 0.705882352941177
19 20 12 0.705882352941177 12 1.41176470588235
19 289 12 0.705882352941177 11.1196880879156 0.492137907792654
20 21 12 1.41176470588235 12 2.11764705882353
20 237 12 1.41176470588235 10.4786479078907 1.09361533556643
20 289 12 1.41176470588235 11.1196880879156 0.492137907792654
21 22 12 2.11764705882353 12 2.82352941176471
21 237 12 2.11764705882353 10.4786479078907 1.09361533556643
21 256 12 2.11764705882353 11.1908112808462 2.74403308598804
22 23 12 2.82352941176471 12 3.52941176470588
22 256 12 2.82352941176471 11.1908112808462 2.74403308598804
22 276 12 2.82352941176471 11.4218970884669 3.4968707285323
23 24 12 3.52941176470588 12 4.23529411764706
23 264 12 3.52941176470588 11.8837420385044 4.00903137109853
23 276 12 3.52941176470588 11.4218970884669 3.4968707285323
24 25 12 4.23529411764706 12 4.94117647058824
24 251 12 4.23529411764706 11.1658930765332 4.10526310675291
24 264 12 4.23529411764706 11.8837420385044 4.00903137109853
24 316 12 4.23529411764706 11.0162506111423 4.67288049496029
25 26 12 4.94117647058824 12 5.64705882352941
25 219 12 4.94117647058824 11.4249707922162 5.16192572094286
25 316 12 4.94117647058824 11.0162506111423 4.67288049496029
26 27 12 5.64705882352941 12 6.35294117647059
26 219 12 5.64705882352941 11.4249707922162 5.16192572094286
26 313 12 5.64705882352941 11.4325851810828 5.88317319264205
27 28 12 6.35294117647059 12 7.05882352941176
27 221 12 6.35294117647059 11.8294076233798 6.72209616012403
27 313 12 6.35294117647059 11.4325851810828 5.88317319264205
28 29 12 7.05882352941176 12 7.76470588235294
28 221 12 7.05882352941176 11.8294076233798 6.72209616012403
28 247 12 7.05882352941176 11.8624838128311 7.78201645701892
28 308 12 7.05882352941176 11.4004746400517 7.52817434007021
29 30 12 7.76470588235294 12 8.47058823529412
29 247 12 7.76470588235294 11.8624838128311 7.78201645701892
30 31 12 8.47058823529412 12 9.17647058823529
30 222 12 8.47058823529412 11.8713849249284 9.25204567599384
30 236 12 8.47058823529412 11.348491201773 8.08077395827987
30 247 12 8.47058823529412 11.8624838128311 7.78201645701892
30 267 12 8.47058823529412 11.1005986558118 8.53566974096995
31 32 12 9.17647058823529 12 9.88235294117647
31 222 12 9.17647058823529 11.8713849249284 9.25204567599384
32 33 12 9.88235294117647 12 10.5882352941176
32 222 12 9.88235294117647 11.8713849249284 9.25204567599384
32 248 12 9.88235294117647 11.9048049582417 10.3068274637281
32 292 12 9.88235294117647 11.5240751290584 10.0769226621899
33 34 12 10.5882352941176 12 11.2941176470588
33 248 12 10.5882352941176 11.9048049582417 10.3068274637281
33 292 12 10.5882352941176 11.5240751290584 10.0769226621899
33 307 12 10.5882352941176 11.2449228814086 11.1606306246415
33 311 12 10.5882352941176 11.6604780517404 11.2048795177979
34 35 12 11.2941176470588 12 12
34 300 12 11.2941176470588 11.5585755463419 11.862351530533
34 311 12 11.2941176470588 11.6604780517404 11.2048795177979
35 36 12 12 11.2941176470588 12
35 300 12 12 11.5585755463419 11.862351530533
36 37 11.2941176470588 12 10.5882352941176 12
36 220 11.2941176470588 12 11.0121891542467 11.7968872288651
36 300 11.2941176470588 12 11.5585755463419 11.862351530533
37 38 10.5882352941176 12 9.88235294117647 12
37 203 10.5882352941176 12 10.4350265795451 11.4731877693152
37 220 10.5882352941176 12 11.0121891542467 11.7968872288651
38 39 9.88235294117647 12 9.17647058823529 12
38 203 9.88235294117647 12 10.4350265795451 11.4731877693152
38 293 9.88235294117647 12 9.68964744809518 11.5166955190042
39 40 9.17647058823529 12 8.47058823529412 12
39 293 9.17647058823529 12 9.68964744809518 11.5166955190042
39 315 9.17647058823529 12 8.4973733900481 11.7398507274196
39 317 9.17647058823529 12 9.08794791342698 11.4350037609807
40 41 8.47058823529412 12 7.76470588235294 12
40 315 8.47058823529412 12 8.4973733900481 11.7398507274196
41 42 7.76470588235294 12 7.05882352941176 12
41 202 7.76470588235294 12 7.90795277388048 11.1212676269797
41 225 7.76470588235294 12 7.05900195767228 11.4354761596075
41 298 7.76470588235294 12 7.12127334818346 11.9195597768473
41 315 7.76470588235294 12 8.4973733900481 11.7398507274196
42 43 7.05882352941176 12 6.35294117647059 12
42 223 7.05882352941176 12 6.43364589913999 11.8885771739221
42 298 7.05882352941176 12 7.12127334818346 11.9195597768473
43 44 6.35294117647059 12 5.64705882352941 12
43 70 6.35294117647059 12 5.61314632643977 11.4706450799358
43 198 6.35294117647059 12 6.38685367356023 11.4706450799358
43 223 6.35294117647059 12 6.43364589913999 11.8885771739221
44 45 5.64705882352941 12 4.94117647058824 12
44 70 5.64705882352941 12 5.61314632643977 11.4706450799358
44 95 5.64705882352941 12 5.56635410086001 11.8885771739221
45 46 4.94117647058824 12 4.23529411764706 12
45 95 4.94117647058824 12 5.56635410086001 11.8885771739221
45 170 4.94117647058824 12 4.87872665181654 11.9195597768473
46 47 4.23529411764706 12 3.52941176470588 12
46 74 4.23529411764706 12 4.09204722611952 11.1212676269797
46 97 4.23529411764706 12 4.94099804232772 11.4354761596075
46 170 4.23529411764706 12 4.87872665181654 11.9195597768473
46 187 4.23529411764706 12 3.5026266099519 11.7398507274196
47 48 3.52941176470588 12 2.82352941176471 12
47 187 3.52941176470588 12 3.5026266099519 11.7398507274196
48 49 2.82352941176471 12 2.11764705882353 12
48 165 2.82352941176471 12 2.31035255190482 11.5166955190042
48 187 2.82352941176471 12 3.5026266099519 11.7398507274196
48 189 2.82352941176471 12 2.91205208657302 11.4350037609807
49 50 2.11764705882353 12 1.41176470588235 12
49 75 2.11764705882353 12 1.56497342045491 11.4731877693152
49 165 2.11764705882353 12 2.31035255190482 11.5166955190042
50 51 1.41176470588235 12 0.705882352941177 12
50 75 1.41176470588235 12 1.56497342045491 11.4731877693152
50 92 1.41176470588235 12 0.987810845753282 11.7968872288651
51 52 0.705882352941177 12 0 12
51 92 0.705882352941177 12 0.987810845753282 11.7968872288651
51 172 0.705882352941177 12 0.441424453658057 11.862351530533
52 53 0 12 0 11.2941176470588
52 172 0 12 0.441424453658057 11.862351530533
53 54 0 11.2941176470588 0 10.5882352941176
53 172 0 11.2941176470588 0.441424453658057 11.862351530533
53 183 0 11.2941176470588 0.339521948259647 11.2048795177979
54 55 0 10.5882352941176 0 9.88235294117647
54 120 0 10.5882352941176 0.0951950417582558 10.3068274637281
54 164 0 10.5882352941176 0.47592487094158 10.0769226621899
54 179 0 10.5882352941176 0.755077118591408 11.1606306246415
54 183 0 10.5882352941176 0.339521948259647 11.2048795177979
55 56 0 9.88235294117647 0 9.17647058823529
55 94 0 9.88235294117647 0.128615075071556 9.25204567599384
55 120 0 9.88235294117647 0.0951950417582558 10.3068274637281
55 164 0 9.88235294117647 0.47592487094158 10.0769226621899
56 57 0 9.17647058823529 0 8.47058823529412
56 94 0 9.17647058823529 0.128615075071556 9.25204567599384
57 58 0 8.47058823529412 0 7.76470588235294
57 94 0 8.47058823529412 0.128615075071556 9.25204567599384
57 108 0 8.47058823529412 0.651508798227023 8.08077395827987
57 119 0 8.47058823529412 0.137516187168906 7.78201645701892
57 139 0 8.47058823529412 0.899401344188196 8.53566974096995
58 59 0 7.76470588235294 0 7.05882352941176
58 119 0 7.76470588235294 0.137516187168906 7.78201645701892
59 60 0 7.05882352941176 0 6.35294117647059
59 93 0 7.05882352941176 0.170592376620184 6.72209616012403
59 119 0 7.05882352941176 0.137516187168906 7.78201645701892
59 180 0 7.05882352941176 0.599525359948298 7.52817434007021
60 61 0 6.35294117647059 -0 5.64705882352941
60 93 0 6.35294117647059 0.170592376620184 6.72209616012403
60 185 0 6.35294117647059 0.567414818917164 5.88317319264205
61 62 -0 5.64705882352941 -0 4.94117647058824
61 91 -0 5.64705882352941 0.575029207783834 5.16192572094286
61 185 -0 5.64705882352941 0.567414818917164 5.88317319264205
62 63 -0 4.94117647058824 -0 4.23529411764706
62 91 -0 4.94117647058824 0.575029207783834 5.16192572094286
62 188 -0 4.94117647058824 0.983749388857743 4.67288049496029
63 64 -0 4.23529411764706 -0 3.52941176470588
63 123 -0 4.23529411764706 0.834106923466778 4.10526310675291
63 136 -0 4.23529411764706 0.116257961495625 4.00903137109853
63 188 -0 4.23529411764706 0.983749388857743 4.67288049496029
64 65 -0 3.52941176470588 -0 2.82352941176471
64 136 -0 3.52941176470588 0.116257961495625 4.00903137109853
64 148 -0 3.52941176470588 0.578102911533054 3.4968707285323
65 66 -0 2.82352941176471 -0 2.11764705882353
65 128 -0 2.82352941176471 0.809188719153766 2.74403308598804
65 148 -0 2.82352941176471 0.578102911533054 3.4968707285323
66 67 -0 2.11764705882353 -0 1.41176470588235
66 109 -0 2.11764705882353 1.52135209210926 1.09361533556643
66 128 -0 2.11764705882353 0.809188719153766 2.74403308598804
67 68 -0 1.41176470588235 -0 0.705882352941177
67 109 -0 1.41176470588235 1.52135209210926 1.09361533556643
67 161 -0 1.41176470588235 0.880311912084414 0.492137907792654
68 161 -0 0.705882352941177 0.880311912084414 0.492137907792654
69 85 3.72727528707687 2.55281995695241 4.33884360817571 2.8147404563258
69 89 3.72727528707687 2.55281995695241 2.65726246242556 1.91503344131158
69 105 3.72727528707687 2.55281995695241 3.98515387852309 1.84311171953108
69 171 3.72727528707687 2.55281995695241 3.45880074138128 3.05678556707007
69 194 3.72727528707687 2.55281995695241 2.67245784732201 2.3764964849366
70 95 5.61314632643977 11.4706450799358 5.56635410086001 11.8885771739221
70 97 5.61314632643977 11.4706450799358 4.94099804232772 11.4354761596075
70 160 5.61314632643977 11.4706450799358 5.37941538122549 10.8921871679711
70 198 5.61314632643977 11.4706450799358 6.38685367356023 11.4706450799358
71 76 3.27075320335389 6.20574893547933 3.07994338114215 6.62168448328206
71 81 3.27075320335389 6.20574893547933 4.18316536283799 6.61450047559802
71 106 3.27075320335389 6.20574893547933 2.27050314381284 6.45585138356985
71 111 3.27075320335389 6.20574893547933 3.66757855374324 5.28698919271454
71 153 3.27075320335389 6.20574893547933 3.02458922930563 5.58845489571979
71 156 3.27075320335389 6.20574893547933 4.07610716601422 5.51997752640293
72 96 2.75819844940377 7.88497578566257 2.5924102209076 7.31898992634294
72 102 2.75819844940377 7.88497578566257 2.64718821387121 8.73236898394601
72 107 2.75819844940377 7.88497578566257 2.09519586646086 8.05074496627909
72 138 2.75819844940377 7.88497578566257 3.51806607399337 8.76684578843487
72 150 2.75819844940377 7.88497578566257 3.55282185512629 7.32969194922995
72 168 2.75819844940377 7.88497578566257 3.63228285131436 7.7469329090308
73 91 1.00375620677603 5.6486205105927 0.575029207783834 5.16192572094286
73 149 1.00375620677603 5.6486205105927 1.7861020625393 5.6241158221004
73 157 1.00375620677603 5.6486205105927 1.37330985471319 5.88012596424786
73 173 1.00375620677603 5.6486205105927 1.67762431722315 4.78670374035513
73 185 1.00375620677603 5.6486205105927 0.567414818917164 5.88317319264205
73 188 1.00375620677603 5.6486205105927 0.983749388857743 4.67288049496029
74 97 4.09204722611952 11.1212676269797 4.94099804232772 11.4354761596075
74 114 4.09204722611952 11.1212676269797 3.27954985516895 10.3945890295002
74 126 4.09204722611952 11.1212676269797 3.32176515308741 10.9548500395123
74 176 4.09204722611952 11.1212676269797 4.66991552269255 10.8681295733873
74 178 4.09204722611952 11.1212676269797 4.35843977763114 10.2114919957649
74 187 4.09204722611952 11.1212676269797 3.5026266099519 11.7398507274196
75 92 1.56497342045491 11.4731877693152 0.987810845753282 11.7968872288651
75 144 1.56497342045491 11.4731877693152 1.12117447258851 11.3003307301488
75 159 1.56497342045491 11.4731877693152 1.78714647290405 11.0839318517758
75 165 1.56497342045491 11.4731877693152 2.31035255190482 11.5166955190042
76 81 3.07994338114215 6.62168448328206 4.18316536283799 6.61450047559802
76 96 3.07994338114215 6.62168448328206 2.5924102209076 7.31898992634294
76 106 3.07994338114215 6.62168448328206 2.27050314381284 6.45585138356985
76 131 3.07994338114215 6.62168448328206 2.54444759957401 6.80522957858002
76 150 3.07994338114215 6.62168448328206 3.55282185512629 7.32969194922995
77 84 2.7909292930103 3.14626772773546 3.48556785538545 4.05666256279963
77 103 2.7909292930103 3.14626772773546 2.07929027569224 2.98569730949099
77 146 2.7909292930103 3.14626772773546 2.26979305002844 3.47205202301588
77 171 2.7909292930103 3.14626772773546 3.45880074138128 3.05678556707007
77 194 2.7909292930103 3.14626772773546 2.67245784732201 2.3764964849366
78 89 2.26099830212312 1.51303351303621 2.65726246242556 1.91503344131158
78 99 2.26099830212312 1.51303351303621 2.27720085395612 0.830094764622138
78 109 2.26099830212312 1.51303351303621 1.52135209210926 1.09361533556643
78 129 2.26099830212312 1.51303351303621 3.18933511044065 1.27115576716194
78 130 2.26099830212312 1.51303351303621 2.04956482826305 2.33944055680143
79 83 4.81417696237628 8.86064739109432 4.55785814561224 8.08655217773021
79 115 4.81417696237628 8.86064739109432 5.07074812409982 8.05829192558519
79 125 4.81417696237628 8.86064739109432 5.34405997980905 9.42981531947376
79 138 4.81417696237628 8.86064739109432 3.51806607399337 8.76684578843487
79 162 4.81417696237628 8.86064739109432 5.5066362262451 8.70345918148466
79 178 4.81417696237628 8.86064739109432 4.35843977763114 10.2114919957649
79 182 4.81417696237628 8.86064739109432 3.48592983787338 9.22573754946888
80 88 1.25901799329029 9.88279196039797 1.98052845459087 10.0784048286816
80 113 1.25901799329029 9.88279196039797 1.58479498627522 8.82757646339623
80 135 1.25901799329029 9.88279196039797 0.869992149903811 9.69459227112809
80 141 1.25901799329029 9.88279196039797 1.76668330442036 9.72290630743921
80 144 1.25901799329029 9.88279196039797 1.12117447258851 11.3003307301488
80 159 1.25901799329029 9.88279196039797 1.78714647290405 11.0839318517758
80 164 1.25901799329029 9.88279196039797 0.47592487094158 10.0769226621899
80 179 1.25901799329029 9.88279196039797 0.755077118591408 11.1606306246415
81 132 4.18316536283799 6.61450047559802 4.49604444302919 7.4896616660964
81 150 4.18316536283799 6.61450047559802 3.55282185512629 7.32969194922995
81 156 4.18316536283799 6.61450047559802 4.07610716601422 5.51997752640293
81 184 4.18316536283799 6.61450047559802 4.66940854312326 6.32737805828297
82 84 3.0696695969854 4.54126686102978 3.48556785538545 4.05666256279963
82 90 3.0696695969854 4.54126686102978 2.48716469785322 4.60861755508111
82 111 3.0696695969854 4.54126686102978 3.66757855374324 5.28698919271454
82 146 3.0696695969854 4.54126686102978 2.26979305002844 3.47205202301588
82 153 3.0696695969854 4.54126686102978 3.02458922930563 5.58845489571979
82 195 3.0696695969854 4.54126686102978 4.12889739517599 4.26639386445578
83 115 4.55785814561224 8.08655217773021 5.07074812409982 8.05829192558519
83 132 4.55785814561224 8.08655217773021 4.49604444302919 7.4896616660964
83 138 4.55785814561224 8.08655217773021 3.51806607399337 8.76684578843487
83 168 4.55785814561224 8.08655217773021 3.63228285131436 7.7469329090308
84 87 3.48556785538545 4.05666256279963 4.30546012424483 3.84851095502903
84 146 3.48556785538545 4.05666256279963 2.26979305002844 3.47205202301588
84 171 3.48556785538545 4.05666256279963 3.45880074138128 3.05678556707007
84 195 3.48556785538545 4.05666256279963 4.12889739517599 4.26639386445578
85 87 4.33884360817571 2.8147404563258 4.30546012424483 3.84851095502903
85 105 4.33884360817571 2.8147404563258 3.98515387852309 1.84311171953108
85 124 4.33884360817571 2.8147404563258 4.97442394522297 2.26485046244289
85 154 4.33884360817571 2.8147404563258 4.61588608531132 3.30447828604922
85 171 4.33884360817571 2.8147404563258 3.45880074138128 3.05678556707007
85 192 4.33884360817571 2.8147404563258 4.99811050301459 2.98869906835034
86 99 2.21499040115586 0.170316585826276 2.27720085395612 0.830094764622138
86 166 2.21499040115586 0.170316585826276 1.75811416524543 0.186309583714463
87 118 4.30546012424483 3.84851095502903 5.37450028172399 4.11886162114094
87 154 4.30546012424483 3.84851095502903 4.61588608531132 3.30447828604922
87 171 4.30546012424483 3.84851095502903 3.45880074138128 3.05678556707007
87 195 4.30546012424483 3.84851095502903 4.12889739517599 4.26639386445578
88 122 1.98052845459087 10.0784048286816 2.34718242227609 9.47642189622785
88 141 1.98052845459087 10.0784048286816 1.76668330442036 9.72290630743921
88 155 1.98052845459087 10.0784048286816 2.45254418522762 10.1366215121643
88 159 1.98052845459087 10.0784048286816 1.78714647290405 11.0839318517758
89 105 2.65726246242556 1.91503344131158 3.98515387852309 1.84311171953108
89 129 2.65726246242556 1.91503344131158 3.18933511044065 1.27115576716194
89 130 2.65726246242556 1.91503344131158 2.04956482826305 2.33944055680143
89 194 2.65726246242556 1.91503344131158 2.67245784732201 2.3764964849366
90 143 2.48716469785322 4.60861755508111 2.11599867035123 5.1459836734478
90 146 2.48716469785322 4.60861755508111 2.26979305002844 3.47205202301588
90 153 2.48716469785322 4.60861755508111 3.02458922930563 5.58845489571979
90 173 2.48716469785322 4.60861755508111 1.67762431722315 4.78670374035513
90 186 2.48716469785322 4.60861755508111 1.43309338464553 4.21038836511563
91 185 0.575029207783834 5.16192572094286 0.567414818917164 5.88317319264205
91 188 0.575029207783834 5.16192572094286 0.983749388857743 4.67288049496029
92 144 0.987810845753282 11.7968872288651 1.12117447258851 11.3003307301488
92 172 0.987810845753282 11.7968872288651 0.441424453658057 11.862351530533
92 179 0.987810845753282 11.7968872288651 0.755077118591408 11.1606306246415
93 145 0.170592376620184 6.72209616012403 1.02400913063085 7.5534669432963
93 157 0.170592376620184 6.72209616012403 1.37330985471319 5.88012596424786
93 180 0.170592376620184 6.72209616012403 0.599525359948298 7.52817434007021
93 181 0.170592376620184 6.72209616012403 1.78596358085383 6.78762306962143
93 185 0.170592376620184 6.72209616012403 0.567414818917164 5.88317319264205
94 135 0.128615075071556 9.25204567599384 0.869992149903811 9.69459227112809
94 139 0.128615075071556 9.25204567599384 0.899401344188196 8.53566974096995
94 164 0.128615075071556 9.25204567599384 0.47592487094158 10.0769226621899
95 97 5.56635410086001 11.8885771739221 4.94099804232772 11.4354761596075
95 170 5.56635410086001 11.8885771739221 4.87872665181654 11.9195597768473
96 107 2.5924102209076 7.31898992634294 2.09519586646086 8.05074496627909
96 131 2.5924102209076 7.31898992634294 2.54444759957401 6.80522957858002
96 150 2.5924102209076 7.31898992634294 3.55282185512629 7.32969194922995
96 181 2.5924102209076 7.31898992634294 1.78596358085383 6.78762306962143
97 160 4.94099804232772 11.4354761596075 5.37941538122549 10.8921871679711
97 170 4.94099804232772 11.4354761596075 4.87872665181654 11.9195597768473
97 176 4.94099804232772 11.4354761596075 4.66991552269255 10.8681295733873
98 124 5.97693850465566 1.61824714317831 4.97442394522297 2.26485046244289
98 137 5.97693850465566 1.61824714317831 5.88417150257525 0.898312035516385
98 175 5.97693850465566 1.61824714317831 5.29932847118986 2.66684896213657
98 193 5.97693850465566 1.61824714317831 5.58281894812573 1.38924565692324
98 226 5.97693850465566 1.61824714317831 6.02306149534434 1.61824714317831
99 109 2.27720085395612 0.830094764622138 1.52135209210926 1.09361533556643
99 129 2.27720085395612 0.830094764622138 3.18933511044065 1.27115576716194
99 142 2.27720085395612 0.830094764622138 3.15986305732223 0.136398362627185
99 166 2.27720085395612 0.830094764622138 1.75811416524543 0.186309583714463
100 133 5.71584445365729 6.00552860654018 5.73545148611093 5.16765088526622
100 134 5.71584445365729 6.00552860654018 4.8930561190567 5.63875538395178
100 184 5.71584445365729 6.00552860654018 4.66940854312326 6.32737805828297
100 190 5.71584445365729 6.00552860654018 5.58004685518272 6.51985237307307
100 228 5.71584445365729 6.00552860654018 6.28415554634271 6.00552860654018
100 261 5.71584445365729 6.00552860654018 6.26454851388907 5.16765088526622
101 137 5.40674069922943 0.323219520074914 5.88417150257525 0.898312035516385
101 140 5.40674069922943 0.323219520074914 5.01110369766454 1.15241321533653
102 104 2.64718821387121 8.73236898394601 3.07337780659725 9.04645618701992
102 107 2.64718821387121 8.73236898394601 2.09519586646086 8.05074496627909
102 122 2.64718821387121 8.73236898394601 2.34718242227609 9.47642189622785
102 138 2.64718821387121 8.73236898394601 3.51806607399337 8.76684578843487
102 169 2.64718821387121 8.73236898394601 2.21527531303102 8.85579556444968
103 128 2.07929027569224 2.98569730949099 0.809188719153766 2.74403308598804
103 130 2.07929027569224 2.98569730949099 2.04956482826305 2.33944055680143
103 146 2.07929027569224 2.98569730949099 2.26979305002844 3.47205202301588
103 163 2.07929027569224 2.98569730949099 1.67100432152595 3.43089219036596
103 194 2.07929027569224 2.98569730949099 2.67245784732201 2.3764964849366
104 122 3.07337780659725 9.04645618701992 2.34718242227609 9.47642189622785
104 127 3.07337780659725 9.04645618701992 3.49137997252961 9.74519398462038
104 138 3.07337780659725 9.04645618701992 3.51806607399337 8.76684578843487
104 182 3.07337780659725 9.04645618701992 3.48592983787338 9.22573754946888
105 124 3.98515387852309 1.84311171953108 4.97442394522297 2.26485046244289
105 129 3.98515387852309 1.84311171953108 3.18933511044065 1.27115576716194
105 147 3.98515387852309 1.84311171953108 4.9217090972717 1.55813759579275
105 152 3.98515387852309 1.84311171953108 3.81337712015855 1.03521503474816
105 158 3.98515387852309 1.84311171953108 4.105107366403 1.34997106501902
106 131 2.27050314381284 6.45585138356985 2.54444759957401 6.80522957858002
106 149 2.27050314381284 6.45585138356985 1.7861020625393 5.6241158221004
106 153 2.27050314381284 6.45585138356985 3.02458922930563 5.58845489571979
106 157 2.27050314381284 6.45585138356985 1.37330985471319 5.88012596424786
106 181 2.27050314381284 6.45585138356985 1.78596358085383 6.78762306962143
107 169 2.09519586646086 8.05074496627909 2.21527531303102 8.85579556444968
107 177 2.09519586646086 8.05074496627909 1.70932896227079 8.07196319219305
107 181 2.09519586646086 8.05074496627909 1.78596358085383 6.78762306962143
108 116 0.651508798227023 8.08077395827987 1.12907482471511 8.08590228820572
108 119 0.651508798227023 8.08077395827987 0.137516187168906 7.78201645701892
108 139 0.651508798227023 8.08077395827987 0.899401344188196 8.53566974096995
108 145 0.651508798227023 8.08077395827987 1.02400913063085 7.5534669432963
108 180 0.651508798227023 8.08077395827987 0.599525359948298 7.52817434007021
109 128 1.52135209210926 1.09361533556643 0.809188719153766 2.74403308598804
109 130 1.52135209210926 1.09361533556643 2.04956482826305 2.33944055680143
109 161 1.52135209210926 1.09361533556643 0.880311912084414 0.492137907792654
109 166 1.52135209210926 1.09361533556643 1.75811416524543 0.186309583714463
110 118 4.92573485154528 5.16405267438992 5.37450028172399 4.11886162114094
110 133 4.92573485154528 5.16405267438992 5.73545148611093 5.16765088526622
110 134 4.92573485154528 5.16405267438992 4.8930561190567 5.63875538395178
110 191 4.92573485154528 5.16405267438992 4.29951572838195 4.98519483404962
110 195 4.92573485154528 5.16405267438992 4.12889739517599 4.26639386445578
111 153 3.66757855374324 5.28698919271454 3.02458922930563 5.58845489571979
111 156 3.66757855374324 5.28698919271454 4.07610716601422 5.51997752640293
111 191 3.66757855374324 5.28698919271454 4.29951572838195 4.98519483404962
111 195 3.66757855374324 5.28698919271454 4.12889739517599 4.26639386445578
112 117 5.93513280105156 10.2290006552747 5.47268005454072 10.1517770911608
112 125 5.93513280105156 10.2290006552747 5.34405997980905 9.42981531947376
112 160 5.93513280105156 10.2290006552747 5.37941538122549 10.8921871679711
112 240 5.93513280105156 10.2290006552747 6.06486719894844 10.2290006552747
113 116 1.58479498627522 8.82757646339623 1.12907482471511 8.08590228820572
113 135 1.58479498627522 8.82757646339623 0.869992149903811 9.69459227112809
113 139 1.58479498627522 8.82757646339623 0.899401344188196 8.53566974096995
113 141 1.58479498627522 8.82757646339623 1.76668330442036 9.72290630743921
113 169 1.58479498627522 8.82757646339623 2.21527531303102 8.85579556444968
113 177 1.58479498627522 8.82757646339623 1.70932896227079 8.07196319219305
114 126 3.27954985516895 10.3945890295002 3.32176515308741 10.9548500395123
114 127 3.27954985516895 10.3945890295002 3.49137997252961 9.74519398462038
114 155 3.27954985516895 10.3945890295002 2.45254418522762 10.1366215121643
114 178 3.27954985516895 10.3945890295002 4.35843977763114 10.2114919957649
115 132 5.07074812409982 8.05829192558519 4.49604444302919 7.4896616660964
115 162 5.07074812409982 8.05829192558519 5.5066362262451 8.70345918148466
115 167 5.07074812409982 8.05829192558519 5.77420647201954 8.09806972522544
115 174 5.07074812409982 8.05829192558519 5.53339678095944 7.27232724599578
116 139 1.12907482471511 8.08590228820572 0.899401344188196 8.53566974096995
116 145 1.12907482471511 8.08590228820572 1.02400913063085 7.5534669432963
116 177 1.12907482471511 8.08590228820572 1.70932896227079 8.07196319219305
117 125 5.47268005454072 10.1517770911608 5.34405997980905 9.42981531947376
117 151 5.47268005454072 10.1517770911608 4.73611259454785 10.3754922206648
117 160 5.47268005454072 10.1517770911608 5.37941538122549 10.8921871679711
118 133 5.37450028172399 4.11886162114094 5.73545148611093 5.16765088526622
118 154 5.37450028172399 4.11886162114094 4.61588608531132 3.30447828604922
118 192 5.37450028172399 4.11886162114094 4.99811050301459 2.98869906835034
118 195 5.37450028172399 4.11886162114094 4.12889739517599 4.26639386445578
118 196 5.37450028172399 4.11886162114094 5.67527662794995 3.22305820829045
118 246 5.37450028172399 4.11886162114094 6.62549971827601 4.11886162114094
118 261 5.37450028172399 4.11886162114094 6.26454851388907 5.16765088526622
118 324 5.37450028172399 4.11886162114094 6.32472337205005 3.22305820829045
119 180 0.137516187168906 7.78201645701892 0.599525359948298 7.52817434007021
120 164 0.0951950417582558 10.3068274637281 0.47592487094158 10.0769226621899
121 140 4.11532771683315 0.361691394088275 5.01110369766454 1.15241321533653
121 152 4.11532771683315 0.361691394088275 3.81337712015855 1.03521503474816
121 158 4.11532771683315 0.361691394088275 4.105107366403 1.34997106501902
122 127 2.34718242227609 9.47642189622785 3.49137997252961 9.74519398462038
122 141 2.34718242227609 9.47642189622785 1.76668330442036 9.72290630743921
122 155 2.34718242227609 9.47642189622785 2.45254418522762 10.1366215121643
122 169 2.34718242227609 9.47642189622785 2.21527531303102 8.85579556444968
123 136 0.834106923466778 4.10526310675291 0.116257961495625 4.00903137109853
123 148 0.834106923466778 4.10526310675291 0.578102911533054 3.4968707285323
123 163 0.834106923466778 4.10526310675291 1.67100432152595 3.43089219036596
123 186 0.834106923466778 4.10526310675291 1.43309338464553 4.21038836511563
123 188 0.834106923466778 4.10526310675291 0.983749388857743 4.67288049496029
124 147 4.97442394522297 2.26485046244289 4.9217090972717 1.55813759579275
124 175 4.97442394522297 2.26485046244289 5.29932847118986 2.66684896213657
124 192 4.97442394522297 2.26485046244289 4.99811050301459 2.98869906835034
124 193 4.97442394522297 2.26485046244289 5.58281894812573 1.38924565692324
125 151 5.34405997980905 9.42981531947376 4.73611259454785 10.3754922206648
125 162 5.34405997980905 9.42981531947376 5.5066362262451 8.70345918148466
125 178 5.34405997980905 9.42981531947376 4.35843977763114 10.2114919957649
125 240 5.34405997980905 9.42981531947376 6.06486719894844 10.2290006552747
125 253 5.34405997980905 9.42981531947376 6.65594002019095 9.42981531947376
125 290 5.34405997980905 9.42981531947376 6.4933637737549 8.70345918148466
126 155 3.32176515308741 10.9548500395123 2.45254418522762 10.1366215121643
126 187 3.32176515308741 10.9548500395123 3.5026266099519 11.7398507274196
126 189 3.32176515308741 10.9548500395123 2.91205208657302 11.4350037609807
127 155 3.49137997252961 9.74519398462038 2.45254418522762 10.1366215121643
127 178 3.49137997252961 9.74519398462038 4.35843977763114 10.2114919957649
127 182 3.49137997252961 9.74519398462038 3.48592983787338 9.22573754946888
128 130 0.809188719153766 2.74403308598804 2.04956482826305 2.33944055680143
128 148 0.809188719153766 2.74403308598804 0.578102911533054 3.4968707285323
128 163 0.809188719153766 2.74403308598804 1.67100432152595 3.43089219036596
129 142 3.18933511044065 1.27115576716194 3.15986305732223 0.136398362627185
129 152 3.18933511044065 1.27115576716194 3.81337712015855 1.03521503474816
130 194 2.04956482826305 2.33944055680143 2.67245784732201 2.3764964849366
131 181 2.54444759957401 6.80522957858002 1.78596358085383 6.78762306962143
132 150 4.49604444302919 7.4896616660964 3.55282185512629 7.32969194922995
132 168 4.49604444302919 7.4896616660964 3.63228285131436 7.7469329090308
132 174 4.49604444302919 7.4896616660964 5.53339678095944 7.27232724599578
132 184 4.49604444302919 7.4896616660964 4.66940854312326 6.32737805828297
133 134 5.73545148611093 5.16765088526622 4.8930561190567 5.63875538395178
133 261 5.73545148611093 5.16765088526622 6.26454851388907 5.16765088526622
134 156 4.8930561190567 5.63875538395178 4.07610716601422 5.51997752640293
134 184 4.8930561190567 5.63875538395178 4.66940854312326 6.32737805828297
134 191 4.8930561190567 5.63875538395178 4.29951572838195 4.98519483404962
135 139 0.869992149903811 9.69459227112809 0.899401344188196 8.53566974096995
135 164 0.869992149903811 9.69459227112809 0.47592487094158 10.0769226621899
136 148 0.116257961495625 4.00903137109853 0.578102911533054 3.4968707285323
137 140 5.88417150257525 0.898312035516385 5.01110369766454 1.15241321533653
137 193 5.88417150257525 0.898312035516385 5.58281894812573 1.38924565692324
137 226 5.88417150257525 0.898312035516385 6.02306149534434 1.61824714317831
137 265 5.88417150257525 0.898312035516385 6.11582849742475 0.898312035516385
138 168 3.51806607399337 8.76684578843487 3.63228285131436 7.7469329090308
138 182 3.51806607399337 8.76684578843487 3.48592983787338 9.22573754946888
140 147 5.01110369766454 1.15241321533653 4.9217090972717 1.55813759579275
140 158 5.01110369766454 1.15241321533653 4.105107366403 1.34997106501902
140 193 5.01110369766454 1.15241321533653 5.58281894812573 1.38924565692324
141 169 1.76668330442036 9.72290630743921 2.21527531303102 8.85579556444968
142 152 3.15986305732223 0.136398362627185 3.81337712015855 1.03521503474816
143 149 2.11599867035123 5.1459836734478 1.7861020625393 5.6241158221004
143 153 2.11599867035123 5.1459836734478 3.02458922930563 5.58845489571979
143 173 2.11599867035123 5.1459836734478 1.67762431722315 4.78670374035513
144 159 1.12117447258851 11.3003307301488 1.78714647290405 11.0839318517758
144 179 1.12117447258851 11.3003307301488 0.755077118591408 11.1606306246415
145 177 1.02400913063085 7.5534669432963 1.70932896227079 8.07196319219305
145 180 1.02400913063085 7.5534669432963 0.599525359948298 7.52817434007021
145 181 1.02400913063085 7.5534669432963 1.78596358085383 6.78762306962143
146 163 2.26979305002844 3.47205202301588 1.67100432152595 3.43089219036596
146 186 2.26979305002844 3.47205202301588 1.43309338464553 4.21038836511563
147 158 4.9217090972717 1.55813759579275 4.105107366403 1.34997106501902
147 193 4.9217090972717 1.55813759579275 5.58281894812573 1.38924565692324
148 163 0.578102911533054 3.4968707285323 1.67100432152595 3.43089219036596
149 153 1.7861020625393 5.6241158221004 3.02458922930563 5.58845489571979
149 157 1.7861020625393 5.6241158221004 1.37330985471319 5.88012596424786
149 173 1.7861020625393 5.6241158221004 1.67762431722315 4.78670374035513
150 168 3.55282185512629 7.32969194922995 3.63228285131436 7.7469329090308
151 160 4.73611259454785 10.3754922206648 5.37941538122549 10.8921871679711
151 176 4.73611259454785 10.3754922206648 4.66991552269255 10.8681295733873
151 178 4.73611259454785 10.3754922206648 4.35843977763114 10.2114919957649
152 158 3.81337712015855 1.03521503474816 4.105107366403 1.34997106501902
154 192 4.61588608531132 3.30447828604922 4.99811050301459 2.98869906835034
155 159 2.45254418522762 10.1366215121643 1.78714647290405 11.0839318517758
155 165 2.45254418522762 10.1366215121643 2.31035255190482 11.5166955190042
155 189 2.45254418522762 10.1366215121643 2.91205208657302 11.4350037609807
156 184 4.07610716601422 5.51997752640293 4.66940854312326 6.32737805828297
156 191 4.07610716601422 5.51997752640293 4.29951572838195 4.98519483404962
157 181 1.37330985471319 5.88012596424786 1.78596358085383 6.78762306962143
157 185 1.37330985471319 5.88012596424786 0.567414818917164 5.88317319264205
159 165 1.78714647290405 11.0839318517758 2.31035255190482 11.5166955190042
160 176 5.37941538122549 10.8921871679711 4.66991552269255 10.8681295733873
160 198 5.37941538122549 10.8921871679711 6.38685367356023 11.4706450799358
160 240 5.37941538122549 10.8921871679711 6.06486719894844 10.2290006552747
160 288 5.37941538122549 10.8921871679711 6.62058461877451 10.8921871679711
161 166 0.880311912084414 0.492137907792654 1.75811416524543 0.186309583714463
162 167 5.5066362262451 8.70345918148466 5.77420647201954 8.09806972522544
162 290 5.5066362262451 8.70345918148466 6.4933637737549 8.70345918148466
162 295 5.5066362262451 8.70345918148466 6.22579352798046 8.09806972522544
163 186 1.67100432152595 3.43089219036596 1.43309338464553 4.21038836511563
164 179 0.47592487094158 10.0769226621899 0.755077118591408 11.1606306246415
165 189 2.31035255190482 11.5166955190042 2.91205208657302 11.4350037609807
167 174 5.77420647201954 8.09806972522544 5.53339678095944 7.27232724599578
167 295 5.77420647201954 8.09806972522544 6.22579352798046 8.09806972522544
169 177 2.21527531303102 8.85579556444968 1.70932896227079 8.07196319219305
171 194 3.45880074138128 3.05678556707007 2.67245784732201 2.3764964849366
172 179 0.441424453658057 11.862351530533 0.755077118591408 11.1606306246415
172 183 0.441424453658057 11.862351530533 0.339521948259647 11.2048795177979
173 186 1.67762431722315 4.78670374035513 1.43309338464553 4.21038836511563
173 188 1.67762431722315 4.78670374035513 0.983749388857743 4.67288049496029
174 184 5.53339678095944 7.27232724599578 4.66940854312326 6.32737805828297
174 190 5.53339678095944 7.27232724599578 5.58004685518272 6.51985237307307
174 295 5.53339678095944 7.27232724599578 6.22579352798046 8.09806972522544
174 302 5.53339678095944 7.27232724599578 6.46660321904056 7.27232724599578
174 318 5.53339678095944 7.27232724599578 6.41995314481728 6.51985237307307
175 192 5.29932847118986 2.66684896213657 4.99811050301459 2.98869906835034
175 196 5.29932847118986 2.66684896213657 5.67527662794995 3.22305820829045
175 226 5.29932847118986 2.66684896213657 6.02306149534434 1.61824714317831
175 303 5.29932847118986 2.66684896213657 6.70067152881014 2.66684896213657
175 324 5.29932847118986 2.66684896213657 6.32472337205005 3.22305820829045
176 178 4.66991552269255 10.8681295733873 4.35843977763114 10.2114919957649
177 181 1.70932896227079 8.07196319219305 1.78596358085383 6.78762306962143
178 182 4.35843977763114 10.2114919957649 3.48592983787338 9.22573754946888
179 183 0.755077118591408 11.1606306246415 0.339521948259647 11.2048795177979
184 190 4.66940854312326 6.32737805828297 5.58004685518272 6.51985237307307
186 188 1.43309338464553 4.21038836511563 0.983749388857743 4.67288049496029
187 189 3.5026266099519 11.7398507274196 2.91205208657302 11.4350037609807
190 228 5.58004685518272 6.51985237307307 6.28415554634271 6.00552860654018
190 318 5.58004685518272 6.51985237307307 6.41995314481728 6.51985237307307
191 195 4.29951572838195 4.98519483404962 4.12889739517599 4.26639386445578
192 196 4.99811050301459 2.98869906835034 5.67527662794995 3.22305820829045
196 324 5.67527662794995 3.22305820829045 6.32472337205005 3.22305820829045
197 213 8.27272471292313 2.55281995695241 7.66115639182429 2.8147404563258
197 217 8.27272471292313 2.55281995695241 9.34273753757444 1.91503344131158
197 233 8.27272471292313 2.55281995695241 8.01484612147691 1.84311171953108
197 299 8.27272471292313 2.55281995695241 8.54119925861872 3.05678556707007
197 322 8.27272471292313 2.55281995695241 9.32754215267799 2.3764964849366
198 223 6.38685367356023 11.4706450799358 6.43364589913999 11.8885771739221
198 225 6.38685367356023 11.4706450799358 7.05900195767228 11.4354761596075
198 288 6.38685367356023 11.4706450799358 6.62058461877451 10.8921871679711
199 204 8.72924679664611 6.20574893547933 8.92005661885785 6.62168448328206
199 209 8.72924679664611 6.20574893547933 7.81683463716201 6.61450047559802
199 234 8.72924679664611 6.20574893547933 9.72949685618716 6.45585138356985
199 239 8.72924679664611 6.20574893547933 8.33242144625676 5.28698919271454
199 281 8.72924679664611 6.20574893547933 8.97541077069437 5.58845489571979
199 284 8.72924679664611 6.20574893547933 7.92389283398578 5.51997752640293
200 224 9.24180155059623 7.88497578566257 9.4075897790924 7.31898992634294
200 230 9.24180155059623 7.88497578566257 9.35281178612879 8.73236898394601
200 235 9.24180155059623 7.88497578566257 9.90480413353914 8.05074496627909
200 266 9.24180155059623 7.88497578566257 8.48193392600663 8.76684578843487
200 278 9.24180155059623 7.88497578566257 8.44717814487371 7.32969194922995
200 296 9.24180155059623 7.88497578566257 8.36771714868564 7.7469329090308
201 219 10.996243793224 5.6486205105927 11.4249707922162 5.16192572094286
201 277 10.996243793224 5.6486205105927 10.2138979374607 5.6241158221004
201 285 10.996243793224 5.6486205105927 10.6266901452868 5.88012596424786
201 301 10.996243793224 5.6486205105927 10.3223756827768 4.78670374035513
201 313 10.996243793224 5.6486205105927 11.4325851810828 5.88317319264205
201 316 10.996243793224 5.6486205105927 11.0162506111423 4.67288049496029
202 225 7.90795277388048 11.1212676269797 7.05900195767228 11.4354761596075
202 242 7.90795277388048 11.1212676269797 8.72045014483104 10.3945890295002
202 254 7.90795277388048 11.1212676269797 8.67823484691259 10.9548500395123
202 304 7.90795277388048 11.1212676269797 7.33008447730745 10.8681295733873
202 306 7.90795277388048 11.1212676269797 7.64156022236886 10.2114919957649
202 315 7.90795277388048 11.1212676269797 8.4973733900481 11.7398507274196
203 220 10.4350265795451 11.4731877693152 11.0121891542467 11.7968872288651
203 272 10.4350265795451 11.4731877693152 10.8788255274115 11.3003307301488
203 287 10.4350265795451 11.4731877693152 10.212853527096 11.0839318517758
203 293 10.4350265795451 11.4731877693152 9.68964744809518 11.5166955190042
204 209 8.92005661885785 6.62168448328206 7.81683463716201 6.61450047559802
204 224 8.92005661885785 6.62168448328206 9.4075897790924 7.31898992634294
204 234 8.92005661885785 6.62168448328206 9.72949685618716 6.45585138356985
204 259 8.92005661885785 6.62168448328206 9.45555240042599 6.80522957858002
204 278 8.92005661885785 6.62168448328206 8.44717814487371 7.32969194922995
205 212 9.2090707069897 3.14626772773546 8.51443214461455 4.05666256279963
205 231 9.2090707069897 3.14626772773546 9.92070972430776 2.98569730949099
205 274 9.2090707069897 3.14626772773546 9.73020694997156 3.47205202301588
205 299 9.2090707069897 3.14626772773546 8.54119925861872 3.05678556707007
205 322 9.2090707069897 3.14626772773546 9.32754215267799 2.3764964849366
206 217 9.73900169787688 1.51303351303621 9.34273753757444 1.91503344131158
206 227 9.73900169787688 1.51303351303621 9.72279914604388 0.830094764622138
206 237 9.73900169787688 1.51303351303621 10.4786479078907 1.09361533556643
206 257 9.73900169787688 1.51303351303621 8.81066488955935 1.27115576716194
206 258 9.73900169787688 1.51303351303621 9.95043517173695 2.33944055680143
207 211 7.18582303762372 8.86064739109432 7.44214185438776 8.08655217773021
207 243 7.18582303762372 8.86064739109432 6.92925187590018 8.05829192558519
207 253 7.18582303762372 8.86064739109432 6.65594002019095 9.42981531947376
207 266 7.18582303762372 8.86064739109432 8.48193392600663 8.76684578843487
207 290 7.18582303762372 8.86064739109432 6.4933637737549 8.70345918148466
207 306 7.18582303762372 8.86064739109432 7.64156022236886 10.2114919957649
207 310 7.18582303762372 8.86064739109432 8.51407016212662 9.22573754946888
208 216 10.7409820067097 9.88279196039797 10.0194715454091 10.0784048286816
208 241 10.7409820067097 9.88279196039797 10.4152050137248 8.82757646339623
208 263 10.7409820067097 9.88279196039797 11.1300078500962 9.69459227112809
208 269 10.7409820067097 9.88279196039797 10.2333166955796 9.72290630743921
208 272 10.7409820067097 9.88279196039797 10.8788255274115 11.3003307301488
208 287 10.7409820067097 9.88279196039797 10.212853527096 11.0839318517758
208 292 10.7409820067097 9.88279196039797 11.5240751290584 10.0769226621899
208 307 10.7409820067097 9.88279196039797 11.2449228814086 11.1606306246415
209 260 7.81683463716201 6.61450047559802 7.50395555697081 7.4896616660964
209 278 7.81683463716201 6.61450047559802 8.44717814487371 7.32969194922995
209 284 7.81683463716201 6.61450047559802 7.92389283398578 5.51997752640293
209 312 7.81683463716201 6.61450047559802 7.33059145687674 6.32737805828297
210 212 8.9303304030146 4.54126686102978 8.51443214461455 4.05666256279963
210 218 8.9303304030146 4.54126686102978 9.51283530214678 4.60861755508111
210 239 8.9303304030146 4.54126686102978 8.33242144625676 5.28698919271454
210 274 8.9303304030146 4.54126686102978 9.73020694997156 3.47205202301588
210 281 8.9303304030146 4.54126686102978 8.97541077069437 5.58845489571979
210 323 8.9303304030146 4.54126686102978 7.87110260482401 4.26639386445578
211 243 7.44214185438776 8.08655217773021 6.92925187590018 8.05829192558519
211 260 7.44214185438776 8.08655217773021 7.50395555697081 7.4896616660964
211 266 7.44214185438776 8.08655217773021 8.48193392600663 8.76684578843487
211 296 7.44214185438776 8.08655217773021 8.36771714868564 7.7469329090308
212 215 8.51443214461455 4.05666256279963 7.69453987575517 3.84851095502903
212 274 8.51443214461455 4.05666256279963 9.73020694997156 3.47205202301588
212 299 8.51443214461455 4.05666256279963 8.54119925861872 3.05678556707007
212 323 8.51443214461455 4.05666256279963 7.87110260482401 4.26639386445578
213 215 7.66115639182429 2.8147404563258 7.69453987575517 3.84851095502903
213 233 7.66115639182429 2.8147404563258 8.01484612147691 1.84311171953108
213 252 7.66115639182429 2.8147404563258 7.02557605477703 2.26485046244289
213 282 7.66115639182429 2.8147404563258 7.38411391468868 3.30447828604922
213 299 7.66115639182429 2.8147404563258 8.54119925861872 3.05678556707007
213 320 7.66115639182429 2.8147404563258 7.00188949698541 2.98869906835034
214 227 9.78500959884414 0.170316585826276 9.72279914604388 0.830094764622138
214 294 9.78500959884414 0.170316585826276 10.2418858347546 0.186309583714463
215 246 7.69453987575517 3.84851095502903 6.62549971827601 4.11886162114094
215 282 7.69453987575517 3.84851095502903 7.38411391468868 3.30447828604922
215 299 7.69453987575517 3.84851095502903 8.54119925861872 3.05678556707007
215 323 7.69453987575517 3.84851095502903 7.87110260482401 4.26639386445578
216 250 10.0194715454091 10.0784048286816 9.65281757772391 9.47642189622785
216 269 10.0194715454091 10.0784048286816 10.2333166955796 9.72290630743921
216 283 10.0194715454091 10.0784048286816 9.54745581477238 10.1366215121643
216 287 10.0194715454091 10.0784048286816 10.212853527096 11.0839318517758
217 233 9.34273753757444 1.91503344131158 8.01484612147691 1.84311171953108
217 257 9.34273753757444 1.91503344131158 8.81066488955935 1.27115576716194
217 258 9.34273753757444 1.91503344131158 9.95043517173695 2.33944055680143
217 322 9.34273753757444 1.91503344131158 9.32754215267799 2.3764964849366
218 271 9.51283530214678 4.60861755508111 9.88400132964877 5.1459836734478
218 274 9.51283530214678 4.60861755508111 9.73020694997156 3.47205202301588
218 281 9.51283530214678 4.60861755508111 8.97541077069437 5.58845489571979
218 301 9.51283530214678 4.60861755508111 10.3223756827768 4.78670374035513
218 314 9.51283530214678 4.60861755508111 10.5669066153545 4.21038836511563
219 313 11.4249707922162 5.16192572094286 11.4325851810828 5.88317319264205
219 316 11.4249707922162 5.16192572094286 11.0162506111423 4.67288049496029
220 272 11.0121891542467 11.7968872288651 10.8788255274115 11.3003307301488
220 300 11.0121891542467 11.7968872288651 11.5585755463419 11.862351530533
220 307 11.0121891542467 11.7968872288651 11.2449228814086 11.1606306246415
221 273 11.8294076233798 6.72209616012403 10.9759908693692 7.5534669432963
221 285 11.8294076233798 6.72209616012403 10.6266901452868 5.88012596424786
221 308 11.8294076233798 6.72209616012403 11.4004746400517 7.52817434007021
221 309 11.8294076233798 6.72209616012403 10.2140364191462 6.78762306962143
221 313 11.8294076233798 6.72209616012403 11.4325851810828 5.88317319264205
222 263 11.8713849249284 9.25204567599384 11.1300078500962 9.69459227112809
222 267 11.8713849249284 9.25204567599384 11.1005986558118 8.53566974096995
222 292 11.8713849249284 9.25204567599384 11.5240751290584 10.0769226621899
223 225 6.43364589913999 11.8885771739221 7.05900195767228 11.4354761596075
223 298 6.43364589913999 11.8885771739221 7.12127334818346 11.9195597768473
224 235 9.4075897790924 7.31898992634294 9.90480413353914 8.05074496627909
224 259 9.4075897790924 7.31898992634294 9.45555240042599 6.80522957858002
224 278 9.4075897790924 7.31898992634294 8.44717814487371 7.32969194922995
224 309 9.4075897790924 7.31898992634294 10.2140364191462 6.78762306962143
225 288 7.05900195767228 11.4354761596075 6.62058461877451 10.8921871679711
225 298 7.05900195767228 11.4354761596075 7.12127334818346 11.9195597768473
225 304 7.05900195767228 11.4354761596075 7.33008447730745 10.8681295733873
226 252 6.02306149534434 1.61824714317831 7.02557605477703 2.26485046244289
226 265 6.02306149534434 1.61824714317831 6.11582849742475 0.898312035516385
226 303 6.02306149534434 1.61824714317831 6.70067152881014 2.66684896213657
226 321 6.02306149534434 1.61824714317831 6.41718105187427 1.38924565692324
227 237 9.72279914604388 0.830094764622138 10.4786479078907 1.09361533556643
227 257 9.72279914604388 0.830094764622138 8.81066488955935 1.27115576716194
227 270 9.72279914604388 0.830094764622138 8.84013694267777 0.136398362627185
227 294 9.72279914604388 0.830094764622138 10.2418858347546 0.186309583714463
228 261 6.28415554634271 6.00552860654018 6.26454851388907 5.16765088526622
228 262 6.28415554634271 6.00552860654018 7.1069438809433 5.63875538395178
228 312 6.28415554634271 6.00552860654018 7.33059145687674 6.32737805828297
228 318 6.28415554634271 6.00552860654018 6.41995314481728 6.51985237307307
229 265 6.59325930077057 0.323219520074914 6.11582849742475 0.898312035516385
229 268 6.59325930077057 0.323219520074914 6.98889630233546 1.15241321533653
230 232 9.35281178612879 8.73236898394601 8.92662219340275 9.04645618701992
230 235 9.35281178612879 8.73236898394601 9.90480413353914 8.05074496627909
230 250 9.35281178612879 8.73236898394601 9.65281757772391 9.47642189622785
230 266 9.35281178612879 8.73236898394601 8.48193392600663 8.76684578843487
230 297 9.35281178612879 8.73236898394601 9.78472468696898 8.85579556444968
231 256 9.92070972430776 2.98569730949099 11.1908112808462 2.74403308598804
231 258 9.92070972430776 2.98569730949099 9.95043517173695 2.33944055680143
231 274 9.92070972430776 2.98569730949099 9.73020694997156 3.47205202301588
231 291 9.92070972430776 2.98569730949099 10.3289956784741 3.43089219036596
231 322 9.92070972430776 2.98569730949099 9.32754215267799 2.3764964849366
232 250 8.92662219340275 9.04645618701992 9.65281757772391 9.47642189622785
232 255 8.92662219340275 9.04645618701992 8.50862002747039 9.74519398462038
232 266 8.92662219340275 9.04645618701992 8.48193392600663 8.76684578843487
232 310 8.92662219340275 9.04645618701992 8.51407016212662 9.22573754946888
233 252 8.01484612147691 1.84311171953108 7.02557605477703 2.26485046244289
233 257 8.01484612147691 1.84311171953108 8.81066488955935 1.27115576716194
233 275 8.01484612147691 1.84311171953108 7.0782909027283 1.55813759579275
233 280 8.01484612147691 1.84311171953108 8.18662287984145 1.03521503474816
233 286 8.01484612147691 1.84311171953108 7.894892633597 1.34997106501902
234 259 9.72949685618716 6.45585138356985 9.45555240042599 6.80522957858002
234 277 9.72949685618716 6.45585138356985 10.2138979374607 5.6241158221004
234 281 9.72949685618716 6.45585138356985 8.97541077069437 5.58845489571979
234 285 9.72949685618716 6.45585138356985 10.6266901452868 5.88012596424786
234 309 9.72949685618716 6.45585138356985 10.2140364191462 6.78762306962143
235 297 9.90480413353914 8.05074496627909 9.78472468696898 8.85579556444968
235 305 9.90480413353914 8.05074496627909 10.2906710377292 8.07196319219305
235 309 9.90480413353914 8.05074496627909 10.2140364191462 6.78762306962143
236 244 11.348491201773 8.08077395827987 10.8709251752849 8.08590228820572
236 247 11.348491201773 8.08077395827987 11.8624838128311 7.78201645701892
236 267 11.348491201773 8.08077395827987 11.1005986558118 8.53566974096995
236 273 11.348491201773 8.08077395827987 10.9759908693692 7.5534669432963
236 308 11.348491201773 8.08077395827987 11.4004746400517 7.52817434007021
237 256 10.4786479078907 1.09361533556643 11.1908112808462 2.74403308598804
237 258 10.4786479078907 1.09361533556643 9.95043517173695 2.33944055680143
237 289 10.4786479078907 1.09361533556643 11.1196880879156 0.492137907792654
237 294 10.4786479078907 1.09361533556643 10.2418858347546 0.186309583714463
238 246 7.07426514845472 5.16405267438992 6.62549971827601 4.11886162114094
238 261 7.07426514845472 5.16405267438992 6.26454851388907 5.16765088526622
238 262 7.07426514845472 5.16405267438992 7.1069438809433 5.63875538395178
238 319 7.07426514845472 5.16405267438992 7.70048427161805 4.98519483404962
238 323 7.07426514845472 5.16405267438992 7.87110260482401 4.26639386445578
239 281 8.33242144625676 5.28698919271454 8.97541077069437 5.58845489571979
239 284 8.33242144625676 5.28698919271454 7.92389283398578 5.51997752640293
239 319 8.33242144625676 5.28698919271454 7.70048427161805 4.98519483404962
239 323 8.33242144625676 5.28698919271454 7.87110260482401 4.26639386445578
240 245 6.06486719894844 10.2290006552747 6.52731994545928 10.1517770911608
240 253 6.06486719894844 10.2290006552747 6.65594002019095 9.42981531947376
240 288 6.06486719894844 10.2290006552747 6.62058461877451 10.8921871679711
241 244 10.4152050137248 8.82757646339623 10.8709251752849 8.08590228820572
241 263 10.4152050137248 8.82757646339623 11.1300078500962 9.69459227112809
241 267 10.4152050137248 8.82757646339623 11.1005986558118 8.53566974096995
241 269 10.4152050137248 8.82757646339623 10.2333166955796 9.72290630743921
241 297 10.4152050137248 8.82757646339623 9.78472468696898 8.85579556444968
241 305 10.4152050137248 8.82757646339623 10.2906710377292 8.07196319219305
242 254 8.72045014483104 10.3945890295002 8.67823484691259 10.9548500395123
242 255 8.72045014483104 10.3945890295002 8.50862002747039 9.74519398462038
242 283 8.72045014483104 10.3945890295002 9.54745581477238 10.1366215121643
242 306 8.72045014483104 10.3945890295002 7.64156022236886 10.2114919957649
243 260 6.92925187590018 8.05829192558519 7.50395555697081 7.4896616660964
243 290 6.92925187590018 8.05829192558519 6.4933637737549 8.70345918148466
243 295 6.92925187590018 8.05829192558519 6.22579352798046 8.09806972522544
243 302 6.92925187590018 8.05829192558519 6.46660321904056 7.27232724599578
244 267 10.8709251752849 8.08590228820572 11.1005986558118 8.53566974096995
244 273 10.8709251752849 8.08590228820572 10.9759908693692 7.5534669432963
244 305 10.8709251752849 8.08590228820572 10.2906710377292 8.07196319219305
245 253 6.52731994545928 10.1517770911608 6.65594002019095 9.42981531947376
245 279 6.52731994545928 10.1517770911608 7.26388740545215 10.3754922206648
245 288 6.52731994545928 10.1517770911608 6.62058461877451 10.8921871679711
246 261 6.62549971827601 4.11886162114094 6.26454851388907 5.16765088526622
246 282 6.62549971827601 4.11886162114094 7.38411391468868 3.30447828604922
246 320 6.62549971827601 4.11886162114094 7.00188949698541 2.98869906835034
246 323 6.62549971827601 4.11886162114094 7.87110260482401 4.26639386445578
246 324 6.62549971827601 4.11886162114094 6.32472337205005 3.22305820829045
247 308 11.8624838128311 7.78201645701892 11.4004746400517 7.52817434007021
248 292 11.9048049582417 10.3068274637281 11.5240751290584 10.0769226621899
249 268 7.88467228316685 0.361691394088275 6.98889630233546 1.15241321533653
249 280 7.88467228316685 0.361691394088275 8.18662287984145 1.03521503474816
249 286 7.88467228316685 0.361691394088275 7.894892633597 1.34997106501902
250 255 9.65281757772391 9.47642189622785 8.50862002747039 9.74519398462038
250 269 9.65281757772391 9.47642189622785 10.2333166955796 9.72290630743921
250 283 9.65281757772391 9.47642189622785 9.54745581477238 10.1366215121643
250 297 9.65281757772391 9.47642189622785 9.78472468696898 8.85579556444968
251 264 11.1658930765332 4.10526310675291 11.8837420385044 4.00903137109853
251 276 11.1658930765332 4.10526310675291 11.4218970884669 3.4968707285323
251 291 11.1658930765332 4.10526310675291 10.3289956784741 3.43089219036596
251 314 11.1658930765332 4.10526310675291 10.5669066153545 4.21038836511563
251 316 11.1658930765332 4.10526310675291 11.0162506111423 4.67288049496029
252 275 7.02557605477703 2.26485046244289 7.0782909027283 1.55813759579275
252 303 7.02557605477703 2.26485046244289 6.70067152881014 2.66684896213657
252 320 7.02557605477703 2.26485046244289 7.00188949698541 2.98869906835034
252 321 7.02557605477703 2.26485046244289 6.41718105187427 1.38924565692324
253 279 6.65594002019095 9.42981531947376 7.26388740545215 10.3754922206648
253 290 6.65594002019095 9.42981531947376 6.4933637737549 8.70345918148466
253 306 6.65594002019095 9.42981531947376 7.64156022236886 10.2114919957649
254 283 8.67823484691259 10.9548500395123 9.54745581477238 10.1366215121643
254 315 8.67823484691259 10.9548500395123 8.4973733900481 11.7398507274196
254 317 8.67823484691259 10.9548500395123 9.08794791342698 11.4350037609807
255 283 8.50862002747039 9.74519398462038 9.54745581477238 10.1366215121643
255 306 8.50862002747039 9.74519398462038 7.64156022236886 10.2114919957649
255 310 8.50862002747039 9.74519398462038 8.51407016212662 9.22573754946888
256 258 11.1908112808462 2.74403308598804 9.95043517173695 2.33944055680143
256 276 11.1908112808462 2.74403308598804 11.4218970884669 3.4968707285323
256 291 11.1908112808462 2.74403308598804 10.3289956784741 3.43089219036596
257 270 8.81066488955935 1.27115576716194 8.84013694267777 0.136398362627185
257 280 8.81066488955935 1.27115576716194 8.18662287984145 1.03521503474816
258 322 9.95043517173695 2.33944055680143 9.32754215267799 2.3764964849366
259 309 9.45555240042599 6.80522957858002 10.2140364191462 6.78762306962143
260 278 7.50395555697081 7.4896616660964 8.44717814487371 7.32969194922995
260 296 7.50395555697081 7.4896616660964 8.36771714868564 7.7469329090308
260 302 7.50395555697081 7.4896616660964 6.46660321904056 7.27232724599578
260 312 7.50395555697081 7.4896616660964 7.33059145687674 6.32737805828297
261 262 6.26454851388907 5.16765088526622 7.1069438809433 5.63875538395178
262 284 7.1069438809433 5.63875538395178 7.92389283398578 5.51997752640293
262 312 7.1069438809433 5.63875538395178 7.33059145687674 6.32737805828297
262 319 7.1069438809433 5.63875538395178 7.70048427161805 4.98519483404962
263 267 11.1300078500962 9.69459227112809 11.1005986558118 8.53566974096995
263 292 11.1300078500962 9.69459227112809 11.5240751290584 10.0769226621899
264 276 11.8837420385044 4.00903137109853 11.4218970884669 3.4968707285323
265 268 6.11582849742475 0.898312035516385 6.98889630233546 1.15241321533653
265 321 6.11582849742475 0.898312035516385 6.41718105187427 1.38924565692324
266 296 8.48193392600663 8.76684578843487 8.36771714868564 7.7469329090308
266 310 8.48193392600663 8.76684578843487 8.51407016212662 9.22573754946888
268 275 6.98889630233546 1.15241321533653 7.0782909027283 1.55813759579275
268 286 6.98889630233546 1.15241321533653 7.894892633597 1.34997106501902
268 321 6.98889630233546 1.15241321533653 6.41718105187427 1.38924565692324
269 297 10.2333166955796 9.72290630743921 9.78472468696898 8.85579556444968
270 280 8.84013694267777 0.136398362627185 8.18662287984145 1.03521503474816
271 277 9.88400132964877 5.1459836734478 10.2138979374607 5.6241158221004
271 281 9.88400132964877 5.1459836734478 8.97541077069437 5.58845489571979
271 301 9.88400132964877 5.1459836734478 10.3223756827768 4.78670374035513
272 287 10.8788255274115 11.3003307301488 10.212853527096 11.0839318517758
272 307 10.8788255274115 11.3003307301488 11.2449228814086 11.1606306246415
273 305 10.9759908693692 7.5534669432963 10.2906710377292 8.07196319219305
273 308 10.9759908693692 7.5534669432963 11.4004746400517 7.52817434007021
273 309 10.9759908693692 7.5534669432963 10.2140364191462 6.78762306962143
274 291 9.73020694997156 3.47205202301588 10.3289956784741 3.43089219036596
274 314 9.73020694997156 3.47205202301588 10.5669066153545 4.21038836511563
275 286 7.0782909027283 1.55813759579275 7.894892633597 1.34997106501902
275 321 7.0782909027283 1.55813759579275 6.41718105187427 1.38924565692324
276 291 11.4218970884669 3.4968707285323 10.3289956784741 3.43089219036596
277 281 10.2138979374607 5.6241158221004 8.97541077069437 5.58845489571979
277 285 10.2138979374607 5.6241158221004 10.6266901452868 5.88012596424786
277 301 10.2138979374607 5.6241158221004 10.3223756827768 4.78670374035513
278 296 8.44717814487371 7.32969194922995 8.36771714868564 7.7469329090308
279 288 7.26388740545215 10.3754922206648 6.62058461877451 10.8921871679711
279 304 7.26388740545215 10.3754922206648 7.33008447730745 10.8681295733873
279 306 7.26388740545215 10.3754922206648 7.64156022236886 10.2114919957649
280 286 8.18662287984145 1.03521503474816 7.894892633597 1.34997106501902
282 320 7.38411391468868 3.30447828604922 7.00188949698541 2.98869906835034
283 287 9.54745581477238 10.1366215121643 10.212853527096 11.0839318517758
283 293 9.54745581477238 10.1366215121643 9.68964744809518 11.5166955190042
283 317 9.54745581477238 10.1366215121643 9.08794791342698 11.4350037609807
284 312 7.92389283398578 5.51997752640293 7.33059145687674 6.32737805828297
284 319 7.92389283398578 5.51997752640293 7.70048427161805 4.98519483404962
285 309 10.6266901452868 5.88012596424786 10.2140364191462 6.78762306962143
285 313 10.6266901452868 5.88012596424786 11.4325851810828 5.88317319264205
287 293 10.212853527096 11.0839318517758 9.68964744809518 11.5166955190042
288 304 6.62058461877451 10.8921871679711 7.33008447730745 10.8681295733873
289 294 11.1196880879156 0.492137907792654 10.2418858347546 0.186309583714463
290 295 6.4933637737549 8.70345918148466 6.22579352798046 8.09806972522544
291 314 10.3289956784741 3.43089219036596 10.5669066153545 4.21038836511563
292 307 11.5240751290584 10.0769226621899 11.2449228814086 11.1606306246415
293 317 9.68964744809518 11.5166955190042 9.08794791342698 11.4350037609807
295 302 6.22579352798046 8.09806972522544 6.46660321904056 7.27232724599578
297 305 9.78472468696898 8.85579556444968 10.2906710377292 8.07196319219305
299 322 8.54119925861872 3.05678556707007 9.32754215267799 2.3764964849366
300 307 11.5585755463419 11.862351530533 11.2449228814086 11.1606306246415
300 311 11.5585755463419 11.862351530533 11.6604780517404 11.2048795177979
301 314 10.3223756827768 4.78670374035513 10.5669066153545 4.21038836511563
301 316 10.3223756827768 4.78670374035513 11.0162506111423 4.67288049496029
302 312 6.46660321904056 7.27232724599578 7.33059145687674 6.32737805828297
302 318 6.46660321904056 7.27232724599578 6.41995314481728 6.51985237307307
303 320 6.70067152881014 2.66684896213657 7.00188949698541 2.98869906835034
303 324 6.70067152881014 2.66684896213657 6.32472337205005 3.22305820829045
304 306 7.33008447730745 10.8681295733873 7.64156022236886 10.2114919957649
305 309 10.2906710377292 8.07196319219305 10.2140364191462 6.78762306962143
306 310 7.64156022236886 10.2114919957649 8.51407016212662 9.22573754946888
307 311 11.2449228814086 11.1606306246415 11.6604780517404 11.2048795177979
312 318 7.33059145687674 6.32737805828297 6.41995314481728 6.51985237307307
314 316 10.5669066153545 4.21038836511563 11.0162506111423 4.67288049496029
315 317 8.4973733900481 11.7398507274196 9.08794791342698 11.4350037609807
319 323 7.70048427161805 4.98519483404962 7.87110260482401 4.26639386445578
320 324 7.00188949698541 2.98869906835034 6.32472337205005 3.22305820829045
