1 2 0 0 0.705882352941177 -0
1 68 0 0 -0 0.705882352941177
1 168 0 0 0.680910264006678 0.35892282301458
2 3 0.705882352941177 -0 1.41176470588235 -0
2 116 0.705882352941177 -0 1.03690114258207 0.488212255336684
2 168 0.705882352941177 -0 0.680910264006678 0.35892282301458
3 4 1.41176470588235 -0 2.11764705882353 -0
3 84 1.41176470588235 -0 2.11089242285661 0.900635732906049
3 90 1.41176470588235 -0 2.22477984395155 0.46568903799928
3 116 1.41176470588235 -0 1.03690114258207 0.488212255336684
4 5 2.11764705882353 -0 2.82352941176471 -0
4 90 2.11764705882353 -0 2.22477984395155 0.46568903799928
4 101 2.11764705882353 -0 2.61256093345926 0.494550640510456
5 6 2.82352941176471 -0 3.52941176470588 -0
5 78 2.82352941176471 -0 2.99550806841098 0.361619485534962
5 101 2.82352941176471 -0 2.61256093345926 0.494550640510456
6 7 3.52941176470588 -0 4.23529411764706 -0
6 78 3.52941176470588 -0 2.99550806841098 0.361619485534962
6 114 3.52941176470588 -0 3.61722564640576 0.214411583565842
6 126 3.52941176470588 -0 3.36415860466202 0.507454294787216
7 8 4.23529411764706 -0 4.94117647058824 -0
7 114 4.23529411764706 -0 3.61722564640576 0.214411583565842
7 166 4.23529411764706 -0 4.02355672767035 0.341697344705217
7 184 4.23529411764706 -0 4.95963630459069 0.491823960196782
8 9 4.94117647058824 -0 5.64705882352941 -0
8 123 4.94117647058824 -0 5.34824183042393 0.120199998631859
8 184 4.94117647058824 -0 4.95963630459069 0.491823960196782
9 10 5.64705882352941 -0 6.35294117647059 0
9 123 5.64705882352941 -0 5.34824183042393 0.120199998631859
9 155 5.64705882352941 -0 5.62867847275049 1.35245503696653
10 11 6.35294117647059 0 7.05882352941176 0
10 155 6.35294117647059 0 5.62867847275049 1.35245503696653
10 251 6.35294117647059 0 6.65175816957607 0.120199998631859
10 283 6.35294117647059 0 6.37132152724951 1.35245503696653
11 12 7.05882352941176 0 7.76470588235294 0
11 251 7.05882352941176 0 6.65175816957607 0.120199998631859
11 312 7.05882352941176 0 7.04036369540931 0.491823960196782
12 13 7.76470588235294 0 8.47058823529412 0
12 242 7.76470588235294 0 8.38277435359424 0.214411583565842
12 294 7.76470588235294 0 7.97644327232965 0.341697344705217
12 312 7.76470588235294 0 7.04036369540931 0.491823960196782
13 14 8.47058823529412 0 9.17647058823529 0
13 206 8.47058823529412 0 9.00449193158902 0.361619485534962
13 242 8.47058823529412 0 8.38277435359424 0.214411583565842
13 254 8.47058823529412 0 8.63584139533798 0.507454294787216
14 15 9.17647058823529 0 9.88235294117647 0
14 206 9.17647058823529 0 9.00449193158902 0.361619485534962
14 229 9.17647058823529 0 9.38743906654074 0.494550640510456
15 16 9.88235294117647 0 10.5882352941176 0
15 218 9.88235294117647 0 9.77522015604845 0.46568903799928
15 229 9.88235294117647 0 9.38743906654074 0.494550640510456
16 17 10.5882352941176 0 11.2941176470588 0
16 212 10.5882352941176 0 9.88910757714339 0.900635732906049
16 218 10.5882352941176 0 9.77522015604845 0.46568903799928
16 244 10.5882352941176 0 10.9630988574179 0.488212255336684
17 18 11.2941176470588 0 12 0
17 244 11.2941176470588 0 10.9630988574179 0.488212255336684
17 296 11.2941176470588 0 11.3190897359933 0.35892282301458
18 19 12 0 12 0.705882352941177
18 296 12 0 11.3190897359933 0.35892282301458
19 20 12 0.705882352941177 12 1.41176470588235
19 269 12 0.705882352941177 11.8385371725277 1.03041353223656
19 296 12 0.705882352941177 11.3190897359933 0.35892282301458
20 21 12 1.41176470588235 12 2.11764705882353
20 204 12 1.41176470588235 11.3531497045978 1.57267424106862
20 269 12 1.41176470588235 11.8385371725277 1.03041353223656
21 22 12 2.11764705882353 12 2.82352941176471
21 204 12 2.11764705882353 11.3531497045978 1.57267424106862
21 240 12 2.11764705882353 11.3842843522662 2.30498968087915
21 285 12 2.11764705882353 11.7049025055894 2.72132011719086
22 23 12 2.82352941176471 12 3.52941176470588
22 285 12 2.82352941176471 11.7049025055894 2.72132011719086
23 24 12 3.52941176470588 12 4.23529411764706
23 215 12 3.52941176470588 11.5706400749431 3.82492369121523
23 257 12 3.52941176470588 11.1478394159369 3.02553160103361
23 285 12 3.52941176470588 11.7049025055894 2.72132011719086
24 25 12 4.23529411764706 12 4.94117647058824
24 215 12 4.23529411764706 11.5706400749431 3.82492369121523
24 235 12 4.23529411764706 11.6650891408591 4.42665688781986
25 26 12 4.94117647058824 12 5.64705882352941
25 235 12 4.94117647058824 11.6650891408591 4.42665688781986
25 308 12 4.94117647058824 11.2880149304382 5.30755931100135
26 27 12 5.64705882352941 12 6.35294117647059
26 253 12 5.64705882352941 11.8057032890309 5.81903780166602
26 308 12 5.64705882352941 11.2880149304382 5.30755931100135
27 28 12 6.35294117647059 12 7.05882352941176
27 210 12 6.35294117647059 11.5551653488874 6.18778847792057
27 250 12 6.35294117647059 11.5563670994775 6.62463235229224
27 253 12 6.35294117647059 11.8057032890309 5.81903780166602
28 29 12 7.05882352941176 12 7.76470588235294
28 250 12 7.05882352941176 11.5563670994775 6.62463235229224
28 278 12 7.05882352941176 11.8928487708524 7.11083586550496
29 30 12 7.76470588235294 12 8.47058823529412
29 231 12 7.76470588235294 11.1868146859774 7.51343895097578
29 237 12 7.76470588235294 11.7905852580577 8.33122911489382
29 278 12 7.76470588235294 11.8928487708524 7.11083586550496
29 279 12 7.76470588235294 11.2541048444529 8.00453796093539
30 31 12 8.47058823529412 12 9.17647058823529
30 237 12 8.47058823529412 11.7905852580577 8.33122911489382
30 239 12 8.47058823529412 11.5046564054314 8.70815287414173
31 32 12 9.17647058823529 12 9.88235294117647
31 230 12 9.17647058823529 11.5011611519882 9.95361805719278
31 239 12 9.17647058823529 11.5046564054314 8.70815287414173
31 275 12 9.17647058823529 10.9227441324538 9.65555300958948
32 33 12 9.88235294117647 12 10.5882352941176
32 230 12 9.88235294117647 11.5011611519882 9.95361805719278
33 34 12 10.5882352941176 12 11.2941176470588
33 230 12 10.5882352941176 11.5011611519882 9.95361805719278
33 245 12 10.5882352941176 10.4918719694698 11.1937660119562
34 35 12 11.2941176470588 12 12
34 209 12 11.2941176470588 11.9020657363121 11.7001091653434
34 245 12 11.2941176470588 10.4918719694698 11.1937660119562
34 313 12 11.2941176470588 11.0975549704917 11.8873763941836
35 36 12 12 11.2941176470588 12
35 209 12 12 11.9020657363121 11.7001091653434
36 37 11.2941176470588 12 10.5882352941176 12
36 209 11.2941176470588 12 11.9020657363121 11.7001091653434
36 313 11.2941176470588 12 11.0975549704917 11.8873763941836
37 38 10.5882352941176 12 9.88235294117647 12
37 227 10.5882352941176 12 10.5614195737165 11.7321564500565
37 313 10.5882352941176 12 11.0975549704917 11.8873763941836
38 39 9.88235294117647 12 9.17647058823529 12
38 216 9.88235294117647 12 9.4216165881634 10.9305890683544
38 227 9.88235294117647 12 10.5614195737165 11.7321564500565
38 245 9.88235294117647 12 10.4918719694698 11.1937660119562
38 320 9.88235294117647 12 9.42155353823744 11.8403476507151
39 40 9.17647058823529 12 8.47058823529412 12
39 303 9.17647058823529 12 8.69832633552573 11.8940367125123
39 320 9.17647058823529 12 9.42155353823744 11.8403476507151
40 41 8.47058823529412 12 7.76470588235294 12
40 200 8.47058823529412 12 8.28313510257357 11.3270183272715
40 303 8.47058823529412 12 8.69832633552573 11.8940367125123
41 42 7.76470588235294 12 7.05882352941176 12
41 200 7.76470588235294 12 8.28313510257357 11.3270183272715
41 217 7.76470588235294 12 7.27007540768065 11.1996627880877
41 247 7.76470588235294 12 6.94099970189519 11.6963358773517
42 43 7.05882352941176 12 6.35294117647059 12
42 247 7.05882352941176 12 6.94099970189519 11.6963358773517
43 44 6.35294117647059 12 5.64705882352941 12
43 93 6.35294117647059 12 5.15513565399471 10.1478198505421
43 221 6.35294117647059 12 6.84486434600529 10.1478198505421
43 247 6.35294117647059 12 6.94099970189519 11.6963358773517
44 45 5.64705882352941 12 4.94117647058824 12
44 93 5.64705882352941 12 5.15513565399471 10.1478198505421
44 119 5.64705882352941 12 5.05900029810481 11.6963358773517
45 46 4.94117647058824 12 4.23529411764706 12
45 119 4.94117647058824 12 5.05900029810481 11.6963358773517
46 47 4.23529411764706 12 3.52941176470588 12
46 72 4.23529411764706 12 3.71686489742644 11.3270183272715
46 89 4.23529411764706 12 4.72992459231935 11.1996627880877
46 119 4.23529411764706 12 5.05900029810481 11.6963358773517
47 48 3.52941176470588 12 2.82352941176471 12
47 72 3.52941176470588 12 3.71686489742644 11.3270183272715
47 175 3.52941176470588 12 3.30167366447427 11.8940367125123
48 49 2.82352941176471 12 2.11764705882353 12
48 175 2.82352941176471 12 3.30167366447427 11.8940367125123
48 192 2.82352941176471 12 2.57844646176256 11.8403476507151
49 50 2.11764705882353 12 1.41176470588235 12
49 88 2.11764705882353 12 2.5783834118366 10.9305890683544
49 99 2.11764705882353 12 1.43858042628352 11.7321564500565
49 117 2.11764705882353 12 1.5081280305302 11.1937660119562
49 192 2.11764705882353 12 2.57844646176256 11.8403476507151
50 51 1.41176470588235 12 0.705882352941177 12
50 99 1.41176470588235 12 1.43858042628352 11.7321564500565
50 185 1.41176470588235 12 0.902445029508339 11.8873763941836
51 52 0.705882352941177 12 0 12
51 81 0.705882352941177 12 0.0979342636879153 11.7001091653434
51 185 0.705882352941177 12 0.902445029508339 11.8873763941836
52 53 0 12 0 11.2941176470588
52 81 0 12 0.0979342636879153 11.7001091653434
53 54 0 11.2941176470588 0 10.5882352941176
53 81 0 11.2941176470588 0.0979342636879153 11.7001091653434
53 117 0 11.2941176470588 1.5081280305302 11.1937660119562
53 185 0 11.2941176470588 0.902445029508339 11.8873763941836
54 55 0 10.5882352941176 0 9.88235294117647
54 102 0 10.5882352941176 0.498838848011762 9.95361805719278
54 117 0 10.5882352941176 1.5081280305302 11.1937660119562
55 56 0 9.88235294117647 0 9.17647058823529
55 102 0 9.88235294117647 0.498838848011762 9.95361805719278
56 57 0 9.17647058823529 0 8.47058823529412
56 102 0 9.17647058823529 0.498838848011762 9.95361805719278
56 111 0 9.17647058823529 0.495343594568583 8.70815287414173
56 147 0 9.17647058823529 1.07725586754622 9.65555300958948
57 58 0 8.47058823529412 0 7.76470588235294
57 109 0 8.47058823529412 0.20941474194235 8.33122911489382
57 111 0 8.47058823529412 0.495343594568583 8.70815287414173
58 59 0 7.76470588235294 0 7.05882352941176
58 103 0 7.76470588235294 0.813185314022568 7.51343895097578
58 109 0 7.76470588235294 0.20941474194235 8.33122911489382
58 150 0 7.76470588235294 0.107151229147551 7.11083586550496
58 151 0 7.76470588235294 0.745895155547058 8.00453796093539
59 60 0 7.05882352941176 0 6.35294117647059
59 122 0 7.05882352941176 0.44363290052247 6.62463235229224
59 150 0 7.05882352941176 0.107151229147551 7.11083586550496
60 61 0 6.35294117647059 -0 5.64705882352941
60 82 0 6.35294117647059 0.444834651112608 6.18778847792057
60 122 0 6.35294117647059 0.44363290052247 6.62463235229224
60 125 0 6.35294117647059 0.194296710969109 5.81903780166602
61 62 -0 5.64705882352941 -0 4.94117647058824
61 125 -0 5.64705882352941 0.194296710969109 5.81903780166602
61 180 -0 5.64705882352941 0.711985069561833 5.30755931100135
62 63 -0 4.94117647058824 -0 4.23529411764706
62 107 -0 4.94117647058824 0.334910859140922 4.42665688781986
62 180 -0 4.94117647058824 0.711985069561833 5.30755931100135
63 64 -0 4.23529411764706 -0 3.52941176470588
63 87 -0 4.23529411764706 0.429359925056875 3.82492369121523
63 107 -0 4.23529411764706 0.334910859140922 4.42665688781986
64 65 -0 3.52941176470588 -0 2.82352941176471
64 87 -0 3.52941176470588 0.429359925056875 3.82492369121523
64 129 -0 3.52941176470588 0.85216058406312 3.02553160103361
64 157 -0 3.52941176470588 0.29509749441064 2.72132011719086
65 66 -0 2.82352941176471 -0 2.11764705882353
65 157 -0 2.82352941176471 0.29509749441064 2.72132011719086
66 67 -0 2.11764705882353 -0 1.41176470588235
66 76 -0 2.11764705882353 0.646850295402157 1.57267424106862
66 112 -0 2.11764705882353 0.615715647733823 2.30498968087915
66 157 -0 2.11764705882353 0.29509749441064 2.72132011719086
67 68 -0 1.41176470588235 -0 0.705882352941177
67 76 -0 1.41176470588235 0.646850295402157 1.57267424106862
67 141 -0 1.41176470588235 0.161462827472265 1.03041353223656
68 141 -0 0.705882352941177 0.161462827472265 1.03041353223656
68 168 -0 0.705882352941177 0.680910264006678 0.35892282301458
69 70 4.54522844426541 5.05617228172004 4.3497508710887 5.55719637796696
69 74 4.54522844426541 5.05617228172004 3.56305156945673 4.93539039479472
69 124 4.54522844426541 5.05617228172004 4.18583676874016 4.5146057009964
69 140 4.54522844426541 5.05617228172004 5.25599786875662 5.5374603739288
69 142 4.54522844426541 5.05617228172004 5.73821737557396 4.03746472315159
69 159 4.54522844426541 5.05617228172004 5.85276635139874 4.89895277516778
70 74 4.3497508710887 5.55719637796696 3.56305156945673 4.93539039479472
70 85 4.3497508710887 5.55719637796696 4.31758022132566 6.33088339021079
70 140 4.3497508710887 5.55719637796696 5.25599786875662 5.5374603739288
70 179 4.3497508710887 5.55719637796696 3.64412339742806 5.5594486522612
71 72 4.15744716422411 10.5465216280756 3.71686489742644 11.3270183272715
71 89 4.15744716422411 10.5465216280756 4.72992459231935 11.1996627880877
71 93 4.15744716422411 10.5465216280756 5.15513565399471 10.1478198505421
71 98 4.15744716422411 10.5465216280756 3.8942521802074 10.1077545598675
71 121 4.15744716422411 10.5465216280756 3.17113538629309 10.8060789858579
71 137 4.15744716422411 10.5465216280756 4.23917819584748 9.86916949580177
72 89 3.71686489742644 11.3270183272715 4.72992459231935 11.1996627880877
72 121 3.71686489742644 11.3270183272715 3.17113538629309 10.8060789858579
72 175 3.71686489742644 11.3270183272715 3.30167366447427 11.8940367125123
73 83 2.46045688618889 5.2336811954691 2.80739310454465 4.80994111379351
73 86 2.46045688618889 5.2336811954691 1.96112785086198 5.37449017854029
73 156 2.46045688618889 5.2336811954691 2.11137619811118 4.59114975279604
73 173 2.46045688618889 5.2336811954691 3.02669090459752 5.48549194362914
73 191 2.46045688618889 5.2336811954691 2.73675194552373 5.96286343209745
74 83 3.56305156945673 4.93539039479472 2.80739310454465 4.80994111379351
74 105 3.56305156945673 4.93539039479472 3.08987988230345 4.44750246085836
74 124 3.56305156945673 4.93539039479472 4.18583676874016 4.5146057009964
74 135 3.56305156945673 4.93539039479472 3.89147028819986 4.16777639574615
74 173 3.56305156945673 4.93539039479472 3.02669090459752 5.48549194362914
74 179 3.56305156945673 4.93539039479472 3.64412339742806 5.5594486522612
75 84 2.06711148139925 1.85115138075788 2.11089242285661 0.900635732906049
75 164 2.06711148139925 1.85115138075788 2.72760516322713 2.68899230085316
75 177 2.06711148139925 1.85115138075788 0.948167116154539 1.86464388598792
75 186 2.06711148139925 1.85115138075788 2.55156064664939 1.57729889443972
75 196 2.06711148139925 1.85115138075788 1.66255253322122 2.3191305418952
76 112 0.646850295402157 1.57267424106862 0.615715647733823 2.30498968087915
76 116 0.646850295402157 1.57267424106862 1.03690114258207 0.488212255336684
76 141 0.646850295402157 1.57267424106862 0.161462827472265 1.03041353223656
76 177 0.646850295402157 1.57267424106862 0.948167116154539 1.86464388598792
77 82 1.3270718578889 5.54049473402074 0.444834651112608 6.18778847792057
77 86 1.3270718578889 5.54049473402074 1.96112785086198 5.37449017854029
77 92 1.3270718578889 5.54049473402074 1.59331898812313 5.0455446965374
77 120 1.3270718578889 5.54049473402074 1.97202705653341 6.18052278462048
77 172 1.3270718578889 5.54049473402074 1.17615240066425 6.82199764397419
77 180 1.3270718578889 5.54049473402074 0.711985069561833 5.30755931100135
78 101 2.99550806841098 0.361619485534962 2.61256093345926 0.494550640510456
78 126 2.99550806841098 0.361619485534962 3.36415860466202 0.507454294787216
78 193 2.99550806841098 0.361619485534962 3.01311498166968 0.763170505623252
79 95 5.7840664937186 8.58327756584056 5.68697765323392 9.4575582610756
79 134 5.7840664937186 8.58327756584056 4.53646160637921 8.09128790540512
79 163 5.7840664937186 8.58327756584056 5.07821493157906 7.49786149042009
79 165 5.7840664937186 8.58327756584056 4.65600442203326 9.18559157942719
79 189 5.7840664937186 8.58327756584056 5.28935870861653 7.07057534809352
79 207 5.7840664937186 8.58327756584056 6.2159335062814 8.58327756584056
80 93 4.31209110971882 9.48757207896817 5.15513565399471 10.1478198505421
80 133 4.31209110971882 9.48757207896817 4.09358203389397 8.26968351672794
80 137 4.31209110971882 9.48757207896817 4.23917819584748 9.86916949580177
80 160 4.31209110971882 9.48757207896817 3.69843171687611 9.77316924746016
80 165 4.31209110971882 9.48757207896817 4.65600442203326 9.18559157942719
81 185 0.0979342636879153 11.7001091653434 0.902445029508339 11.8873763941836
82 122 0.444834651112608 6.18778847792057 0.44363290052247 6.62463235229224
82 125 0.444834651112608 6.18778847792057 0.194296710969109 5.81903780166602
82 172 0.444834651112608 6.18778847792057 1.17615240066425 6.82199764397419
82 180 0.444834651112608 6.18778847792057 0.711985069561833 5.30755931100135
83 105 2.80739310454465 4.80994111379351 3.08987988230345 4.44750246085836
83 156 2.80739310454465 4.80994111379351 2.11137619811118 4.59114975279604
83 162 2.80739310454465 4.80994111379351 2.47380316035662 4.33920827763849
83 173 2.80739310454465 4.80994111379351 3.02669090459752 5.48549194362914
84 90 2.11089242285661 0.900635732906049 2.22477984395155 0.46568903799928
84 101 2.11089242285661 0.900635732906049 2.61256093345926 0.494550640510456
84 116 2.11089242285661 0.900635732906049 1.03690114258207 0.488212255336684
84 149 2.11089242285661 0.900635732906049 2.68686933586459 1.13051929180716
84 177 2.11089242285661 0.900635732906049 0.948167116154539 1.86464388598792
84 186 2.11089242285661 0.900635732906049 2.55156064664939 1.57729889443972
85 97 4.31758022132566 6.33088339021079 3.04902824526939 6.80325150309512
85 140 4.31758022132566 6.33088339021079 5.25599786875662 5.5374603739288
85 145 4.31758022132566 6.33088339021079 5.43010050881871 5.98505394708585
85 152 4.31758022132566 6.33088339021079 4.09364121239869 7.55431918772488
85 179 4.31758022132566 6.33088339021079 3.64412339742806 5.5594486522612
85 181 4.31758022132566 6.33088339021079 3.55810235535303 7.43687202020383
85 188 4.31758022132566 6.33088339021079 4.73017973180875 7.34509375173308
85 189 4.31758022132566 6.33088339021079 5.28935870861653 7.07057534809352
86 92 1.96112785086198 5.37449017854029 1.59331898812313 5.0455446965374
86 120 1.96112785086198 5.37449017854029 1.97202705653341 6.18052278462048
86 156 1.96112785086198 5.37449017854029 2.11137619811118 4.59114975279604
86 191 1.96112785086198 5.37449017854029 2.73675194552373 5.96286343209745
87 107 0.429359925056875 3.82492369121523 0.334910859140922 4.42665688781986
87 129 0.429359925056875 3.82492369121523 0.85216058406312 3.02553160103361
87 139 0.429359925056875 3.82492369121523 1.00501853894792 4.16889835179808
88 117 2.5783834118366 10.9305890683544 1.5081280305302 11.1937660119562
88 118 2.5783834118366 10.9305890683544 1.84795404103581 10.5209541860465
88 121 2.5783834118366 10.9305890683544 3.17113538629309 10.8060789858579
88 153 2.5783834118366 10.9305890683544 2.38560972080193 9.43938038375227
88 169 2.5783834118366 10.9305890683544 3.29153382962117 10.0696960494981
88 175 2.5783834118366 10.9305890683544 3.30167366447427 11.8940367125123
88 192 2.5783834118366 10.9305890683544 2.57844646176256 11.8403476507151
89 93 4.72992459231935 11.1996627880877 5.15513565399471 10.1478198505421
89 119 4.72992459231935 11.1996627880877 5.05900029810481 11.6963358773517
90 101 2.22477984395155 0.46568903799928 2.61256093345926 0.494550640510456
91 115 3.3622015216732 1.40174032829068 3.49201909343085 2.21452906438919
91 126 3.3622015216732 1.40174032829068 3.36415860466202 0.507454294787216
91 148 3.3622015216732 1.40174032829068 4.47677626056939 1.8207661627474
91 149 3.3622015216732 1.40174032829068 2.68686933586459 1.13051929180716
91 190 3.3622015216732 1.40174032829068 3.04577869288808 1.7121067246868
91 193 3.3622015216732 1.40174032829068 3.01311498166968 0.763170505623252
91 195 3.3622015216732 1.40174032829068 3.94443827061037 0.916158397912316
92 108 1.59331898812313 5.0455446965374 1.6580568992772 4.38340188261882
92 139 1.59331898812313 5.0455446965374 1.00501853894792 4.16889835179808
92 156 1.59331898812313 5.0455446965374 2.11137619811118 4.59114975279604
92 180 1.59331898812313 5.0455446965374 0.711985069561833 5.30755931100135
93 95 5.15513565399471 10.1478198505421 5.68697765323392 9.4575582610756
93 119 5.15513565399471 10.1478198505421 5.05900029810481 11.6963358773517
93 137 5.15513565399471 10.1478198505421 4.23917819584748 9.86916949580177
93 165 5.15513565399471 10.1478198505421 4.65600442203326 9.18559157942719
93 221 5.15513565399471 10.1478198505421 6.84486434600529 10.1478198505421
93 223 5.15513565399471 10.1478198505421 6.31302234676608 9.4575582610756
94 106 2.83991378910571 8.19065765424754 2.36316435000571 8.85962553421096
94 113 2.83991378910571 8.19065765424754 2.84970135859453 7.59825195233374
94 133 2.83991378910571 8.19065765424754 4.09358203389397 8.26968351672794
94 136 2.83991378910571 8.19065765424754 2.05362407668241 7.91574380302176
94 178 2.83991378910571 8.19065765424754 2.82833796174421 8.65816108985482
94 182 2.83991378910571 8.19065765424754 3.74763045752835 7.77706919092391
95 165 5.68697765323392 9.4575582610756 4.65600442203326 9.18559157942719
95 207 5.68697765323392 9.4575582610756 6.2159335062814 8.58327756584056
95 223 5.68697765323392 9.4575582610756 6.31302234676608 9.4575582610756
96 112 1.02132596346855 2.25920581423338 0.615715647733823 2.30498968087915
96 129 1.02132596346855 2.25920581423338 0.85216058406312 3.02553160103361
96 177 1.02132596346855 2.25920581423338 0.948167116154539 1.86464388598792
96 194 1.02132596346855 2.25920581423338 1.27673707254076 3.07497413358371
96 196 1.02132596346855 2.25920581423338 1.66255253322122 2.3191305418952
97 110 3.04902824526939 6.80325150309512 2.54053138877291 7.34279510632296
97 113 3.04902824526939 6.80325150309512 2.84970135859453 7.59825195233374
97 120 3.04902824526939 6.80325150309512 1.97202705653341 6.18052278462048
97 179 3.04902824526939 6.80325150309512 3.64412339742806 5.5594486522612
97 181 3.04902824526939 6.80325150309512 3.55810235535303 7.43687202020383
97 191 3.04902824526939 6.80325150309512 2.73675194552373 5.96286343209745
98 121 3.8942521802074 10.1077545598675 3.17113538629309 10.8060789858579
98 137 3.8942521802074 10.1077545598675 4.23917819584748 9.86916949580177
98 160 3.8942521802074 10.1077545598675 3.69843171687611 9.77316924746016
98 169 3.8942521802074 10.1077545598675 3.29153382962117 10.0696960494981
99 117 1.43858042628352 11.7321564500565 1.5081280305302 11.1937660119562
99 185 1.43858042628352 11.7321564500565 0.902445029508339 11.8873763941836
100 146 5.30017723843253 2.96900144801184 5.22282368463201 2.07830645120029
100 161 5.30017723843253 2.96900144801184 5.3276077278899 3.49466095435849
100 167 5.30017723843253 2.96900144801184 4.57502371616144 3.45625458893917
100 176 5.30017723843253 2.96900144801184 5.76727223469563 3.08461697142734
100 183 5.30017723843253 2.96900144801184 4.50580740284207 2.41459956517667
101 149 2.61256093345926 0.494550640510456 2.68686933586459 1.13051929180716
101 193 2.61256093345926 0.494550640510456 3.01311498166968 0.763170505623252
102 117 0.498838848011762 9.95361805719278 1.5081280305302 11.1937660119562
102 118 0.498838848011762 9.95361805719278 1.84795404103581 10.5209541860465
102 147 0.498838848011762 9.95361805719278 1.07725586754622 9.65555300958948
103 122 0.813185314022568 7.51343895097578 0.44363290052247 6.62463235229224
103 150 0.813185314022568 7.51343895097578 0.107151229147551 7.11083586550496
103 151 0.813185314022568 7.51343895097578 0.745895155547058 8.00453796093539
103 172 0.813185314022568 7.51343895097578 1.17615240066425 6.82199764397419
103 174 0.813185314022568 7.51343895097578 1.56610764041579 7.88151425603094
104 105 2.62743983300409 3.8702899821935 3.08987988230345 4.44750246085836
104 130 2.62743983300409 3.8702899821935 2.79544345990018 3.53012431302541
104 138 2.62743983300409 3.8702899821935 3.2455113692791 3.90548648889901
104 144 2.62743983300409 3.8702899821935 1.84463616059854 3.48488440709252
104 154 2.62743983300409 3.8702899821935 2.14163711432579 4.16337737689524
104 162 2.62743983300409 3.8702899821935 2.47380316035662 4.33920827763849
105 135 3.08987988230345 4.44750246085836 3.89147028819986 4.16777639574615
105 138 3.08987988230345 4.44750246085836 3.2455113692791 3.90548648889901
105 162 3.08987988230345 4.44750246085836 2.47380316035662 4.33920827763849
106 127 2.36316435000571 8.85962553421096 1.41981762247794 8.683662082716
106 136 2.36316435000571 8.85962553421096 2.05362407668241 7.91574380302176
106 153 2.36316435000571 8.85962553421096 2.38560972080193 9.43938038375227
106 158 2.36316435000571 8.85962553421096 1.92247455067922 9.09454800967495
106 178 2.36316435000571 8.85962553421096 2.82833796174421 8.65816108985482
107 139 0.334910859140922 4.42665688781986 1.00501853894792 4.16889835179808
107 180 0.334910859140922 4.42665688781986 0.711985069561833 5.30755931100135
108 139 1.6580568992772 4.38340188261882 1.00501853894792 4.16889835179808
108 144 1.6580568992772 4.38340188261882 1.84463616059854 3.48488440709252
108 154 1.6580568992772 4.38340188261882 2.14163711432579 4.16337737689524
108 156 1.6580568992772 4.38340188261882 2.11137619811118 4.59114975279604
109 111 0.20941474194235 8.33122911489382 0.495343594568583 8.70815287414173
109 151 0.20941474194235 8.33122911489382 0.745895155547058 8.00453796093539
110 113 2.54053138877291 7.34279510632296 2.84970135859453 7.59825195233374
110 120 2.54053138877291 7.34279510632296 1.97202705653341 6.18052278462048
110 128 2.54053138877291 7.34279510632296 2.03028908443649 7.33505752349422
110 136 2.54053138877291 7.34279510632296 2.05362407668241 7.91574380302176
111 127 0.495343594568583 8.70815287414173 1.41981762247794 8.683662082716
111 147 0.495343594568583 8.70815287414173 1.07725586754622 9.65555300958948
111 151 0.495343594568583 8.70815287414173 0.745895155547058 8.00453796093539
112 129 0.615715647733823 2.30498968087915 0.85216058406312 3.02553160103361
112 157 0.615715647733823 2.30498968087915 0.29509749441064 2.72132011719086
112 177 0.615715647733823 2.30498968087915 0.948167116154539 1.86464388598792
113 136 2.84970135859453 7.59825195233374 2.05362407668241 7.91574380302176
113 181 2.84970135859453 7.59825195233374 3.55810235535303 7.43687202020383
113 182 2.84970135859453 7.59825195233374 3.74763045752835 7.77706919092391
114 126 3.61722564640576 0.214411583565842 3.36415860466202 0.507454294787216
114 166 3.61722564640576 0.214411583565842 4.02355672767035 0.341697344705217
115 132 3.49201909343085 2.21452906438919 2.71738570305289 3.0898894833915
115 138 3.49201909343085 2.21452906438919 3.2455113692791 3.90548648889901
115 148 3.49201909343085 2.21452906438919 4.47677626056939 1.8207661627474
115 164 3.49201909343085 2.21452906438919 2.72760516322713 2.68899230085316
115 167 3.49201909343085 2.21452906438919 4.57502371616144 3.45625458893917
115 183 3.49201909343085 2.21452906438919 4.50580740284207 2.41459956517667
115 190 3.49201909343085 2.21452906438919 3.04577869288808 1.7121067246868
116 141 1.03690114258207 0.488212255336684 0.161462827472265 1.03041353223656
116 168 1.03690114258207 0.488212255336684 0.680910264006678 0.35892282301458
116 177 1.03690114258207 0.488212255336684 0.948167116154539 1.86464388598792
117 118 1.5081280305302 11.1937660119562 1.84795404103581 10.5209541860465
117 185 1.5081280305302 11.1937660119562 0.902445029508339 11.8873763941836
118 147 1.84795404103581 10.5209541860465 1.07725586754622 9.65555300958948
118 153 1.84795404103581 10.5209541860465 2.38560972080193 9.43938038375227
118 170 1.84795404103581 10.5209541860465 1.77038567547604 9.89007058193698
120 128 1.97202705653341 6.18052278462048 2.03028908443649 7.33505752349422
120 172 1.97202705653341 6.18052278462048 1.17615240066425 6.82199764397419
120 191 1.97202705653341 6.18052278462048 2.73675194552373 5.96286343209745
121 169 3.17113538629309 10.8060789858579 3.29153382962117 10.0696960494981
121 175 3.17113538629309 10.8060789858579 3.30167366447427 11.8940367125123
122 150 0.44363290052247 6.62463235229224 0.107151229147551 7.11083586550496
122 172 0.44363290052247 6.62463235229224 1.17615240066425 6.82199764397419
123 155 5.34824183042393 0.120199998631859 5.62867847275049 1.35245503696653
123 171 5.34824183042393 0.120199998631859 5.0390505622003 0.980530643337782
123 184 5.34824183042393 0.120199998631859 4.95963630459069 0.491823960196782
124 135 4.18583676874016 4.5146057009964 3.89147028819986 4.16777639574615
124 142 4.18583676874016 4.5146057009964 5.73821737557396 4.03746472315159
124 161 4.18583676874016 4.5146057009964 5.3276077278899 3.49466095435849
124 167 4.18583676874016 4.5146057009964 4.57502371616144 3.45625458893917
125 180 0.194296710969109 5.81903780166602 0.711985069561833 5.30755931100135
126 166 3.36415860466202 0.507454294787216 4.02355672767035 0.341697344705217
126 193 3.36415860466202 0.507454294787216 3.01311498166968 0.763170505623252
126 195 3.36415860466202 0.507454294787216 3.94443827061037 0.916158397912316
127 136 1.41981762247794 8.683662082716 2.05362407668241 7.91574380302176
127 147 1.41981762247794 8.683662082716 1.07725586754622 9.65555300958948
127 151 1.41981762247794 8.683662082716 0.745895155547058 8.00453796093539
127 158 1.41981762247794 8.683662082716 1.92247455067922 9.09454800967495
127 174 1.41981762247794 8.683662082716 1.56610764041579 7.88151425603094
128 136 2.03028908443649 7.33505752349422 2.05362407668241 7.91574380302176
128 172 2.03028908443649 7.33505752349422 1.17615240066425 6.82199764397419
128 174 2.03028908443649 7.33505752349422 1.56610764041579 7.88151425603094
129 139 0.85216058406312 3.02553160103361 1.00501853894792 4.16889835179808
129 157 0.85216058406312 3.02553160103361 0.29509749441064 2.72132011719086
129 194 0.85216058406312 3.02553160103361 1.27673707254076 3.07497413358371
130 132 2.79544345990018 3.53012431302541 2.71738570305289 3.0898894833915
130 138 2.79544345990018 3.53012431302541 3.2455113692791 3.90548648889901
130 144 2.79544345990018 3.53012431302541 1.84463616059854 3.48488440709252
131 148 4.53990302143153 1.14755484249722 4.47677626056939 1.8207661627474
131 166 4.53990302143153 1.14755484249722 4.02355672767035 0.341697344705217
131 171 4.53990302143153 1.14755484249722 5.0390505622003 0.980530643337782
131 184 4.53990302143153 1.14755484249722 4.95963630459069 0.491823960196782
131 195 4.53990302143153 1.14755484249722 3.94443827061037 0.916158397912316
132 138 2.71738570305289 3.0898894833915 3.2455113692791 3.90548648889901
132 143 2.71738570305289 3.0898894833915 1.85692795068732 2.84394986669324
132 144 2.71738570305289 3.0898894833915 1.84463616059854 3.48488440709252
132 164 2.71738570305289 3.0898894833915 2.72760516322713 2.68899230085316
133 134 4.09358203389397 8.26968351672794 4.53646160637921 8.09128790540512
133 152 4.09358203389397 8.26968351672794 4.09364121239869 7.55431918772488
133 160 4.09358203389397 8.26968351672794 3.69843171687611 9.77316924746016
133 165 4.09358203389397 8.26968351672794 4.65600442203326 9.18559157942719
133 178 4.09358203389397 8.26968351672794 2.82833796174421 8.65816108985482
133 182 4.09358203389397 8.26968351672794 3.74763045752835 7.77706919092391
134 152 4.53646160637921 8.09128790540512 4.09364121239869 7.55431918772488
134 163 4.53646160637921 8.09128790540512 5.07821493157906 7.49786149042009
134 165 4.53646160637921 8.09128790540512 4.65600442203326 9.18559157942719
134 188 4.53646160637921 8.09128790540512 4.73017973180875 7.34509375173308
135 138 3.89147028819986 4.16777639574615 3.2455113692791 3.90548648889901
135 167 3.89147028819986 4.16777639574615 4.57502371616144 3.45625458893917
136 174 2.05362407668241 7.91574380302176 1.56610764041579 7.88151425603094
137 160 4.23917819584748 9.86916949580177 3.69843171687611 9.77316924746016
138 167 3.2455113692791 3.90548648889901 4.57502371616144 3.45625458893917
139 144 1.00501853894792 4.16889835179808 1.84463616059854 3.48488440709252
139 180 1.00501853894792 4.16889835179808 0.711985069561833 5.30755931100135
139 194 1.00501853894792 4.16889835179808 1.27673707254076 3.07497413358371
140 145 5.25599786875662 5.5374603739288 5.43010050881871 5.98505394708585
140 159 5.25599786875662 5.5374603739288 5.85276635139874 4.89895277516778
141 168 0.161462827472265 1.03041353223656 0.680910264006678 0.35892282301458
142 159 5.73821737557396 4.03746472315159 5.85276635139874 4.89895277516778
142 161 5.73821737557396 4.03746472315159 5.3276077278899 3.49466095435849
142 176 5.73821737557396 4.03746472315159 5.76727223469563 3.08461697142734
142 270 5.73821737557396 4.03746472315159 6.26178262442604 4.03746472315159
142 287 5.73821737557396 4.03746472315159 6.14723364860126 4.89895277516778
142 304 5.73821737557396 4.03746472315159 6.23272776530437 3.08461697142734
143 144 1.85692795068732 2.84394986669324 1.84463616059854 3.48488440709252
143 164 1.85692795068732 2.84394986669324 2.72760516322713 2.68899230085316
143 194 1.85692795068732 2.84394986669324 1.27673707254076 3.07497413358371
143 196 1.85692795068732 2.84394986669324 1.66255253322122 2.3191305418952
144 154 1.84463616059854 3.48488440709252 2.14163711432579 4.16337737689524
144 194 1.84463616059854 3.48488440709252 1.27673707254076 3.07497413358371
145 159 5.43010050881871 5.98505394708585 5.85276635139874 4.89895277516778
145 189 5.43010050881871 5.98505394708585 5.28935870861653 7.07057534809352
145 273 5.43010050881871 5.98505394708585 6.56989949118129 5.98505394708585
145 287 5.43010050881871 5.98505394708585 6.14723364860126 4.89895277516778
146 148 5.22282368463201 2.07830645120029 4.47677626056939 1.8207661627474
146 155 5.22282368463201 2.07830645120029 5.62867847275049 1.35245503696653
146 171 5.22282368463201 2.07830645120029 5.0390505622003 0.980530643337782
146 176 5.22282368463201 2.07830645120029 5.76727223469563 3.08461697142734
146 183 5.22282368463201 2.07830645120029 4.50580740284207 2.41459956517667
146 187 5.22282368463201 2.07830645120029 5.77980721983451 1.84331391254796
147 158 1.07725586754622 9.65555300958948 1.92247455067922 9.09454800967495
147 170 1.07725586754622 9.65555300958948 1.77038567547604 9.89007058193698
148 171 4.47677626056939 1.8207661627474 5.0390505622003 0.980530643337782
148 183 4.47677626056939 1.8207661627474 4.50580740284207 2.41459956517667
148 195 4.47677626056939 1.8207661627474 3.94443827061037 0.916158397912316
149 186 2.68686933586459 1.13051929180716 2.55156064664939 1.57729889443972
149 190 2.68686933586459 1.13051929180716 3.04577869288808 1.7121067246868
149 193 2.68686933586459 1.13051929180716 3.01311498166968 0.763170505623252
151 174 0.745895155547058 8.00453796093539 1.56610764041579 7.88151425603094
152 181 4.09364121239869 7.55431918772488 3.55810235535303 7.43687202020383
152 182 4.09364121239869 7.55431918772488 3.74763045752835 7.77706919092391
152 188 4.09364121239869 7.55431918772488 4.73017973180875 7.34509375173308
153 158 2.38560972080193 9.43938038375227 1.92247455067922 9.09454800967495
153 160 2.38560972080193 9.43938038375227 3.69843171687611 9.77316924746016
153 169 2.38560972080193 9.43938038375227 3.29153382962117 10.0696960494981
153 170 2.38560972080193 9.43938038375227 1.77038567547604 9.89007058193698
153 178 2.38560972080193 9.43938038375227 2.82833796174421 8.65816108985482
154 156 2.14163711432579 4.16337737689524 2.11137619811118 4.59114975279604
154 162 2.14163711432579 4.16337737689524 2.47380316035662 4.33920827763849
155 171 5.62867847275049 1.35245503696653 5.0390505622003 0.980530643337782
155 187 5.62867847275049 1.35245503696653 5.77980721983451 1.84331391254796
155 283 5.62867847275049 1.35245503696653 6.37132152724951 1.35245503696653
155 315 5.62867847275049 1.35245503696653 6.22019278016549 1.84331391254796
156 162 2.11137619811118 4.59114975279604 2.47380316035662 4.33920827763849
158 170 1.92247455067922 9.09454800967495 1.77038567547604 9.89007058193698
159 287 5.85276635139874 4.89895277516778 6.14723364860126 4.89895277516778
160 169 3.69843171687611 9.77316924746016 3.29153382962117 10.0696960494981
160 178 3.69843171687611 9.77316924746016 2.82833796174421 8.65816108985482
161 167 5.3276077278899 3.49466095435849 4.57502371616144 3.45625458893917
161 176 5.3276077278899 3.49466095435849 5.76727223469563 3.08461697142734
163 188 5.07821493157906 7.49786149042009 4.73017973180875 7.34509375173308
163 189 5.07821493157906 7.49786149042009 5.28935870861653 7.07057534809352
164 186 2.72760516322713 2.68899230085316 2.55156064664939 1.57729889443972
164 190 2.72760516322713 2.68899230085316 3.04577869288808 1.7121067246868
164 196 2.72760516322713 2.68899230085316 1.66255253322122 2.3191305418952
166 184 4.02355672767035 0.341697344705217 4.95963630459069 0.491823960196782
166 195 4.02355672767035 0.341697344705217 3.94443827061037 0.916158397912316
167 183 4.57502371616144 3.45625458893917 4.50580740284207 2.41459956517667
171 184 5.0390505622003 0.980530643337782 4.95963630459069 0.491823960196782
172 174 1.17615240066425 6.82199764397419 1.56610764041579 7.88151425603094
173 179 3.02669090459752 5.48549194362914 3.64412339742806 5.5594486522612
173 191 3.02669090459752 5.48549194362914 2.73675194552373 5.96286343209745
175 192 3.30167366447427 11.8940367125123 2.57844646176256 11.8403476507151
176 187 5.76727223469563 3.08461697142734 5.77980721983451 1.84331391254796
176 304 5.76727223469563 3.08461697142734 6.23272776530437 3.08461697142734
176 315 5.76727223469563 3.08461697142734 6.22019278016549 1.84331391254796
177 196 0.948167116154539 1.86464388598792 1.66255253322122 2.3191305418952
179 191 3.64412339742806 5.5594486522612 2.73675194552373 5.96286343209745
181 182 3.55810235535303 7.43687202020383 3.74763045752835 7.77706919092391
186 190 2.55156064664939 1.57729889443972 3.04577869288808 1.7121067246868
187 315 5.77980721983451 1.84331391254796 6.22019278016549 1.84331391254796
188 189 4.73017973180875 7.34509375173308 5.28935870861653 7.07057534809352
189 207 5.28935870861653 7.07057534809352 6.2159335062814 8.58327756584056
189 273 5.28935870861653 7.07057534809352 6.56989949118129 5.98505394708585
189 317 5.28935870861653 7.07057534809352 6.71064129138347 7.07057534809352
194 196 1.27673707254076 3.07497413358371 1.66255253322122 2.3191305418952
197 198 7.45477155573459 5.05617228172004 7.6502491289113 5.55719637796696
197 202 7.45477155573459 5.05617228172004 8.43694843054327 4.93539039479472
197 252 7.45477155573459 5.05617228172004 7.81416323125984 4.5146057009964
197 268 7.45477155573459 5.05617228172004 6.74400213124338 5.5374603739288
197 270 7.45477155573459 5.05617228172004 6.26178262442604 4.03746472315159
197 287 7.45477155573459 5.05617228172004 6.14723364860126 4.89895277516778
198 202 7.6502491289113 5.55719637796696 8.43694843054327 4.93539039479472
198 213 7.6502491289113 5.55719637796696 7.68241977867434 6.33088339021079
198 268 7.6502491289113 5.55719637796696 6.74400213124338 5.5374603739288
198 307 7.6502491289113 5.55719637796696 8.35587660257194 5.5594486522612
199 200 7.84255283577589 10.5465216280756 8.28313510257357 11.3270183272715
199 217 7.84255283577589 10.5465216280756 7.27007540768065 11.1996627880877
199 221 7.84255283577589 10.5465216280756 6.84486434600529 10.1478198505421
199 226 7.84255283577589 10.5465216280756 8.1057478197926 10.1077545598675
199 249 7.84255283577589 10.5465216280756 8.82886461370691 10.8060789858579
199 265 7.84255283577589 10.5465216280756 7.76082180415252 9.86916949580177
200 217 8.28313510257357 11.3270183272715 7.27007540768065 11.1996627880877
200 249 8.28313510257357 11.3270183272715 8.82886461370691 10.8060789858579
200 303 8.28313510257357 11.3270183272715 8.69832633552573 11.8940367125123
201 211 9.53954311381111 5.2336811954691 9.19260689545536 4.80994111379351
201 214 9.53954311381111 5.2336811954691 10.038872149138 5.37449017854029
201 284 9.53954311381111 5.2336811954691 9.88862380188882 4.59114975279604
201 301 9.53954311381111 5.2336811954691 8.97330909540248 5.48549194362914
201 319 9.53954311381111 5.2336811954691 9.26324805447627 5.96286343209745
202 211 8.43694843054327 4.93539039479472 9.19260689545536 4.80994111379351
202 233 8.43694843054327 4.93539039479472 8.91012011769655 4.44750246085836
202 252 8.43694843054327 4.93539039479472 7.81416323125984 4.5146057009964
202 263 8.43694843054327 4.93539039479472 8.10852971180014 4.16777639574615
202 301 8.43694843054327 4.93539039479472 8.97330909540248 5.48549194362914
202 307 8.43694843054327 4.93539039479472 8.35587660257194 5.5594486522612
203 212 9.93288851860075 1.85115138075788 9.88910757714339 0.900635732906049
203 292 9.93288851860075 1.85115138075788 9.27239483677287 2.68899230085316
203 305 9.93288851860075 1.85115138075788 11.0518328838455 1.86464388598792
203 314 9.93288851860075 1.85115138075788 9.44843935335061 1.57729889443972
203 324 9.93288851860075 1.85115138075788 10.3374474667788 2.3191305418952
204 240 11.3531497045978 1.57267424106862 11.3842843522662 2.30498968087915
204 244 11.3531497045978 1.57267424106862 10.9630988574179 0.488212255336684
204 269 11.3531497045978 1.57267424106862 11.8385371725277 1.03041353223656
204 305 11.3531497045978 1.57267424106862 11.0518328838455 1.86464388598792
205 210 10.6729281421111 5.54049473402074 11.5551653488874 6.18778847792057
205 214 10.6729281421111 5.54049473402074 10.038872149138 5.37449017854029
205 220 10.6729281421111 5.54049473402074 10.4066810118769 5.0455446965374
205 248 10.6729281421111 5.54049473402074 10.0279729434666 6.18052278462048
205 300 10.6729281421111 5.54049473402074 10.8238475993358 6.82199764397419
205 308 10.6729281421111 5.54049473402074 11.2880149304382 5.30755931100135
206 229 9.00449193158902 0.361619485534962 9.38743906654074 0.494550640510456
206 254 9.00449193158902 0.361619485534962 8.63584139533798 0.507454294787216
206 321 9.00449193158902 0.361619485534962 8.98688501833032 0.763170505623252
207 223 6.2159335062814 8.58327756584056 6.31302234676608 9.4575582610756
207 262 6.2159335062814 8.58327756584056 7.46353839362079 8.09128790540512
207 291 6.2159335062814 8.58327756584056 6.92178506842094 7.49786149042009
207 293 6.2159335062814 8.58327756584056 7.34399557796674 9.18559157942719
207 317 6.2159335062814 8.58327756584056 6.71064129138347 7.07057534809352
208 221 7.68790889028118 9.48757207896817 6.84486434600529 10.1478198505421
208 261 7.68790889028118 9.48757207896817 7.90641796610603 8.26968351672794
208 265 7.68790889028118 9.48757207896817 7.76082180415252 9.86916949580177
208 288 7.68790889028118 9.48757207896817 8.30156828312389 9.77316924746016
208 293 7.68790889028118 9.48757207896817 7.34399557796674 9.18559157942719
209 313 11.9020657363121 11.7001091653434 11.0975549704917 11.8873763941836
210 250 11.5551653488874 6.18778847792057 11.5563670994775 6.62463235229224
210 253 11.5551653488874 6.18778847792057 11.8057032890309 5.81903780166602
210 300 11.5551653488874 6.18778847792057 10.8238475993358 6.82199764397419
210 308 11.5551653488874 6.18778847792057 11.2880149304382 5.30755931100135
211 233 9.19260689545536 4.80994111379351 8.91012011769655 4.44750246085836
211 284 9.19260689545536 4.80994111379351 9.88862380188882 4.59114975279604
211 290 9.19260689545536 4.80994111379351 9.52619683964338 4.33920827763849
211 301 9.19260689545536 4.80994111379351 8.97330909540248 5.48549194362914
212 218 9.88910757714339 0.900635732906049 9.77522015604845 0.46568903799928
212 229 9.88910757714339 0.900635732906049 9.38743906654074 0.494550640510456
212 244 9.88910757714339 0.900635732906049 10.9630988574179 0.488212255336684
212 277 9.88910757714339 0.900635732906049 9.31313066413541 1.13051929180716
212 305 9.88910757714339 0.900635732906049 11.0518328838455 1.86464388598792
212 314 9.88910757714339 0.900635732906049 9.44843935335061 1.57729889443972
213 225 7.68241977867434 6.33088339021079 8.95097175473061 6.80325150309512
213 268 7.68241977867434 6.33088339021079 6.74400213124338 5.5374603739288
213 273 7.68241977867434 6.33088339021079 6.56989949118129 5.98505394708585
213 280 7.68241977867434 6.33088339021079 7.90635878760131 7.55431918772488
213 307 7.68241977867434 6.33088339021079 8.35587660257194 5.5594486522612
213 309 7.68241977867434 6.33088339021079 8.44189764464697 7.43687202020383
213 316 7.68241977867434 6.33088339021079 7.26982026819125 7.34509375173308
213 317 7.68241977867434 6.33088339021079 6.71064129138347 7.07057534809352
214 220 10.038872149138 5.37449017854029 10.4066810118769 5.0455446965374
214 248 10.038872149138 5.37449017854029 10.0279729434666 6.18052278462048
214 284 10.038872149138 5.37449017854029 9.88862380188882 4.59114975279604
214 319 10.038872149138 5.37449017854029 9.26324805447627 5.96286343209745
215 235 11.5706400749431 3.82492369121523 11.6650891408591 4.42665688781986
215 257 11.5706400749431 3.82492369121523 11.1478394159369 3.02553160103361
215 267 11.5706400749431 3.82492369121523 10.9949814610521 4.16889835179808
216 245 9.4216165881634 10.9305890683544 10.4918719694698 11.1937660119562
216 246 9.4216165881634 10.9305890683544 10.1520459589642 10.5209541860465
216 249 9.4216165881634 10.9305890683544 8.82886461370691 10.8060789858579
216 281 9.4216165881634 10.9305890683544 9.61439027919807 9.43938038375227
216 297 9.4216165881634 10.9305890683544 8.70846617037883 10.0696960494981
216 303 9.4216165881634 10.9305890683544 8.69832633552573 11.8940367125123
216 320 9.4216165881634 10.9305890683544 9.42155353823744 11.8403476507151
217 221 7.27007540768065 11.1996627880877 6.84486434600529 10.1478198505421
217 247 7.27007540768065 11.1996627880877 6.94099970189519 11.6963358773517
218 229 9.77522015604845 0.46568903799928 9.38743906654074 0.494550640510456
219 243 8.6377984783268 1.40174032829068 8.50798090656915 2.21452906438919
219 254 8.6377984783268 1.40174032829068 8.63584139533798 0.507454294787216
219 276 8.6377984783268 1.40174032829068 7.52322373943061 1.8207661627474
219 277 8.6377984783268 1.40174032829068 9.31313066413541 1.13051929180716
219 318 8.6377984783268 1.40174032829068 8.95422130711191 1.7121067246868
219 321 8.6377984783268 1.40174032829068 8.98688501833032 0.763170505623252
219 323 8.6377984783268 1.40174032829068 8.05556172938963 0.916158397912316
220 236 10.4066810118769 5.0455446965374 10.3419431007228 4.38340188261882
220 267 10.4066810118769 5.0455446965374 10.9949814610521 4.16889835179808
220 284 10.4066810118769 5.0455446965374 9.88862380188882 4.59114975279604
220 308 10.4066810118769 5.0455446965374 11.2880149304382 5.30755931100135
221 223 6.84486434600529 10.1478198505421 6.31302234676608 9.4575582610756
221 247 6.84486434600529 10.1478198505421 6.94099970189519 11.6963358773517
221 265 6.84486434600529 10.1478198505421 7.76082180415252 9.86916949580177
221 293 6.84486434600529 10.1478198505421 7.34399557796674 9.18559157942719
222 234 9.16008621089429 8.19065765424754 9.63683564999429 8.85962553421096
222 241 9.16008621089429 8.19065765424754 9.15029864140547 7.59825195233374
222 261 9.16008621089429 8.19065765424754 7.90641796610603 8.26968351672794
222 264 9.16008621089429 8.19065765424754 9.94637592331759 7.91574380302176
222 306 9.16008621089429 8.19065765424754 9.17166203825579 8.65816108985482
222 310 9.16008621089429 8.19065765424754 8.25236954247165 7.77706919092391
223 293 6.31302234676608 9.4575582610756 7.34399557796674 9.18559157942719
224 240 10.9786740365315 2.25920581423338 11.3842843522662 2.30498968087915
224 257 10.9786740365315 2.25920581423338 11.1478394159369 3.02553160103361
224 305 10.9786740365315 2.25920581423338 11.0518328838455 1.86464388598792
224 322 10.9786740365315 2.25920581423338 10.7232629274592 3.07497413358371
224 324 10.9786740365315 2.25920581423338 10.3374474667788 2.3191305418952
225 238 8.95097175473061 6.80325150309512 9.45946861122709 7.34279510632296
225 241 8.95097175473061 6.80325150309512 9.15029864140547 7.59825195233374
225 248 8.95097175473061 6.80325150309512 10.0279729434666 6.18052278462048
225 307 8.95097175473061 6.80325150309512 8.35587660257194 5.5594486522612
225 309 8.95097175473061 6.80325150309512 8.44189764464697 7.43687202020383
225 319 8.95097175473061 6.80325150309512 9.26324805447627 5.96286343209745
226 249 8.1057478197926 10.1077545598675 8.82886461370691 10.8060789858579
226 265 8.1057478197926 10.1077545598675 7.76082180415252 9.86916949580177
226 288 8.1057478197926 10.1077545598675 8.30156828312389 9.77316924746016
226 297 8.1057478197926 10.1077545598675 8.70846617037883 10.0696960494981
227 245 10.5614195737165 11.7321564500565 10.4918719694698 11.1937660119562
227 313 10.5614195737165 11.7321564500565 11.0975549704917 11.8873763941836
228 274 6.69982276156747 2.96900144801184 6.77717631536799 2.07830645120029
228 289 6.69982276156747 2.96900144801184 6.6723922721101 3.49466095435849
228 295 6.69982276156747 2.96900144801184 7.42497628383856 3.45625458893917
228 304 6.69982276156747 2.96900144801184 6.23272776530437 3.08461697142734
228 311 6.69982276156747 2.96900144801184 7.49419259715793 2.41459956517667
229 277 9.38743906654074 0.494550640510456 9.31313066413541 1.13051929180716
229 321 9.38743906654074 0.494550640510456 8.98688501833032 0.763170505623252
230 245 11.5011611519882 9.95361805719278 10.4918719694698 11.1937660119562
230 246 11.5011611519882 9.95361805719278 10.1520459589642 10.5209541860465
230 275 11.5011611519882 9.95361805719278 10.9227441324538 9.65555300958948
231 250 11.1868146859774 7.51343895097578 11.5563670994775 6.62463235229224
231 278 11.1868146859774 7.51343895097578 11.8928487708524 7.11083586550496
231 279 11.1868146859774 7.51343895097578 11.2541048444529 8.00453796093539
231 300 11.1868146859774 7.51343895097578 10.8238475993358 6.82199764397419
231 302 11.1868146859774 7.51343895097578 10.4338923595842 7.88151425603094
232 233 9.37256016699591 3.8702899821935 8.91012011769655 4.44750246085836
232 258 9.37256016699591 3.8702899821935 9.20455654009982 3.53012431302541
232 266 9.37256016699591 3.8702899821935 8.7544886307209 3.90548648889901
232 272 9.37256016699591 3.8702899821935 10.1553638394015 3.48488440709252
232 282 9.37256016699591 3.8702899821935 9.85836288567421 4.16337737689524
232 290 9.37256016699591 3.8702899821935 9.52619683964338 4.33920827763849
233 263 8.91012011769655 4.44750246085836 8.10852971180014 4.16777639574615
233 266 8.91012011769655 4.44750246085836 8.7544886307209 3.90548648889901
233 290 8.91012011769655 4.44750246085836 9.52619683964338 4.33920827763849
234 255 9.63683564999429 8.85962553421096 10.5801823775221 8.683662082716
234 264 9.63683564999429 8.85962553421096 9.94637592331759 7.91574380302176
234 281 9.63683564999429 8.85962553421096 9.61439027919807 9.43938038375227
234 286 9.63683564999429 8.85962553421096 10.0775254493208 9.09454800967495
234 306 9.63683564999429 8.85962553421096 9.17166203825579 8.65816108985482
235 267 11.6650891408591 4.42665688781986 10.9949814610521 4.16889835179808
235 308 11.6650891408591 4.42665688781986 11.2880149304382 5.30755931100135
236 267 10.3419431007228 4.38340188261882 10.9949814610521 4.16889835179808
236 272 10.3419431007228 4.38340188261882 10.1553638394015 3.48488440709252
236 282 10.3419431007228 4.38340188261882 9.85836288567421 4.16337737689524
236 284 10.3419431007228 4.38340188261882 9.88862380188882 4.59114975279604
237 239 11.7905852580577 8.33122911489382 11.5046564054314 8.70815287414173
237 279 11.7905852580577 8.33122911489382 11.2541048444529 8.00453796093539
238 241 9.45946861122709 7.34279510632296 9.15029864140547 7.59825195233374
238 248 9.45946861122709 7.34279510632296 10.0279729434666 6.18052278462048
238 256 9.45946861122709 7.34279510632296 9.96971091556351 7.33505752349422
238 264 9.45946861122709 7.34279510632296 9.94637592331759 7.91574380302176
239 255 11.5046564054314 8.70815287414173 10.5801823775221 8.683662082716
239 275 11.5046564054314 8.70815287414173 10.9227441324538 9.65555300958948
239 279 11.5046564054314 8.70815287414173 11.2541048444529 8.00453796093539
240 257 11.3842843522662 2.30498968087915 11.1478394159369 3.02553160103361
240 285 11.3842843522662 2.30498968087915 11.7049025055894 2.72132011719086
240 305 11.3842843522662 2.30498968087915 11.0518328838455 1.86464388598792
241 264 9.15029864140547 7.59825195233374 9.94637592331759 7.91574380302176
241 309 9.15029864140547 7.59825195233374 8.44189764464697 7.43687202020383
241 310 9.15029864140547 7.59825195233374 8.25236954247165 7.77706919092391
242 254 8.38277435359424 0.214411583565842 8.63584139533798 0.507454294787216
242 294 8.38277435359424 0.214411583565842 7.97644327232965 0.341697344705217
243 260 8.50798090656915 2.21452906438919 9.28261429694711 3.0898894833915
243 266 8.50798090656915 2.21452906438919 8.7544886307209 3.90548648889901
243 276 8.50798090656915 2.21452906438919 7.52322373943061 1.8207661627474
243 292 8.50798090656915 2.21452906438919 9.27239483677287 2.68899230085316
243 295 8.50798090656915 2.21452906438919 7.42497628383856 3.45625458893917
243 311 8.50798090656915 2.21452906438919 7.49419259715793 2.41459956517667
243 318 8.50798090656915 2.21452906438919 8.95422130711191 1.7121067246868
244 269 10.9630988574179 0.488212255336684 11.8385371725277 1.03041353223656
244 296 10.9630988574179 0.488212255336684 11.3190897359933 0.35892282301458
244 305 10.9630988574179 0.488212255336684 11.0518328838455 1.86464388598792
245 246 10.4918719694698 11.1937660119562 10.1520459589642 10.5209541860465
245 313 10.4918719694698 11.1937660119562 11.0975549704917 11.8873763941836
246 275 10.1520459589642 10.5209541860465 10.9227441324538 9.65555300958948
246 281 10.1520459589642 10.5209541860465 9.61439027919807 9.43938038375227
246 298 10.1520459589642 10.5209541860465 10.229614324524 9.89007058193698
248 256 10.0279729434666 6.18052278462048 9.96971091556351 7.33505752349422
248 300 10.0279729434666 6.18052278462048 10.8238475993358 6.82199764397419
248 319 10.0279729434666 6.18052278462048 9.26324805447627 5.96286343209745
249 297 8.82886461370691 10.8060789858579 8.70846617037883 10.0696960494981
249 303 8.82886461370691 10.8060789858579 8.69832633552573 11.8940367125123
250 278 11.5563670994775 6.62463235229224 11.8928487708524 7.11083586550496
250 300 11.5563670994775 6.62463235229224 10.8238475993358 6.82199764397419
251 283 6.65175816957607 0.120199998631859 6.37132152724951 1.35245503696653
251 299 6.65175816957607 0.120199998631859 6.9609494377997 0.980530643337782
251 312 6.65175816957607 0.120199998631859 7.04036369540931 0.491823960196782
252 263 7.81416323125984 4.5146057009964 8.10852971180014 4.16777639574615
252 270 7.81416323125984 4.5146057009964 6.26178262442604 4.03746472315159
252 289 7.81416323125984 4.5146057009964 6.6723922721101 3.49466095435849
252 295 7.81416323125984 4.5146057009964 7.42497628383856 3.45625458893917
253 308 11.8057032890309 5.81903780166602 11.2880149304382 5.30755931100135
254 294 8.63584139533798 0.507454294787216 7.97644327232965 0.341697344705217
254 321 8.63584139533798 0.507454294787216 8.98688501833032 0.763170505623252
254 323 8.63584139533798 0.507454294787216 8.05556172938963 0.916158397912316
255 264 10.5801823775221 8.683662082716 9.94637592331759 7.91574380302176
255 275 10.5801823775221 8.683662082716 10.9227441324538 9.65555300958948
255 279 10.5801823775221 8.683662082716 11.2541048444529 8.00453796093539
255 286 10.5801823775221 8.683662082716 10.0775254493208 9.09454800967495
255 302 10.5801823775221 8.683662082716 10.4338923595842 7.88151425603094
256 264 9.96971091556351 7.33505752349422 9.94637592331759 7.91574380302176
256 300 9.96971091556351 7.33505752349422 10.8238475993358 6.82199764397419
256 302 9.96971091556351 7.33505752349422 10.4338923595842 7.88151425603094
257 267 11.1478394159369 3.02553160103361 10.9949814610521 4.16889835179808
257 285 11.1478394159369 3.02553160103361 11.7049025055894 2.72132011719086
257 322 11.1478394159369 3.02553160103361 10.7232629274592 3.07497413358371
258 260 9.20455654009982 3.53012431302541 9.28261429694711 3.0898894833915
258 266 9.20455654009982 3.53012431302541 8.7544886307209 3.90548648889901
258 272 9.20455654009982 3.53012431302541 10.1553638394015 3.48488440709252
259 276 7.46009697856847 1.14755484249722 7.52322373943061 1.8207661627474
259 294 7.46009697856847 1.14755484249722 7.97644327232965 0.341697344705217
259 299 7.46009697856847 1.14755484249722 6.9609494377997 0.980530643337782
259 312 7.46009697856847 1.14755484249722 7.04036369540931 0.491823960196782
259 323 7.46009697856847 1.14755484249722 8.05556172938963 0.916158397912316
260 266 9.28261429694711 3.0898894833915 8.7544886307209 3.90548648889901
260 271 9.28261429694711 3.0898894833915 10.1430720493127 2.84394986669324
260 272 9.28261429694711 3.0898894833915 10.1553638394015 3.48488440709252
260 292 9.28261429694711 3.0898894833915 9.27239483677287 2.68899230085316
261 262 7.90641796610603 8.26968351672794 7.46353839362079 8.09128790540512
261 280 7.90641796610603 8.26968351672794 7.90635878760131 7.55431918772488
261 288 7.90641796610603 8.26968351672794 8.30156828312389 9.77316924746016
261 293 7.90641796610603 8.26968351672794 7.34399557796674 9.18559157942719
261 306 7.90641796610603 8.26968351672794 9.17166203825579 8.65816108985482
261 310 7.90641796610603 8.26968351672794 8.25236954247165 7.77706919092391
262 280 7.46353839362079 8.09128790540512 7.90635878760131 7.55431918772488
262 291 7.46353839362079 8.09128790540512 6.92178506842094 7.49786149042009
262 293 7.46353839362079 8.09128790540512 7.34399557796674 9.18559157942719
262 316 7.46353839362079 8.09128790540512 7.26982026819125 7.34509375173308
263 266 8.10852971180014 4.16777639574615 8.7544886307209 3.90548648889901
263 295 8.10852971180014 4.16777639574615 7.42497628383856 3.45625458893917
264 302 9.94637592331759 7.91574380302176 10.4338923595842 7.88151425603094
265 288 7.76082180415252 9.86916949580177 8.30156828312389 9.77316924746016
266 295 8.7544886307209 3.90548648889901 7.42497628383856 3.45625458893917
267 272 10.9949814610521 4.16889835179808 10.1553638394015 3.48488440709252
267 308 10.9949814610521 4.16889835179808 11.2880149304382 5.30755931100135
267 322 10.9949814610521 4.16889835179808 10.7232629274592 3.07497413358371
268 273 6.74400213124338 5.5374603739288 6.56989949118129 5.98505394708585
268 287 6.74400213124338 5.5374603739288 6.14723364860126 4.89895277516778
269 296 11.8385371725277 1.03041353223656 11.3190897359933 0.35892282301458
270 287 6.26178262442604 4.03746472315159 6.14723364860126 4.89895277516778
270 289 6.26178262442604 4.03746472315159 6.6723922721101 3.49466095435849
270 304 6.26178262442604 4.03746472315159 6.23272776530437 3.08461697142734
271 272 10.1430720493127 2.84394986669324 10.1553638394015 3.48488440709252
271 292 10.1430720493127 2.84394986669324 9.27239483677287 2.68899230085316
271 322 10.1430720493127 2.84394986669324 10.7232629274592 3.07497413358371
271 324 10.1430720493127 2.84394986669324 10.3374474667788 2.3191305418952
272 282 10.1553638394015 3.48488440709252 9.85836288567421 4.16337737689524
272 322 10.1553638394015 3.48488440709252 10.7232629274592 3.07497413358371
273 287 6.56989949118129 5.98505394708585 6.14723364860126 4.89895277516778
273 317 6.56989949118129 5.98505394708585 6.71064129138347 7.07057534809352
274 276 6.77717631536799 2.07830645120029 7.52322373943061 1.8207661627474
274 283 6.77717631536799 2.07830645120029 6.37132152724951 1.35245503696653
274 299 6.77717631536799 2.07830645120029 6.9609494377997 0.980530643337782
274 304 6.77717631536799 2.07830645120029 6.23272776530437 3.08461697142734
274 311 6.77717631536799 2.07830645120029 7.49419259715793 2.41459956517667
274 315 6.77717631536799 2.07830645120029 6.22019278016549 1.84331391254796
275 286 10.9227441324538 9.65555300958948 10.0775254493208 9.09454800967495
275 298 10.9227441324538 9.65555300958948 10.229614324524 9.89007058193698
276 299 7.52322373943061 1.8207661627474 6.9609494377997 0.980530643337782
276 311 7.52322373943061 1.8207661627474 7.49419259715793 2.41459956517667
276 323 7.52322373943061 1.8207661627474 8.05556172938963 0.916158397912316
277 314 9.31313066413541 1.13051929180716 9.44843935335061 1.57729889443972
277 318 9.31313066413541 1.13051929180716 8.95422130711191 1.7121067246868
277 321 9.31313066413541 1.13051929180716 8.98688501833032 0.763170505623252
279 302 11.2541048444529 8.00453796093539 10.4338923595842 7.88151425603094
280 309 7.90635878760131 7.55431918772488 8.44189764464697 7.43687202020383
280 310 7.90635878760131 7.55431918772488 8.25236954247165 7.77706919092391
280 316 7.90635878760131 7.55431918772488 7.26982026819125 7.34509375173308
281 286 9.61439027919807 9.43938038375227 10.0775254493208 9.09454800967495
281 288 9.61439027919807 9.43938038375227 8.30156828312389 9.77316924746016
281 297 9.61439027919807 9.43938038375227 8.70846617037883 10.0696960494981
281 298 9.61439027919807 9.43938038375227 10.229614324524 9.89007058193698
281 306 9.61439027919807 9.43938038375227 9.17166203825579 8.65816108985482
282 284 9.85836288567421 4.16337737689524 9.88862380188882 4.59114975279604
282 290 9.85836288567421 4.16337737689524 9.52619683964338 4.33920827763849
283 299 6.37132152724951 1.35245503696653 6.9609494377997 0.980530643337782
283 315 6.37132152724951 1.35245503696653 6.22019278016549 1.84331391254796
284 290 9.88862380188882 4.59114975279604 9.52619683964338 4.33920827763849
286 298 10.0775254493208 9.09454800967495 10.229614324524 9.89007058193698
288 297 8.30156828312389 9.77316924746016 8.70846617037883 10.0696960494981
288 306 8.30156828312389 9.77316924746016 9.17166203825579 8.65816108985482
289 295 6.6723922721101 3.49466095435849 7.42497628383856 3.45625458893917
289 304 6.6723922721101 3.49466095435849 6.23272776530437 3.08461697142734
291 316 6.92178506842094 7.49786149042009 7.26982026819125 7.34509375173308
291 317 6.92178506842094 7.49786149042009 6.71064129138347 7.07057534809352
292 314 9.27239483677287 2.68899230085316 9.44843935335061 1.57729889443972
292 318 9.27239483677287 2.68899230085316 8.95422130711191 1.7121067246868
292 324 9.27239483677287 2.68899230085316 10.3374474667788 2.3191305418952
294 312 7.97644327232965 0.341697344705217 7.04036369540931 0.491823960196782
294 323 7.97644327232965 0.341697344705217 8.05556172938963 0.916158397912316
295 311 7.42497628383856 3.45625458893917 7.49419259715793 2.41459956517667
299 312 6.9609494377997 0.980530643337782 7.04036369540931 0.491823960196782
300 302 10.8238475993358 6.82199764397419 10.4338923595842 7.88151425603094
301 307 8.97330909540248 5.48549194362914 8.35587660257194 5.5594486522612
301 319 8.97330909540248 5.48549194362914 9.26324805447627 5.96286343209745
303 320 8.69832633552573 11.8940367125123 9.42155353823744 11.8403476507151
304 315 6.23272776530437 3.08461697142734 6.22019278016549 1.84331391254796
305 324 11.0518328838455 1.86464388598792 10.3374474667788 2.3191305418952
307 319 8.35587660257194 5.5594486522612 9.26324805447627 5.96286343209745
309 310 8.44189764464697 7.43687202020383 8.25236954247165 7.77706919092391
314 318 9.44843935335061 1.57729889443972 8.95422130711191 1.7121067246868
316 317 7.26982026819125 7.34509375173308 6.71064129138347 7.07057534809352
322 324 10.7232629274592 3.07497413358371 10.3374474667788 2.3191305418952
