106.258024971737,107.673048310189,49.3341794747164,49.7013561026387,71.5356585119336,5.605
106.280685632406,107.687318039976,49.352923639018,49.7662101125929,71.5610066886257,5.6
106.306084948924,107.709986684813,49.4077293347365,49.8874116513349,71.5967096605531,5.595
106.33786190572,107.738038074426,49.4669689853433,50.0484957462133,71.6410455374751,5.59
106.344561504195,107.744278262603,49.4822221522052,50.0661681346879,71.6504361404844,5.585
106.394802959435,107.794242760444,49.5983362306849,50.1550452334591,71.7200979880733,5.58
106.415304549033,107.814737056058,49.6426962102187,50.187888469889,71.7484734878192,5.575
106.435972414513,107.835429273181,49.688390808307,50.2216906431638,71.7770012425613,5.57
106.464909962908,107.864548426212,49.751113801808,50.2675005530249,71.8168844291764,5.565
106.50655949747,107.906207547129,49.8414874305304,50.3460671935205,71.8741448784,5.56
106.513229971837,107.91234124809,49.8567033398711,50.3540314473504,71.8835652653865,5.555
106.542844981744,107.941810043964,49.9187652754547,50.398739016536,71.9240212773689,5.55
106.581333758393,107.981915853883,50.0133086623366,50.4518898288989,71.9779621217476,5.545
106.592666618284,107.991807904622,50.0337497470302,50.5162378476987,71.9936251767731,5.54
106.631917895127,108.032053288332,50.1259370088884,50.5995543929336,72.048121234958,5.535
106.643121663639,108.042083279972,50.1457458950741,50.6102378668328,72.063675507864,5.53
106.683968280292,108.085302054116,50.2333856612327,50.679944697502,72.1202639779591,5.525
106.703815711126,108.102907417068,50.2705468073207,50.7184893699239,72.1476780668646,5.52
106.723822271572,108.123732393396,50.3138100493864,50.7730870356736,72.1755354799489,5.515
106.743478488685,108.142617784264,50.3574248882168,50.7952700494461,72.2031523078798,5.51
106.763487687147,108.162985020846,50.3924106228436,50.8406438133585,72.2303376825856,5.505
106.783196532524,108.182351071973,50.42695780682,50.8762559709666,72.2572889306126,5.5
106.804645097415,108.203839097356,50.4709632623727,50.9792783102314,72.2865047535527,5.495
106.823367390689,108.222925523931,50.5088515141669,51.0093000130978,72.3122550644644,5.49
106.842441112492,108.241609891879,50.5471254350089,51.0501709189359,72.3384183938586,5.485
106.902664515835,108.303986572536,50.6831391287853,51.1712695595248,72.4222482359837,5.48
106.938238154354,108.33661598175,50.7578096421451,51.2548670304201,72.4714916523723,5.475
106.966203441538,108.364694264643,50.8098784745253,51.3301118088079,72.508539530764,5.47
107.014284233076,108.416243299576,50.9215263681134,51.4132579713898,72.576159093758,5.465
107.04531377509,108.443729094632,50.9884300984751,51.4727832311938,72.619788998467,5.46
107.107335660043,108.508928608356,51.1271607703004,51.6572199669593,72.7056927238532,5.455
107.133775308545,108.53229582439,51.1882977685546,51.6962778730758,72.7432701420505,5.45
107.168928386375,108.567904294936,51.2564453256664,51.767015236311,72.7907328876002,5.445
107.204797403768,108.602908517776,51.3237904996386,51.8640852061689,72.8386398835986,5.44
107.239690803081,108.640687775758,51.4066486831975,51.9190437744196,72.8881469067528,5.435
107.275387625444,108.673284813334,51.4874884437637,51.9957969657149,72.9382104850142,5.43
107.347409505308,108.745864682123,51.6022102130299,52.1463671481469,73.0323298591106,5.425
107.37449192931,108.772164115195,51.6511579913411,52.2131733346847,73.0684185157954,5.42
107.401184162599,108.798478774768,51.7028028605359,52.2797862473486,73.1042172287605,5.415
107.45220877817,108.853649329025,51.8092495512096,52.4005456871449,73.174725634404,5.41
107.485806008253,108.883007539476,51.8802468358682,52.4470390346791,73.2223457698158,5.405
107.553776996762,108.955428137269,52.0180899074947,52.5776015798377,73.3152778671102,5.4
107.583514091853,108.981289848023,52.0751626116709,52.6282199865413,73.3563464464432,5.395
107.646776602498,109.044094740656,52.1470550483817,52.7228412629251,73.4364015838862,5.39
107.667559609121,109.066409731254,52.188263633768,52.751729571144,73.4654998133942,5.385
107.679931546682,109.076964055113,52.205063793374,52.7700738758773,73.4818905711563,5.38
107.750898723711,109.149805798718,52.3362168254613,52.9630395070525,73.5767196309375,5.375
107.768276950163,109.164913625939,52.3553177987271,52.9853509113375,73.5997205514797,5.37
107.798529955805,109.194999247567,52.4110604759739,53.0619073286027,73.6397982184051,5.365
107.834751555115,109.231144672318,52.4683021713228,53.1446886007767,73.685970891969,5.36
107.870713115725,109.271573677355,52.5467456327236,53.1944168366804,73.7371309060576,5.355
107.90068696349,109.297867081609,52.6018299720781,53.249685118515,73.7780091275008,5.35
107.955530996285,109.351611667304,52.6740612127004,53.3650475930791,73.8469647758358,5.345
107.985099348641,109.381247581043,52.7237270261597,53.4470499584419,73.8857468619401,5.34
108.047669894904,109.449854564281,52.8527440369678,53.5460850015849,73.9721067594252,5.335
108.091992315079,109.48795535513,52.9167871581978,53.6125520319868,74.0320988161232,5.33
108.116329510554,109.512285321221,52.9539496608854,53.6657415220452,74.0627584804161,5.325
108.169838447917,109.567907022308,53.0425864122972,53.7738410047004,74.1327462725056,5.32
108.200901027504,109.597053598432,53.0985487574916,53.8358817496556,74.1743704373392,5.315
108.230965323901,109.62969988896,53.1566540290816,53.8774559675935,74.2158327775499,5.31
108.251248235043,109.646798772044,53.1823031358604,53.9047886371354,74.2419605999743,5.305
108.319436544226,109.719550241358,53.2728027034278,54.0240391450525,74.3298166486134,5.3
108.354580803289,109.749946435473,53.3369826105863,54.0838757188468,74.3778460977834,5.295
108.399364894585,109.79507812032,53.4069890351194,54.185722756695,74.4344389561498,5.29
108.450729428646,109.851271975303,53.484532018138,54.2608445764393,74.5031547101666,5.285
108.476945016004,109.873601948963,53.5327894338534,54.301746415504,74.5390994685073,5.28
108.515105267715,109.910574114447,53.5940959899128,54.379913099377,74.5880833259571,5.275
108.581004043185,109.982214193482,53.7242420602544,54.5193954819348,74.6782727286964,5.27
108.607110284236,110.004255489367,53.7699166488075,54.5507811172732,74.7139561616068,5.265
108.62040438847,110.015365593636,53.7836611704599,54.5656580174208,74.7309416518867,5.26
108.695502368063,110.09843887781,53.9035447687982,54.6777065647027,74.8311205660169,5.255
108.728350170054,110.125196509027,53.9184081379601,54.6943999367208,74.8715022786454,5.25
108.779284685092,110.174878584177,54.0038853797113,54.8420182966046,74.9375655319865,5.245
108.811102659384,110.208295057961,54.0634704726698,54.8898214599036,74.9806909539859,5.24
108.831308430828,110.226347461815,54.0907165081074,54.919839292355,75.0057647472992,5.235
108.880539050891,110.28085548428,54.1874537187046,54.9899424122761,75.0732563014071,5.23
108.918985739657,110.314282359609,54.2534532927655,55.0560947233755,75.1245632028071,5.225
108.945759004502,110.340271552841,54.284139897752,55.1074061770407,75.1565160987975,5.22
108.997742355773,110.398207400342,54.3831845563535,55.1845142821392,75.2273525367529,5.215
109.05036764682,110.4453346218,54.4804121995383,55.2790356396014,75.2991722286618,5.21
109.08869238348,110.487155492652,54.551207338509,55.3330135993314,75.3510003502803,5.205
109.119548685962,110.514395796055,54.5964718074252,55.3728757726857,75.3898840917939,5.2
109.156676093686,110.553420608082,54.6500456145297,55.4325344373231,75.4370114120759,5.195
109.194731031525,110.589530834655,54.6962265292187,55.5009750771601,75.4838926013071,5.19
109.244129918081,110.637955202137,54.7606241830571,55.5665242040442,75.543068459888,5.185
109.324254866038,110.726946600582,54.867274750679,55.7021438952476,75.6473471434973,5.18
109.384488975073,110.778630908042,54.9810716886297,55.7814565456854,75.7297317658058,5.175
109.446961548322,110.842810662657,55.0704378273783,55.8896969557359,75.8073339691606,5.17
109.469925930968,110.863266452015,55.1004559829228,55.929625477943,75.8352162366847,5.165
109.534438337288,110.929140862197,55.1803619283107,56.0749125387127,75.9134163849676,5.16
109.593812724091,110.991522700324,55.2755515313782,56.1890814460652,75.9894189025461,5.155
109.61506877264,111.009343179648,55.3069930372706,56.2142330142749,76.0175453829651,5.15
109.647115625818,111.042332085252,55.3615212227946,56.2571860747966,76.060084517756,5.145
109.697046968887,111.09172402996,55.439007931275,56.3503486445368,76.1239634387294,5.14
109.717866551967,111.111721280074,55.4693206757279,56.3759274868549,76.1500583751776,5.135
109.801960396032,111.19716319585,55.596440190402,56.5460312845551,76.25664088316,5.13
109.851343588809,111.245499557188,55.676694962013,56.6217044642899,76.320595484171,5.125
109.920403021492,111.319359375767,55.7981595464492,56.7492642657934,76.412638384508,5.12
109.974918391749,111.36706807652,55.8920337303484,56.826056209177,76.4848110295473,5.115
110.035912700277,111.428120106475,55.970019819702,56.9442331356532,76.5574137551421,5.11
110.06634957325,111.458085563505,56.0052739550555,56.9972049124633,76.5928196535484,5.105
110.134571523627,111.535802844192,56.1330827838785,57.0890394044797,76.6855724294621,5.1
110.198687649441,111.590239562332,56.2453391067987,57.1912516399241,76.7724913366782,5.095
110.263625186876,111.65476455062,56.3106232603326,57.3018674605241,76.846032059407,5.09
110.32665890934,111.723253062282,56.4069656656943,57.3995066816221,76.9258006378004,5.085
110.355048586626,111.746727334764,56.4400557850594,57.4159722271155,76.9589703490475,5.08
110.411840886449,111.8097599386,56.5321892798125,57.4981060934265,77.0332511717501,5.075
110.452669218038,111.844180909843,56.5924472937961,57.5423250134931,77.0850780208214,5.07
110.539632891652,111.937041384792,56.7242450533068,57.6936868068039,77.1950909779345,5.065
110.581400091569,111.973295417702,56.7804025463099,57.7360132752859,77.2477769965263,5.06
110.649507236679,112.049046761135,56.8872209032067,57.833677792968,77.3351115272566,5.055
110.703554417242,112.094923970372,56.9665939109302,57.8988913030931,77.4045118233302,5.05
110.767880677843,112.165451745601,57.0439864456668,58.0004546565528,77.4840011549217,5.045
110.822764314094,112.213962707987,57.1027564155042,58.0263089727421,77.5526852213207,5.04
110.887339500918,112.282868571416,57.191116742309,58.1409226337722,77.6319544394352,5.035
110.941171029206,112.333378356042,57.2590149917956,58.1574185271008,77.7004342366904,5.03
110.982051586608,112.372485292671,57.3083785145889,58.2395514039721,77.7473333937065,5.025
111.022192944725,112.41273606054,57.3622836535016,58.3180255076407,77.7955631853624,5.02
111.090846322567,112.480124522122,57.4560342513629,58.4458962610532,77.8784858523296,5.015
111.155263692754,112.550415078377,57.5479166407544,58.5366811467964,77.9586673024525,5.01
111.226560735768,112.620581634905,57.6460696121894,58.6432996427841,78.0492891935992,5.005
111.26250338369,112.651953955715,57.6863573003139,58.668636713136,78.0918437748385,5
111.325443103688,112.725781245092,57.7937978770657,58.7404984273053,78.1767238397414,4.995
111.389767022699,112.779187321593,57.9000208476521,58.8368301727397,78.2628088224488,4.99
111.459018394795,112.849369487662,57.9899709024893,58.9522224764606,78.3454415920646,4.985
111.537786389809,112.931527938112,58.1005531925412,59.061433220591,78.4422229253025,4.98
111.617929458463,113.007356629442,58.2090700907826,59.2000207767499,78.5395193698607,4.975
111.673524601871,113.069877837638,58.2982662716058,59.2617563937554,78.6119047883425,4.97
111.733761321911,113.121686716157,58.3656662548364,59.35271331705,78.6809939352293,4.965
111.810440536212,113.211318190524,58.4823968332302,59.4406939226336,78.7782503063565,4.96
111.887855334132,113.27637865962,58.5955034049866,59.5525788280214,78.8768526618338,4.955
111.962893645109,113.362008676307,58.7077749193172,59.6420175363552,78.9718674846517,4.95
112.03942887823,113.42867548971,58.8166938430779,59.7566343507591,79.0679900600966,4.945
112.164783645123,113.560133070798,58.9474842894023,59.8226802795168,79.2105088129784,4.94
112.202824103958,113.591052599936,58.9894815495904,59.8682036784764,79.2535934803056,4.935
112.236207884611,113.62315124487,59.024406290681,59.914155844018,79.2900975161037,4.93
112.27163847406,113.658239171504,59.0639913033973,59.9592923582016,79.3298605921358,4.925
112.422336617016,113.80821740162,59.1942849266996,60.1434430822963,79.4858360750875,4.92
112.456470258508,113.841273283884,59.2292190851264,60.1912977702642,79.5227071329548,4.915
112.501621798274,113.885967643542,59.2781271277202,60.2499092486256,79.5727459665409,4.91
112.581085235784,113.978036348863,59.389801389496,60.3403340196829,79.6712726427938,4.905
112.638884260633,114.02318001191,59.4604254208543,60.4053574285931,79.7411444954559,4.9
112.724046742016,114.11815933563,59.5377773281711,60.555927539699,79.8325848342416,4.895
112.78644609623,114.170522055417,59.6057695980462,60.625657215627,79.9049883545827,4.89
112.840589514296,114.231521093565,59.6735583652516,60.6899947702104,79.9687467844206,4.885
112.895964891945,114.280217304007,59.739082501611,60.7717165591272,80.0325080344348,4.88
112.932848054074,114.316306749223,59.7790559277421,60.8183118889416,80.0734589677321,4.875
113.089249548452,114.472938822685,59.911269424211,60.9875004715356,80.2341786144885,4.87
113.171015103755,114.564289249954,60.0207590860325,61.0963726208419,80.3336389596389,4.865
113.229186099939,114.612032437624,60.0957104969586,61.1512075728008,80.4041347883979,4.86
113.312308489218,114.707262671077,60.2074516973445,61.2728319450245,80.506296536648,4.855
113.358114900602,114.743061696677,60.2577985320968,61.3144871327195,80.5589733955291,4.85
113.404435759514,114.787288233838,60.3087141967566,61.3712220525386,80.6106259165877,4.845
113.486942278995,114.882873640384,60.4151052636305,61.4472322625749,80.7101995293911,4.84
113.533354212876,114.919057192407,60.4653108564351,61.4984384049953,80.7637220621073,4.835
113.624007322564,115.007948518234,60.5583040987515,61.6230428617176,80.8622843415839,4.83
113.693028617147,115.083929746056,60.6490669886339,61.6947915996991,80.9459203590196,4.825
113.763140068074,115.147272095327,60.7374466294828,61.7879270887448,81.0302156449902,4.82
113.802806651876,115.188757625175,60.7839986153664,61.8267246422309,81.0759511187232,4.815
113.842486848307,115.224043269142,60.8225965078314,61.8732387557691,81.1181031044651,4.81
113.935872825268,115.329523083747,60.8935330274602,61.9737723342525,81.2169417869492,4.805
113.988530605006,115.370723598385,60.9487004898624,62.0313062188701,81.2751453518215,4.8
114.095038345137,115.498058952799,61.0727335814855,62.1545844993986,81.4024640633094,4.795
114.200385306519,115.583238989872,61.1997793917617,62.2520964082929,81.5296589023755,4.79
114.301274334732,115.690030760598,61.3054004282589,62.3797163557331,81.6403330858229,4.785
114.400550682537,115.782684258003,61.4141538398055,62.4921187495379,81.7510596443773,4.78
114.507558393799,115.887522120874,61.5149076686311,62.6155579220625,81.8621654866913,4.775
114.615999861615,115.992932056809,61.6157893372672,62.7332175650336,81.9742494138689,4.77
114.704850040329,116.094516824661,61.717673604167,62.8509569792803,82.0762153679477,4.765
114.759210103487,116.136301156844,61.7740468701663,62.8949392466465,82.1356504509166,4.76
114.83780789825,116.23172721537,61.8739427678837,62.9689658799985,82.2298235524681,4.755
114.918196115754,116.296084452339,61.9727989457953,63.06596839248,82.3265612933936,4.75
115.00717281153,116.398628456983,62.076399848849,63.1566056251557,82.4291435459163,4.745
115.053624131537,116.432782026617,62.1098929569765,63.1950071207073,82.475652959038,4.74
115.13998226374,116.516595672622,62.1912731913549,63.2872086864247,82.5655195162228,4.735
115.220589487444,116.614559978979,62.2945505102028,63.3643592386287,82.6628707120097,4.73
115.301573036398,116.679645481127,62.3902460911319,63.4565924452916,82.7588008442052,4.725
115.403845207767,116.786948083499,62.480320463638,63.5447344129291,82.8630648069717,4.72
115.464949162429,116.840171162659,62.5451491625497,63.6240875182108,82.9308111302386,4.715
115.552717134815,116.928347271913,62.6263116199643,63.7184412343927,83.021061016833,4.71
115.646484730635,117.041315647585,62.7279326234967,63.7881008408871,83.1280729428607,4.705
115.740184574658,117.116190421913,62.8285519884518,63.8757451550419,83.2356923031658,4.7
115.843336232172,117.235032404698,62.9348444673147,63.9555745958934,83.3491075944268,4.695
115.899091395714,117.273736899186,62.9700861992068,63.9813758158069,83.4048360248453,4.69
116.019850211496,117.419686847668,63.1113716598298,64.1095876245036,83.5442229128474,4.685
116.076105025128,117.452327706014,63.1510743019948,64.136998907681,83.5983185679573,4.68
116.16575336095,117.544434107373,63.236150968269,64.2384437537456,83.6910064072547,4.675
116.264952440153,117.646384576155,63.2919163052023,64.2637435070552,83.7832185217531,4.67
116.315311139006,117.689392758693,63.3385480154868,64.3128671646164,83.8354423861949,4.665
116.41427507316,117.787169170453,63.4274897488176,64.4115828114672,83.9356094921899,4.66
116.485393092771,117.857083164188,63.4800880946512,64.4932496792973,84.0025806616895,4.655
116.563508474489,117.948662867308,63.5429365348077,64.5706378987332,84.0827926807974,4.65
116.644672327551,118.01720424407,63.6284721747626,64.6570043035522,84.1726957727032,4.645
116.727446243566,118.116219630645,63.7235782719647,64.7380164927634,84.268030839426,4.64
116.810197203708,118.18143282848,63.776118621926,64.8192158636627,84.3469766423635,4.635
116.916080468584,118.30901231361,63.8889874459449,64.9336432072261,84.4656365718933,4.63
116.972598373946,118.345596873201,63.932885914174,64.9637418190357,84.5209700007614,4.625
117.0649388572,118.440036408464,64.0192880759559,65.0686424677504,84.6157128197703,4.62
117.153521969306,118.53124985665,64.1035349436744,65.1697745514729,84.7091493394321,4.615
117.204842306957,118.574593652034,64.1520239563703,65.2193338978991,84.7626055622457,4.61
117.307156026978,118.674821574585,64.2431304201959,65.3213205738474,84.8656987521017,4.605
117.396967456632,118.762669145617,64.2949997294602,65.3718076485625,84.9450966528805,4.6
117.511410297487,118.900406942642,64.387911466318,65.4914582032652,85.061928845911,4.595
117.594274933294,118.965059469336,64.4783342438345,65.5778264023599,85.1545493806681,4.59
117.6696278519,119.034233304507,64.5313678256095,65.6653978755228,85.2237932254509,4.585
117.813166289223,119.178348468941,64.6587563297167,65.8076357848939,85.368375656028,4.58
117.89635903519,119.269726540868,64.7437740404121,65.8933298483701,85.4584497884817,4.575
117.950228466919,119.313759612663,64.7931386708723,65.9411981076841,85.5146003089477,4.57
118.081018819506,119.477129812694,64.9365467951403,66.0740899648524,85.6637471751911,4.565
118.133599597414,119.494217492687,64.9668428655634,66.1051544085607,85.7028240126697,4.56
118.184452096423,119.55017233448,65.0014184169609,66.1433807587723,85.7529761597408,4.555
118.21837733046,119.573503850299,65.0254476061745,66.1690404661466,85.7834518937549,4.55
118.34373334158,119.719234608324,65.1053873042935,66.2900275053557,85.9000949261759,4.545
118.394366445567,119.749304257005,65.1346590834124,66.3071643903882,85.9437332089771,4.54
118.479496651584,119.85015151861,65.2194272406609,66.3949386461704,86.0354653124899,4.535
118.534233694619,119.889249043426,65.2715266496104,66.4423849691548,86.0930008805885,4.53
118.655106386258,120.039430858815,65.3521072286744,66.5495012090382,86.2138275215682,4.525
118.746569289885,120.105470970918,65.4394273120779,66.6298274043585,86.312121245757,4.52
118.828421778558,120.196766492989,65.515033923982,66.7086269432103,86.3972446242009,4.515
118.910077469308,120.26862816045,65.592034560326,66.7873826558292,86.4824358677539,4.51
119.03021148232,120.413564490762,65.7020361179584,66.9044827334264,86.6083057767981,4.505
119.121174514812,120.480217229408,65.7953434796409,66.9827346417924,86.7076109150472,4.5
119.240517687094,120.625360285321,65.910043936324,67.0944709211214,86.8342162525168,4.495
119.293149613017,120.659836932017,65.9466986198775,67.1281446089618,86.8835644119798,4.49
119.3501966598,120.706239197844,65.9907122659141,67.1801506499146,86.9365065329674,4.485
119.528541413201,120.881404166614,66.0953250365194,67.3092764165174,87.085517934479,4.48
119.676996513851,121.040627979032,66.2190640472923,67.4524252414039,87.2301138477535,4.475
119.736701516261,121.082147871182,66.2634146412383,67.4998959255051,87.28368706591,4.47
119.883864268536,121.247116990955,66.3907508443408,67.6400517507391,87.4292361903528,4.465
119.97113221276,121.318647060027,66.4734416154122,67.7196826058859,87.5221581425518,4.46
120.056870493095,121.421308986167,66.5606624441717,67.7987984706704,87.6153506944946,4.455
120.146276295736,121.492979081218,66.6295606114091,67.8758111589981,87.7020492132525,4.45
120.29695352266,121.676062904297,66.7337391773847,67.9328977429209,87.8469580048166,4.445
120.396173777146,121.740779339,66.8090510808634,67.9835995018729,87.9476849554919,4.44
120.607362650535,121.956273569367,66.8936379588094,68.0354070418763,88.114841646442,4.435
120.696055420004,122.042980843116,66.9693930451767,68.1151646783193,88.2028328063285,4.43
120.785031824019,122.134460443126,67.0451071421807,68.1952966810895,88.291435143239,4.425
120.876883421409,122.226885310333,67.1211473537285,68.27717917852,88.3823828223356,4.42
120.959539439148,122.30538587532,67.1815011513833,68.3467754102118,88.4581260239702,4.415
121.062456194637,122.429419039362,67.2678191298245,68.4228711302205,88.5636454833751,4.41
121.145409105582,122.486698612083,67.340814102949,68.489627431337,88.6492989394074,4.405
121.337464754702,122.677454669572,67.4441467128543,68.6101175380104,88.8050199182285,4.4
121.452002409928,122.781583152612,67.5202066302779,68.6963343151767,88.9024667858972,4.395
121.603800438186,122.961315615575,67.6522387878809,68.836785033434,89.0548756600308,4.39
121.696627813003,123.028313203008,67.7346820614002,68.9089828114785,89.1491902194007,4.385
121.800896513169,123.164138235672,67.8240380792182,68.9863121459964,89.2581389105379,4.38
121.862679722589,123.203546111187,67.852779189343,69.0169625722816,89.3082786917127,4.375
122.014841661886,123.36742727873,67.9877219313831,69.1556173570071,89.461588921418,4.37
122.093189954255,123.42549275452,68.048212363888,69.2174660919699,89.5356490951113,4.365
122.209252619093,123.537386761318,68.1250519193943,69.3061238470166,89.634548914819,4.36
122.322622482462,123.647713889589,68.2085143530629,69.3951298510323,89.7372935815404,4.355
122.403962039059,123.722563346668,68.2650334871181,69.4556450980525,89.8085275652921,4.35
122.64101149131,123.97639412297,68.2133698248916,69.4392093495621,89.9691079330345,4.345
122.730507735819,124.043220508561,68.2762998291265,69.5183777023016,90.0490084575103,4.34
122.81279199413,124.118682262529,68.3332578243772,69.5786754112075,90.1209417852519,4.335
122.971275100729,124.314347984473,68.432720862018,69.7145629420165,90.2624800689258,4.33
123.066180331954,124.352497187467,68.4852532397747,69.767007167446,90.3316525379278,4.325
123.169660404832,124.44536407575,68.5481178211429,69.8342018561893,90.414519194559,4.32
123.311707811006,124.583800314454,68.6464182091219,69.9390070367148,90.5388345561005,4.315
123.420114119794,124.721853793106,68.6813312928114,70.0386361088444,90.6256471238261,4.31
123.523956791462,124.793994596418,68.761685037077,70.1036020783459,90.7245768312158,4.305
123.686195900056,124.973864454496,68.8858826949951,70.2462570088954,90.8758888105012,4.3
123.766839447823,125.032829159259,68.949179415065,70.3055795910504,90.9521689802272,4.295
123.919131917068,125.188440290823,69.0546828581333,70.4246043723916,91.0854919691918,4.29
124.01467183964,125.279547017717,69.1048378911207,70.4912166397659,91.1629468122072,4.285
124.113079897275,125.394534418768,69.1888973094218,70.5765489941825,91.262273794767,4.28
124.191528225485,125.449205677374,69.2449688311185,70.6288161341469,91.3327457769069,4.275
124.297404351012,125.549033406517,69.3092362186884,70.7014302963481,91.4176632272748,4.27
124.453779695502,125.704218539468,69.4155092148469,70.8146296556588,91.552488093348,4.265
124.532011682938,125.776640518395,69.471559305907,70.876686464326,91.62348801017,4.26
124.691636661731,125.964271447007,69.6030150864501,70.9983197971123,91.7785086466805,4.255
124.783875170228,126.026232671249,69.6701986818372,71.068410730324,91.8634863529705,4.25
124.867921302159,126.106285264228,69.7257341842985,71.1272876188372,91.9347563134423,4.245
125.098776356857,126.381234639766,69.8341466215569,71.2175702950388,92.1265324977913,4.24
125.172637287481,126.409003963392,69.876944158214,71.2470922672794,92.1841751931707,4.235
125.335316713051,126.61805227392,70.0072334736545,71.3926146454887,92.3415349673833,4.23
125.411808620957,126.656894113381,70.0612222520847,71.4303534220762,92.4089603025394,4.225
125.538768293351,126.773911008581,70.0275412725047,71.4954627264983,92.4796598285269,4.22
125.725595263478,127.005612522833,70.0827790246406,71.6220354211837,92.6203173690335,4.215
125.827618268458,127.039210883305,70.1361092532287,71.6904505006461,92.6933655888457,4.21
125.97774765237,127.198601514074,70.2404703616654,71.7986893132771,92.8250268412238,4.205
126.128902650477,127.329854683924,70.3440807937897,71.9127783056091,92.957062256815,4.2
126.255838342797,127.452804293565,70.4232175767171,71.9951062307872,93.0601326209453,4.195
126.446348482965,127.674645909074,70.544843333976,72.1381665964416,93.2220064167052,4.19
126.540862762116,127.735184347446,70.6170926098219,72.1973849126508,93.3094140812966,4.185
126.736270522636,127.911436539989,70.7257235464482,72.3122607842373,93.4543261962,4.18
126.825761526592,127.987065790406,70.7783080147128,72.3727468028564,93.5263158414164,4.175
126.93894601119,128.144532177801,70.6358210623085,72.3551567101062,93.611163073032,4.17
127.080629233277,128.19589768487,70.7081704855411,72.4399004692057,93.7106659909717,4.165
127.277098676753,128.368425600051,70.8177116575225,72.5595941668553,93.8570770381916,4.16
127.401067918852,128.454893022854,70.8857528800281,72.6302836808627,93.947636525287,4.155
127.522776319872,128.617764059901,70.9551518186769,72.7080204275547,94.0519542019874,4.15
127.601901538386,128.655753119801,70.9915228830999,72.7415953830929,94.1093153153231,4.145
127.797470228389,128.817366461351,71.0993279890631,72.8558719893135,94.2532981930974,4.14
127.922305048815,128.957076379748,71.1821521634757,72.9505485082023,94.3619491884526,4.135
128.003432418642,129.011850574116,71.23607872603,73.0035997974099,94.4316513174669,4.13
128.200133329102,129.175397722245,71.3386746397362,73.1132410462166,94.5698344337135,4.125
128.333687229869,129.244432609983,71.3959681314083,73.1884160226312,94.6536917527847,4.12
128.517646890406,129.496686895858,71.5380026624902,73.3084049327783,94.8273173052783,4.115
128.608384925041,129.532891754957,71.5832556188735,73.3417730384904,94.8972613817392,4.11
128.803918021689,129.754460704158,71.6157757149525,73.4065446302035,95.0302756822286,4.105
128.89501900371,129.814233506604,71.6712204613965,73.4633162208518,95.104655389825,4.1
129.048811697815,129.959150087264,71.7519216514192,73.5525987927176,95.2166960248201,4.095
129.235760808927,130.2067726709,71.8940749960185,73.7006891579402,95.3940937389567,4.09
129.345630399036,130.254176651939,71.9364789284002,73.7212991586514,95.4807496157807,4.085
129.5505343876,130.5160982078,72.0593039009553,73.8568243295742,95.6493070614763,4.08
129.628071985507,130.546375345093,72.1046139173457,73.9039862082048,95.7121444978795,4.075
129.938056397009,130.86407866521,72.2337934205802,74.0272158588685,95.924617273105,4.07
130.101609651,130.956914828991,72.318635484613,74.1003651948924,96.0374723073059,4.065
130.227806869352,131.115686476279,72.4074682210001,74.2004428457205,96.1523447293893,4.06
130.348734396925,131.204164728824,72.4934819985462,74.2754438136251,96.2605814348434,4.055
130.501839667094,131.351304084045,72.5774310509257,74.3661944561779,96.3758813397108,4.05
130.653454253013,131.526485406558,72.6850604137614,74.4694780750044,96.5112691479647,4.045
130.749579795019,131.593821813582,72.7335151711624,74.5284964401078,96.5831906149994,4.04
130.968828350405,131.876237323101,72.889393790539,74.6786309927401,96.77910470994,4.035
131.076356558725,131.932175894504,72.9559865569475,74.737166881501,96.8741403162517,4.03
131.230510009657,132.11886661814,73.06291064299,74.8564725872048,97.0110577862573,4.025
131.360531067109,132.224861426671,73.1083994936336,74.923552456476,97.1040225560252,4.02
131.436342595907,132.310131546427,73.1516778617635,74.9690400788195,97.1652885435214,4.015
131.613206178651,132.519907980731,73.2775626822928,75.0761455769551,97.326915991242,4.01
131.781215404561,132.587083700412,73.3623866962123,75.1674495511016,97.4427265571343,4.005
132.102395276786,132.919122824161,73.4953832128734,75.3253108891161,97.6624009841494,4
132.228686236657,133.025691465481,73.5817380527741,75.4176974205921,97.7744058436911,3.995
132.366943286445,133.188123771725,73.6696543732827,75.5059530985156,97.890832655818,3.99
132.479184210944,133.266054317785,73.7325879199354,75.5755480885638,97.9755097693624,3.985
132.650777631362,133.496940915518,73.85860943117,75.6847335781293,98.1317302410641,3.98
132.780395728233,133.572131272666,73.8963621076236,75.7016493903867,98.2323907341004,3.975
133.118845062888,133.92420415527,73.9459100824854,75.7951459947367,98.4354464801305,3.97
133.348976105765,134.160948877787,74.1049276122294,75.9723783697777,98.6394260804193,3.965
133.475199192823,134.238051506488,74.1673855482155,76.0282825049727,98.7278785908273,3.96
133.670012200742,134.504986302194,74.283592822029,76.1472974933525,98.8945227074821,3.955
133.835885286609,134.599647386858,74.4091420598911,76.2492614099831,99.0501750092746,3.95
134.006482194907,134.800166189202,74.5134004465249,76.3567308331208,99.1872024367733,3.945
134.153973795957,134.931905179986,74.5425430825841,76.433845139911,99.2798073119699,3.94
134.354461354273,135.171187941242,74.6728745651808,76.5633130765433,99.4487730271494,3.935
134.482532070515,135.234246736999,74.7346861187965,76.6295556504931,99.5385148901223,3.93
134.728126041812,135.555265827466,74.8672050062412,76.7930062473587,99.7292582593611,3.925
134.831251473267,135.600689577366,74.9281687173447,76.8425465108951,99.8094404274691,3.92
135.143908541537,136.02965402424,75.0792878706615,77.027061450688,100.045958856908,3.915
135.261174530282,136.067923908169,75.1426423264049,77.0944949663846,100.132496646119,3.91
135.461973267452,136.259706786658,75.1856218552497,77.1539832841396,100.248377248553,3.905
135.665827679833,136.527887852465,75.2274331364121,77.2476313377859,100.387636844446,3.9
135.848065365203,136.637942422637,75.3558689583705,77.3843239824964,100.552059795631,3.895
136.100527803023,136.970341994449,75.4882336677898,77.5424517076143,100.747244320084,3.89
136.241698939919,137.04994742477,75.5785476394443,77.6419607143187,100.867183189949,3.885
136.557680695351,137.383080536959,75.7040616326483,77.7587792923669,101.079362560216,3.88
136.644163844038,137.419922339033,75.7330389020865,77.7898848648311,101.123256467887,3.875
136.77024265602,137.587434517058,75.8110793126719,77.8676946901832,101.227909909972,3.87
136.891180039618,137.681358368285,75.8860280302108,77.9515502909767,101.327251399411,3.865
137.051279249847,137.875971023716,75.9487431553541,78.0210539601402,101.446643911009,3.86
137.185730466072,137.932617572521,76.0027187245224,78.0803867302031,101.530319765144,3.855
137.401320141162,138.229573119004,76.135027118365,78.2328973035706,101.706782056401,3.85
0,0,0,0,0,0
0,0,0,0,0,0
0,0,0,0,0,0
0,0,0,0,0,0
0,0,0,0,0,0
0,0,0,0,0,0
0,0,0,0,0,0
0,0,0,0,0,0
0,0,0,0,0,0
0,0,0,0,0,0
0,0,0,0,0,0
0,0,0,0,0,0
0,0,0,0,0,0
0,0,0,0,0,0
0,0,0,0,0,0
0,0,0,0,0,0
0,0,0,0,0,0
0,0,0,0,0,0
0,0,0,0,0,0
0,0,0,0,0,0
0,0,0,0,0,0
0,0,0,0,0,0
0,0,0,0,0,0
0,0,0,0,0,0
0,0,0,0,0,0
0,0,0,0,0,0
0,0,0,0,0,0
0,0,0,0,0,0
0,0,0,0,0,0
0,0,0,0,0,0
0,0,0,0,0,0
0,0,0,0,0,0
0,0,0,0,0,0
0,0,0,0,0,0
0,0,0,0,0,0
0,0,0,0,0,0
0,0,0,0,0,0
0,0,0,0,0,0
0,0,0,0,0,0
0,0,0,0,0,0
0,0,0,0,0,0
0,0,0,0,0,0
0,0,0,0,0,0
0,0,0,0,0,0
0,0,0,0,0,0
0,0,0,0,0,0
0,0,0,0,0,0
0,0,0,0,0,0
