119.197447820802,120.439255725539,54.7539403844227,54.8681040126378,78.708660930704,5.56172839506173
119.451769167694,120.407467098039,54.8002977530278,54.921463898992,78.7860461631931,5.55555555555556
119.630232843274,120.368004930837,54.8472678589647,54.9777838960201,78.8589484415805,5.54938271604938
119.670576869119,120.403813969605,54.9365516745991,55.076750710207,78.9157821229036,5.54320987654321
119.697103931958,120.426932112761,54.9876303188054,55.171272760749,78.9526394609181,5.53703703703704
119.699413263429,120.428817434021,54.9918202027129,55.1774366403433,78.9557729790369,5.53086419753086
119.745631902799,120.469575749316,55.0936091549179,55.4091886245863,79.0208870922833,5.52469135802469
119.775024007115,120.496168766964,55.159162896027,55.5265388736232,79.0623641039314,5.51851851851852
119.823853942593,120.541079227908,55.2610205680147,55.7784497484483,79.1308251078836,5.51234567901235
119.877897259841,120.591408746281,55.3741199217568,55.9618238769594,79.2062492156628,5.50617283950617
119.944236332617,120.652523047835,55.5088695740633,56.24530359455,79.2987768091856,5.5
119.972245442879,120.679011823753,55.5535408132655,56.3141970562385,79.3365697012561,5.49382716049383
119.99362057508,120.700596707918,55.6029848365722,56.3462806164868,79.3665273915841,5.48765432098765
120.015209903014,120.721998432224,55.651950117767,56.3848585541563,79.3966926865413,5.48148148148148
120.075340406721,120.782445423337,55.778640509205,56.4806498804107,79.4795077596504,5.47530864197531
120.118366082314,120.826645115474,55.8793023398512,56.5407912615642,79.5398035989571,5.46913580246914
120.154771155858,120.861919654426,55.9529028196762,56.6124139907648,79.5896133993913,5.46296296296296
120.216742525784,120.923673887595,56.0719374168324,56.712503736474,79.6737832720464,5.45679012345679
120.291718079197,121.000032062908,56.2333337876715,56.821896293667,79.7774860263858,5.45061728395062
120.324584723919,121.031941953764,56.2814744304603,56.8766159241893,79.821697056581,5.44444444444444
120.35689886582,121.065154129906,56.3435782375039,56.920643981996,79.8660543670219,5.43827160493827
120.424162149653,121.131455852542,56.4471842302047,57.0332969274265,79.9553571295011,5.4320987654321
120.479451134677,121.188901037344,56.5701440829307,57.1041085975891,80.0322910328164,5.42592592592593
120.503926345397,121.211463633349,56.6133442530928,57.1694993940638,80.0652124600783,5.41975308641975
120.556091449873,121.263821268926,56.7161761006603,57.2684376541566,80.136401200941,5.41358024691358
120.574106962882,121.281476631764,56.7504506237706,57.2875407885119,80.1614551643911,5.40740740740741
120.622145964691,121.332809226431,56.8601701869026,57.3377240747406,80.229218211786,5.40123456790123
120.66392720088,121.370925879709,56.9363433114397,57.4767490613298,80.2863040122049,5.39506172839506
120.731546247943,121.440435644373,57.0573046219514,57.5650801237973,80.3778573265347,5.38888888888889
120.819235087219,121.526998300108,57.2256045057222,57.7345715936254,80.4968407899272,5.38271604938272
120.847301941894,121.555377968458,57.2832280311205,57.7628860155926,80.5359667998202,5.37654320987654
120.918467643821,121.625741202113,57.4121098265466,57.8791376960013,80.6313683353552,5.37037037037037
120.975400878081,121.686379961991,57.5364575215324,57.9398553003403,80.7109463662873,5.3641975308642
121.02829848968,121.734814222036,57.6375825909023,58.128085550782,80.7837776669253,5.35802469135802
121.117069453527,121.825966049243,57.8058670150546,58.2466483126575,80.9040236586862,5.35185185185185
121.167117424146,121.874498506923,57.8880433606261,58.289841650894,80.9698729445896,5.34567901234568
121.207760648972,121.916793694415,57.9698502591684,58.3302659894059,81.026267096793,5.33950617283951
121.251534135205,121.958085038365,58.0386836315271,58.3988451244804,81.0834542356947,5.33333333333333
121.324619767801,122.031415081095,58.1685895298776,58.5065740705694,81.180565377493,5.32716049382716
121.373387146679,122.083456249128,58.2528129878305,58.5570898986156,81.2473865267683,5.32098765432099
121.404051565684,122.110524277811,58.2551871112452,58.5540660763206,81.2851528433619,5.31481481481481
121.470452404686,122.181403547997,58.3811104588324,58.6589794412779,81.3766703516416,5.30864197530864
121.509895501994,122.217111766059,58.4442293387821,58.7217046498029,81.4285866442781,5.30246913580247
121.55421421837,122.261048340346,58.504447823237,58.8298658247719,81.4855559920036,5.2962962962963
121.626437484728,122.338442708198,58.6541921907502,58.9431456839875,81.5861726092134,5.29012345679012
121.694576051689,122.400673715899,58.7838631823422,59.0616637363996,81.6798200241086,5.28395061728395
121.7392909582,122.445700486749,58.8482364086149,59.1708678141019,81.7373201981353,5.27777777777778
121.814210104814,122.525817084126,58.9953964479743,59.2906167876498,81.8402972486682,5.27160493827161
121.89061090442,122.596949314223,59.1470306570712,59.4374251728669,81.9455274836114,5.26543209876543
121.945583443532,122.6554705014,59.2534695291794,59.5215865469919,82.0211103646754,5.25925925925926
121.999769512546,122.705687307753,59.3484019033006,59.6204322144568,82.0936711908748,5.25308641975309
122.054989377608,122.765389804857,59.4554885698751,59.6980818185844,82.1697011244531,5.24691358024691
122.084100608425,122.789851342709,59.4917054054214,59.7198022669703,82.2062865849438,5.24074074074074
122.14142464609,122.851630341942,59.6048006103344,59.8030603490623,82.2854290442077,5.23456790123457
122.237274905542,122.943596263686,59.7985212491498,60.0275690279073,82.4163657149489,5.22839506172839
122.264038022042,122.971137994659,59.8456815913983,60.0681748854789,82.452335118996,5.22222222222222
122.311722068389,123.018231517271,59.9271091305691,60.1676957288885,82.5151454886528,5.21604938271605
122.357611456778,123.065079354106,60.0043600703235,60.2495557249743,82.5751572575728,5.20987654320988
122.432070196225,123.137921063781,60.1238574567267,60.4001702183638,82.6718731129198,5.2037037037037
122.506888843944,123.21458180071,60.2398694234287,60.5442476914343,82.7681893031899,5.19753086419753
122.586487052259,123.292728195355,60.362986717424,60.6992812975423,82.8709619526211,5.19135802469136
122.639801452989,123.348195655934,60.4619656923005,60.791391234328,82.9428295218532,5.18518518518519
122.696170397366,123.40387671266,60.5508184546561,60.8873974816347,83.0158441478549,5.17901234567901
122.744804921604,123.45176807266,60.6327784025575,60.9723497479015,83.0794070726964,5.17283950617284
122.777218039361,123.483445152885,60.6705477083523,61.03946391757,83.1181259129807,5.16666666666667
122.816610056011,123.522397232031,60.7294227482067,61.1163664237902,83.1682516728668,5.16049382716049
122.872599392843,123.58240412919,60.8268112260016,61.2018939010689,83.2431029644781,5.15432098765432
122.915464615291,123.622167967972,60.8860966046073,61.2590635492522,83.2974540163221,5.14814814814815
122.996662182256,123.706252412991,61.0108113269336,61.4086439045815,83.4017965695669,5.14197530864198
123.041602585411,123.747447438721,61.0438930173446,61.4794878712789,83.4528399481242,5.1358024691358
123.122919774242,123.835948080289,61.1925465828704,61.5875175878048,83.5628077098452,5.12962962962963
123.179959396673,123.886929341361,61.2854819581484,61.6581261326007,83.6373338278347,5.12345679012346
123.26234356307,123.975876316408,61.4236475133659,61.7759066302916,83.7465810268338,5.11728395061728
123.347003146774,124.053735186666,61.5614120139262,61.9196776439103,83.857862079072,5.11111111111111
123.380302912698,124.087343354876,61.6090484297947,61.982156567862,83.8989462300148,5.10493827160494
123.454200377513,124.168083613582,61.7280963322483,62.0742978636435,83.9965738417159,5.09876543209877
123.515556079557,124.221130101039,61.8070785624188,62.1395586539737,84.0724821987232,5.09259259259259
123.597279675256,124.308062765791,61.9359065840554,62.2600639030684,84.1782365221728,5.08641975308642
123.66333819017,124.369007343835,62.0348087461935,62.356463565025,84.2627991788106,5.08024691358025
123.721929224156,124.430328088206,62.1298609654532,62.4527374239181,84.3392180397922,5.07407407407407
123.817484283579,124.524415982179,62.2608671313686,62.6168572919416,84.4555852284838,5.0679012345679
123.911861386026,124.620363490738,62.3986363802023,62.7859196846009,84.5728230994501,5.06172839506173
123.958343717824,124.663923365344,62.457084452213,62.8682647641463,84.627451614375,5.05555555555556
124.001994181706,124.710769072327,62.5282544451696,62.9328547123068,84.6847180930017,5.04938271604938
124.110149770397,124.815936829265,62.6569137025441,63.1017532304667,84.812100767285,5.04320987654321
124.208091065235,124.923115462502,62.818376704855,63.2330094373748,84.9412099383269,5.03703703703704
124.307713293268,125.013734923583,62.9818414188549,63.3828076757289,85.0727401627898,5.03086419753086
124.344448217744,125.052152720052,63.0401307430368,63.4329762775739,85.1204122433685,5.02469135802469
124.522993118097,125.229282542192,63.2153795045648,63.5769979537084,85.3245844294112,5.01851851851852
124.566717674169,125.272688222895,63.2791113405321,63.6518034281819,85.3790680049929,5.01234567901235
124.670297961491,125.386495694175,63.4227205630527,63.7782244065761,85.5099307164075,5.00617283950617
124.757881497788,125.463336487115,63.5528113572516,63.895126878768,85.6226867911016,5
124.789877920641,125.49813848817,63.5979403855863,63.9287976217812,85.6634390965679,4.99382716049383
124.845260490587,125.554010478014,63.6769078177646,64.0116516867505,85.7329559054949,4.98765432098765
124.882021689603,125.587724487637,63.7119021657027,64.0609379267824,85.7751838231588,4.98148148148148
124.950911460877,125.663193002155,63.816346892542,64.1480438735052,85.8636875514537,4.97530864197531
125.028752379156,125.734163777341,63.9260310616245,64.2615909422749,85.9611138152114,4.96913580246914
125.119595820174,125.825582741857,64.0497882617297,64.4051168317723,86.0717639300465,4.96296296296296
125.208267745997,125.9236487269,64.1874990574456,64.5078518184906,86.1863943514892,4.95679012345679
125.317365025374,126.024638895286,64.3264931077365,64.6626469327608,86.3207678062984,4.95061728395062
125.373299537491,126.081375387013,64.4067838199139,64.7331136459698,86.3910714624965,4.94444444444444
125.454992953071,126.15963218999,64.4655447261503,64.8441683444848,86.4770563475732,4.93827160493827
125.568010644565,126.278158426299,64.6101986231384,65.0131862268998,86.612838598908,4.9320987654321
125.64862604249,126.355325029617,64.7004621594027,65.0992306431025,86.7062547953544,4.92592592592593
125.697665558833,126.404715413254,64.7676346235941,65.18118693873,86.7659159471179,4.91975308641975
125.813562895075,126.528945992553,64.9272929184398,65.3249225447637,86.910824250205,4.91358024691358
125.858092720696,126.565611902838,64.9725452438818,65.3670508450619,86.9625259085112,4.90740740740741
125.962252651989,126.679138959781,65.1231585865424,65.5309615014786,87.0933522334255,4.90123456790123
126.081046375533,126.785953242944,65.2826613809162,65.6783613674865,87.2407939701046,4.89506172839506
126.161825528057,126.873860635029,65.3978995314991,65.7945156013056,87.3422518949798,4.88888888888889
126.217272285048,126.921644372675,65.461832691021,65.8491350072565,87.4066294925273,4.88271604938272
126.286762905738,126.991257415551,65.534456003303,65.9528366484299,87.4832563713216,4.87654320987654
126.411235242092,127.129016228125,65.7162063903515,66.1234619491736,87.64128706754,4.87037037037037
126.536764601341,127.243422820679,65.8976445392938,66.2747458394389,87.8005492241193,4.8641975308642
126.562375904153,127.267804502862,65.928215639179,66.3090525205733,87.8300751097089,4.85802469135802
126.633474965569,127.345224682796,66.0106789270609,66.3733448918322,87.9153800129383,4.85185185185185
126.742981664778,127.452241977301,66.1625523605179,66.5361289915222,88.0513854536562,4.84567901234568
126.788804185128,127.495319837209,66.2087748996058,66.5766672604813,88.1041413431781,4.83950617283951
126.892011369512,127.596233076984,66.3227173620956,66.7149059479713,88.2195909880703,4.83333333333333
126.966734316902,127.671646124909,66.3868338435701,66.7920924210229,88.2980300703241,4.82716049382716
127.044107970859,127.75911526166,66.476941947114,66.8457231395024,88.3898408577924,4.82098765432099
127.123563802956,127.828073817696,66.5657707561088,66.9103693978506,88.4826301513314,4.81481481481481
127.238478963326,127.956189831532,66.7161225487599,67.0502342275994,88.6230754656314,4.80864197530864
127.354169628062,128.058096023997,66.8674238686743,67.1796978464173,88.7649032509947,4.80246913580247
127.459544634768,128.166214375679,66.9816132830803,67.3225767238753,88.8814401075235,4.7962962962963
127.580370166346,128.287964711777,67.1180384698694,67.4882538637511,89.0169645259872,4.79012345679012
127.668631667046,128.382648169912,67.1815773062019,67.5873291481629,89.1103149786788,4.78395061728395
127.730127232616,128.437405215038,67.2552190205534,67.6579448851989,89.1834071375684,4.77777777777778
127.816677410239,128.533672144994,67.359271264144,67.7436055842113,89.2861585347973,4.77160493827161
127.94061075042,128.648893762119,67.5057682505389,67.9018312499543,89.4296504328649,4.76543209876543
128.06422805293,128.784032953398,67.6532974507256,68.060435784488,89.5733033480208,4.75925925925926
128.165909879683,128.880740634127,67.7029037932387,68.0400747462536,89.6833282076566,4.75308641975309
128.228017080215,128.938980496891,67.7780016384093,68.1272276865891,89.75710259137,4.74691358024691
128.278730730668,128.988647580623,67.8352366968429,68.1802326614218,89.8128967021461,4.74074074074074
128.444211435681,129.172338010351,68.0287346829465,68.4271938734425,90.0042085960706,4.73456790123457
128.500025402814,129.209238757668,68.0563682090511,68.417612306163,90.0568930284927,4.72839506172839
128.621975203664,129.344159666714,68.1971194734383,68.5636439885116,90.1994970589269,4.72222222222222
128.745720066287,129.452418258573,68.3332733483977,68.6570819002312,90.3421652642691,4.71604938271605
128.805838111741,129.513644647157,68.404025685738,68.7417545444219,90.4124163929651,4.70987654320988
128.882418786626,129.585166874141,68.4816863628822,68.8107450071228,90.495392449032,4.7037037037037
129.053889320475,129.762339871698,68.6651310128467,68.9989418336051,90.6831931466045,4.69753086419753
129.220859869178,129.947459314037,68.8490079984805,69.2074181691833,90.8741043782001,4.69135802469136
129.35164393669,130.052792077236,68.9789207346137,69.3017613280387,91.0212458545462,4.68518518518519
129.483560163057,130.202461317052,69.1087773312186,69.4450295798263,91.1684953325131,4.67901234567901
129.578048739123,130.281871782751,69.1874077077931,69.4357403432779,91.2683557946089,4.67283950617284
129.752185676257,130.475513836713,69.3853315536609,69.6995932297677,91.467825564231,4.66666666666667
129.814370911594,130.510618989238,69.4355089316065,69.7337142978344,91.5296389299588,4.66049382716049
129.97697444465,130.698354408527,69.5736023290738,69.8619333729984,91.7034933964321,4.65432098765432
130.038962484145,130.738197401158,69.6241486094448,69.9237103032055,91.7656056685635,4.64814814814815
130.123159796024,130.819545755634,69.642055731059,69.9498162507664,91.8354783759476,4.64197530864198
130.279053423872,130.977748236618,69.7803701579755,70.0954401819905,91.9907096851738,4.6358024691358
130.357002962368,131.061532047605,69.8649579902029,70.2000978648536,92.0775283314145,4.62962962962963
130.41853751123,131.117474926447,69.9254872348633,70.2492195360268,92.1440115633181,4.62345679012346
130.497811535682,131.200760686388,69.9606300806398,70.3007197697872,92.215718117024,4.61728395061728
130.610428447192,131.316698501093,70.074324446588,70.434865487147,92.3357200648472,4.61111111111111
130.669288995597,131.37685567847,70.1248550768167,70.4972201099784,92.3927108230665,4.60493827160494
130.836585199129,131.563153883226,70.2597320443514,70.6798799459705,92.5687600697323,4.59876543209877
130.908684539622,131.611499959544,70.3115880800414,70.7164669004439,92.6382757541645,4.59259259259259
130.971866632947,131.673729573517,70.3724056204945,70.7716040953961,92.7057897136129,4.58641975308642
131.067472089359,131.773329542253,70.4689689048286,70.8785383046023,92.8105951635949,4.58024691358025
131.178698655428,131.878540388603,70.5872478419115,70.991096211818,92.9327508702519,4.57407407407407
131.325208601172,132.043672915512,70.7418517051609,71.1401434201271,93.0948941559481,4.5679012345679
131.432169314862,132.128243508578,70.8447166927096,71.2377039676029,93.2110512473478,4.56172839506173
131.605348168116,132.318924540444,71.0290911853186,71.4279960805251,93.4008226140162,4.55555555555556
131.700828735784,132.397628191373,71.1099831500477,71.5078915327918,93.4980083146661,4.54938271604938
131.797730808955,132.507370470698,71.2104309645897,71.6153066781133,93.604522363201,4.54320987654321
131.89233354343,132.59253837467,71.3014018836676,71.701307956819,93.7047812483853,4.53703703703704
132.071965558843,132.788476257994,71.4823717399775,71.9027444251573,93.8983738115854,4.53086419753086
132.181544002056,132.881180724641,71.5880466954115,71.9918565408554,94.016676677999,4.52469135802469
132.252124057705,132.954205829131,71.648704096306,72.0615407638081,94.0879135810842,4.51851851851852
132.346250966423,133.053481787351,71.7436226908286,72.1543999866233,94.1892338497388,4.51234567901235
132.502935064018,133.216173968082,71.8901812488238,72.3172313691082,94.3560125276451,4.50617283950617
132.610569289646,133.310068976533,71.9978292613518,72.4084689585792,94.47310163531,4.5
132.793983993025,133.528542820373,72.2059511785822,72.6187356932681,94.686595963402,4.49382716049383
132.814897492761,133.521564520992,72.2175074537494,72.6256833662053,94.7006156670516,4.48765432098765
132.931082439289,133.63504985352,72.3131895639593,72.7392728860823,94.8120949007215,4.48148148148148
133.00009202512,133.705218179429,72.3751419478184,72.8094016660727,94.8814923267337,4.47530864197531
133.166472082339,133.890955437301,72.5354348832103,72.9562902751034,95.0578234594049,4.46913580246914
133.240784039127,133.943720524442,72.5921930139731,73.0085190896498,95.13098190477,4.46296296296296
133.411827070813,134.131013799591,72.7371771278482,73.1799705766741,95.2966647732043,4.45679012345679
133.50583980989,134.21550778337,72.811234562415,73.262010244573,95.3852162943265,4.45061728395062
133.710320969966,134.453573773962,72.9527317944193,73.4165203844972,95.5800911580196,4.44444444444444
133.820854782862,134.540283459151,73.0619675494939,73.4967228096612,95.7006693733928,4.43827160493827
133.992067066598,134.730112790332,73.2227886442175,73.6447939354665,95.881993415827,4.4320987654321
134.063203290178,134.774217986499,73.2354472053507,73.6153060872227,95.9418084919594,4.42592592592593
134.165166597158,134.892166132525,73.3211806471059,73.7117086561273,96.0449290212881,4.41975308641975
134.2698874105,134.978773770461,73.4192090031547,73.7874149534538,96.1557215351437,4.41358024691358
134.34277084998,135.058710389296,73.4850459233256,73.8646428292081,96.2304906589109,4.40740740740741
134.378660812879,135.089679091724,73.5123750403526,73.8890157565171,96.2636599213021,4.40123456790123
134.468549117309,135.191135757461,73.345662645343,73.8824826758779,96.3335527012859,4.39506172839506
134.576241391065,135.301728833239,73.4406369452926,73.9867587708622,96.4441429316372,4.38888888888889
134.647290155075,135.36424211226,73.5049237915067,74.0529370317417,96.5154957875042,4.38271604938272
134.752759646621,135.477662262535,73.604544944277,74.1366599430328,96.6267375787865,4.37654320987654
134.869245467878,135.596935383165,73.7077184766413,74.2487860133565,96.7463044131703,4.37037037037037
134.977454472709,135.694800124174,73.8041218063564,74.3321125805357,96.8571800385214,4.3641975308642
135.133279626947,135.85990577451,73.9275217481467,74.4824969805613,97.0048054389447,4.35802469135802
135.253720580993,135.972269672078,74.0292304807551,74.5885899859217,97.1227813062292,4.35185185185185
135.410352248409,136.154753557475,74.167606653033,74.6919093232589,97.2843083053445,4.34567901234568
135.538876627555,136.249911899059,74.2765303651437,74.8024840490695,97.4143801545907,4.33950617283951
135.665869284787,136.396210667529,74.38968946998,74.8936681612143,97.5444588623564,4.33333333333333
135.815017255073,136.524727625924,74.5000335509357,75.0220111377863,97.6870138454559,4.32716049382716
135.93439803049,136.6530688563,74.6069395066276,75.1122207300577,97.8093846352223,4.32098765432099
136.083821483391,136.785151890911,74.693344884724,75.2211070914412,97.9361175563809,4.31481481481481
136.234561278367,136.957533529797,74.8045945115385,75.3324487272344,98.0799555238518,4.30864197530864
136.363647538252,137.083614280587,74.8487078059713,75.4003286266419,98.1923578559189,4.30246913580247
136.463176455327,137.169011252393,74.9278861640992,75.4811210257419,98.2864262853761,4.2962962962963
136.616948540875,137.336894099891,75.0407284724433,75.6271862088044,98.4249525489693,4.29012345679012
136.747035121223,137.461838964976,75.0834786219317,75.6947256762266,98.5384369961755,4.28395061728395
136.869042855206,137.566127739194,75.1698507458052,75.7888888112974,98.646179092784,4.27777777777778
137.043096667991,137.765552419725,75.3174765699115,75.9192002761672,98.8191491086453,4.27160493827161
137.230263718939,137.936798259767,75.4615339105985,76.0752846867052,98.9975293537151,4.26543209876543
137.392386505403,138.102218431489,75.5396690883349,76.1758663343398,99.1283513873153,4.25925925925926
0,0,0,0,0,0
0,0,0,0,0,0
0,0,0,0,0,0
0,0,0,0,0,0
0,0,0,0,0,0
0,0,0,0,0,0
0,0,0,0,0,0
0,0,0,0,0,0
0,0,0,0,0,0
0,0,0,0,0,0
0,0,0,0,0,0
0,0,0,0,0,0
0,0,0,0,0,0
0,0,0,0,0,0
0,0,0,0,0,0
0,0,0,0,0,0
0,0,0,0,0,0
0,0,0,0,0,0
0,0,0,0,0,0
0,0,0,0,0,0
0,0,0,0,0,0
0,0,0,0,0,0
0,0,0,0,0,0
0,0,0,0,0,0
0,0,0,0,0,0
0,0,0,0,0,0
0,0,0,0,0,0
0,0,0,0,0,0
0,0,0,0,0,0
0,0,0,0,0,0
0,0,0,0,0,0
0,0,0,0,0,0
0,0,0,0,0,0
0,0,0,0,0,0
0,0,0,0,0,0
0,0,0,0,0,0
0,0,0,0,0,0
0,0,0,0,0,0
0,0,0,0,0,0
0,0,0,0,0,0
0,0,0,0,0,0
0,0,0,0,0,0
0,0,0,0,0,0
0,0,0,0,0,0
0,0,0,0,0,0
0,0,0,0,0,0
0,0,0,0,0,0
0,0,0,0,0,0
0,0,0,0,0,0
0,0,0,0,0,0
0,0,0,0,0,0
0,0,0,0,0,0
0,0,0,0,0,0
0,0,0,0,0,0
0,0,0,0,0,0
0,0,0,0,0,0
0,0,0,0,0,0
0,0,0,0,0,0
0,0,0,0,0,0
0,0,0,0,0,0
0,0,0,0,0,0
0,0,0,0,0,0
0,0,0,0,0,0
0,0,0,0,0,0
0,0,0,0,0,0
0,0,0,0,0,0
0,0,0,0,0,0
0,0,0,0,0,0
0,0,0,0,0,0
0,0,0,0,0,0
0,0,0,0,0,0
0,0,0,0,0,0
0,0,0,0,0,0
0,0,0,0,0,0
0,0,0,0,0,0
0,0,0,0,0,0
0,0,0,0,0,0
0,0,0,0,0,0
0,0,0,0,0,0
0,0,0,0,0,0
0,0,0,0,0,0
0,0,0,0,0,0
0,0,0,0,0,0
0,0,0,0,0,0
0,0,0,0,0,0
0,0,0,0,0,0
0,0,0,0,0,0
0,0,0,0,0,0
0,0,0,0,0,0
0,0,0,0,0,0
0,0,0,0,0,0
0,0,0,0,0,0
0,0,0,0,0,0
0,0,0,0,0,0
0,0,0,0,0,0
0,0,0,0,0,0
0,0,0,0,0,0
0,0,0,0,0,0
0,0,0,0,0,0
0,0,0,0,0,0
0,0,0,0,0,0
0,0,0,0,0,0
0,0,0,0,0,0
0,0,0,0,0,0
0,0,0,0,0,0
0,0,0,0,0,0
0,0,0,0,0,0
0,0,0,0,0,0
0,0,0,0,0,0
0,0,0,0,0,0
0,0,0,0,0,0
0,0,0,0,0,0
0,0,0,0,0,0
0,0,0,0,0,0
0,0,0,0,0,0
0,0,0,0,0,0
0,0,0,0,0,0
0,0,0,0,0,0
0,0,0,0,0,0
0,0,0,0,0,0
0,0,0,0,0,0
0,0,0,0,0,0
0,0,0,0,0,0
0,0,0,0,0,0
0,0,0,0,0,0
0,0,0,0,0,0
0,0,0,0,0,0
0,0,0,0,0,0
0,0,0,0,0,0
0,0,0,0,0,0
0,0,0,0,0,0
0,0,0,0,0,0
0,0,0,0,0,0
0,0,0,0,0,0
0,0,0,0,0,0
0,0,0,0,0,0
0,0,0,0,0,0
0,0,0,0,0,0
0,0,0,0,0,0
0,0,0,0,0,0
0,0,0,0,0,0
0,0,0,0,0,0
0,0,0,0,0,0
0,0,0,0,0,0
0,0,0,0,0,0
0,0,0,0,0,0
0,0,0,0,0,0
0,0,0,0,0,0
0,0,0,0,0,0
0,0,0,0,0,0
0,0,0,0,0,0
0,0,0,0,0,0
0,0,0,0,0,0
0,0,0,0,0,0
0,0,0,0,0,0
0,0,0,0,0,0
0,0,0,0,0,0
0,0,0,0,0,0
0,0,0,0,0,0
0,0,0,0,0,0
0,0,0,0,0,0
0,0,0,0,0,0
0,0,0,0,0,0
0,0,0,0,0,0
0,0,0,0,0,0
0,0,0,0,0,0
0,0,0,0,0,0
0,0,0,0,0,0
0,0,0,0,0,0
0,0,0,0,0,0
0,0,0,0,0,0
0,0,0,0,0,0
0,0,0,0,0,0
0,0,0,0,0,0
0,0,0,0,0,0
0,0,0,0,0,0
0,0,0,0,0,0
0,0,0,0,0,0
0,0,0,0,0,0
0,0,0,0,0,0
0,0,0,0,0,0
0,0,0,0,0,0
0,0,0,0,0,0
0,0,0,0,0,0
0,0,0,0,0,0
0,0,0,0,0,0
0,0,0,0,0,0
0,0,0,0,0,0
0,0,0,0,0,0
0,0,0,0,0,0
0,0,0,0,0,0
0,0,0,0,0,0
0,0,0,0,0,0
0,0,0,0,0,0
0,0,0,0,0,0
0,0,0,0,0,0
0,0,0,0,0,0
0,0,0,0,0,0
0,0,0,0,0,0
0,0,0,0,0,0
0,0,0,0,0,0
0,0,0,0,0,0
0,0,0,0,0,0
0,0,0,0,0,0
0,0,0,0,0,0
0,0,0,0,0,0
0,0,0,0,0,0
0,0,0,0,0,0
0,0,0,0,0,0
0,0,0,0,0,0
0,0,0,0,0,0
0,0,0,0,0,0
0,0,0,0,0,0
0,0,0,0,0,0
0,0,0,0,0,0
0,0,0,0,0,0
0,0,0,0,0,0
0,0,0,0,0,0
0,0,0,0,0,0
0,0,0,0,0,0
0,0,0,0,0,0
0,0,0,0,0,0
0,0,0,0,0,0
0,0,0,0,0,0
0,0,0,0,0,0
0,0,0,0,0,0
0,0,0,0,0,0
0,0,0,0,0,0
0,0,0,0,0,0
0,0,0,0,0,0
0,0,0,0,0,0
0,0,0,0,0,0
0,0,0,0,0,0
0,0,0,0,0,0
0,0,0,0,0,0
0,0,0,0,0,0
0,0,0,0,0,0
0,0,0,0,0,0
0,0,0,0,0,0
0,0,0,0,0,0
0,0,0,0,0,0
0,0,0,0,0,0
0,0,0,0,0,0
0,0,0,0,0,0
0,0,0,0,0,0
0,0,0,0,0,0
0,0,0,0,0,0
0,0,0,0,0,0
0,0,0,0,0,0
0,0,0,0,0,0
0,0,0,0,0,0
0,0,0,0,0,0
0,0,0,0,0,0
0,0,0,0,0,0
0,0,0,0,0,0
0,0,0,0,0,0
0,0,0,0,0,0
0,0,0,0,0,0
0,0,0,0,0,0
0,0,0,0,0,0
0,0,0,0,0,0
0,0,0,0,0,0
0,0,0,0,0,0
0,0,0,0,0,0
0,0,0,0,0,0
0,0,0,0,0,0
0,0,0,0,0,0
0,0,0,0,0,0
0,0,0,0,0,0
0,0,0,0,0,0
0,0,0,0,0,0
0,0,0,0,0,0
0,0,0,0,0,0
0,0,0,0,0,0
0,0,0,0,0,0
0,0,0,0,0,0
0,0,0,0,0,0
0,0,0,0,0,0
0,0,0,0,0,0
0,0,0,0,0,0
0,0,0,0,0,0
0,0,0,0,0,0
0,0,0,0,0,0
0,0,0,0,0,0
0,0,0,0,0,0
0,0,0,0,0,0
0,0,0,0,0,0
0,0,0,0,0,0
0,0,0,0,0,0
0,0,0,0,0,0
0,0,0,0,0,0
0,0,0,0,0,0
0,0,0,0,0,0
0,0,0,0,0,0
0,0,0,0,0,0
0,0,0,0,0,0
0,0,0,0,0,0
0,0,0,0,0,0
0,0,0,0,0,0
0,0,0,0,0,0
0,0,0,0,0,0
0,0,0,0,0,0
0,0,0,0,0,0
0,0,0,0,0,0
0,0,0,0,0,0
0,0,0,0,0,0
0,0,0,0,0,0
0,0,0,0,0,0
0,0,0,0,0,0
0,0,0,0,0,0
0,0,0,0,0,0
0,0,0,0,0,0
0,0,0,0,0,0
0,0,0,0,0,0
0,0,0,0,0,0
0,0,0,0,0,0
0,0,0,0,0,0
0,0,0,0,0,0
0,0,0,0,0,0
0,0,0,0,0,0
0,0,0,0,0,0
0,0,0,0,0,0
0,0,0,0,0,0
0,0,0,0,0,0
0,0,0,0,0,0
0,0,0,0,0,0
0,0,0,0,0,0
0,0,0,0,0,0
0,0,0,0,0,0
0,0,0,0,0,0
0,0,0,0,0,0
0,0,0,0,0,0
0,0,0,0,0,0
0,0,0,0,0,0
0,0,0,0,0,0
0,0,0,0,0,0
0,0,0,0,0,0
0,0,0,0,0,0
0,0,0,0,0,0
0,0,0,0,0,0
0,0,0,0,0,0
0,0,0,0,0,0
0,0,0,0,0,0
0,0,0,0,0,0
0,0,0,0,0,0
0,0,0,0,0,0
0,0,0,0,0,0
0,0,0,0,0,0
0,0,0,0,0,0
0,0,0,0,0,0
0,0,0,0,0,0
0,0,0,0,0,0
0,0,0,0,0,0
0,0,0,0,0,0
0,0,0,0,0,0
0,0,0,0,0,0
0,0,0,0,0,0
0,0,0,0,0,0
0,0,0,0,0,0
0,0,0,0,0,0
0,0,0,0,0,0
0,0,0,0,0,0
0,0,0,0,0,0
0,0,0,0,0,0
0,0,0,0,0,0
0,0,0,0,0,0
0,0,0,0,0,0
0,0,0,0,0,0
0,0,0,0,0,0
0,0,0,0,0,0
0,0,0,0,0,0
0,0,0,0,0,0
0,0,0,0,0,0
0,0,0,0,0,0
0,0,0,0,0,0
0,0,0,0,0,0
0,0,0,0,0,0
0,0,0,0,0,0
0,0,0,0,0,0
0,0,0,0,0,0
0,0,0,0,0,0
0,0,0,0,0,0
0,0,0,0,0,0
0,0,0,0,0,0
0,0,0,0,0,0
0,0,0,0,0,0
0,0,0,0,0,0
0,0,0,0,0,0
