4.72237162406703,1.12670340129029
4.7245022545756,0.988198268994833
4.72720610415172,0.988763818406553
4.72753482391964,0.988832574920602
4.72821443733085,0.988974725936806
4.7281404168149,0.988959243470761
4.73125668855673,0.98961105696879
4.73101038906236,0.989559539852091
4.73294639496988,0.989964483607747
4.73667983107407,0.990745385996353
4.73987341546069,0.991413370556987
4.74035800388322,0.991514729264111
4.73941838239115,0.99131819378123
4.73848628970531,0.991123233057525
4.74142546323781,0.991738003892756
4.74224494501263,0.99190941040877
4.74383560569407,0.99224212019432
4.74674171713637,0.992849975613165
4.75146748266866,0.993838438115043
4.75238546819766,0.994030448121988
4.75309868680607,0.994179628153296
4.7569017825659,0.994975100870669
4.76075068181831,0.995780154053803
4.76081421622359,0.995793443197492
4.76375562759299,0.996408682108814
4.76292655000907,0.996235268489951
4.76427626691438,0.996517581385064
4.76612437068826,0.996904139132709
4.76985323384498,0.997684085022928
4.77571462033578,0.998910079142946
4.77623434584863,0.999018787282867
4.78095127363676,1.00000540124219
4.78444605682449,1.00073638590693
4.78679603805325,1.00122791861393
4.79300399440536,1.0025264028543
4.79547219705538,1.0030426632887
4.79635479096546,1.00322727062449
4.79749848384035,1.00346649060119
4.80119771538312,1.00424023860896
4.8036946125173,1.0047625009115
4.8048008049831,1.00499387713295
4.80781704134507,1.00562476677828
4.80841578746711,1.00575000322638
4.80997343409979,1.00607580764411
4.81463052769012,1.00704990641188
4.81942310765469,1.00805234412273
4.82095649901672,1.0083730751983
4.82363805098583,1.00893396074165
4.82792489959376,1.00983061739362
4.8299847504915,1.0102614651278
4.83183690896784,1.01064887097536
4.83449284248261,1.01120439804688
4.8340505495845,1.01111188606302
4.83602492076129,1.01152485447199
4.84320910257464,1.01302753044706
4.84312146947916,1.01300920071229
4.8445569664128,1.01330945574626
4.84681716212714,1.01378220850881
4.84982358493776,1.01441104550734
4.85269029231106,1.01501065899282
4.85634396453585,1.01577487760749
4.85956282189393,1.01644814837719
4.86141104743551,1.01683473159432
4.86285121539222,1.01713596364062
4.86243243598945,1.01704836984584
4.86324326682476,1.0172179668922
4.86479076337769,1.01754164827332
4.86591478460731,1.01777675363968
4.8693956699282,1.01850483136371
4.87021351629916,1.01867589581125
4.87317516050057,1.01929536671327
4.87637257379849,1.01996415214631
4.88039924126657,1.0208063881338
4.88487997559839,1.02174359880107
4.884752233265,1.02171687963661
4.88867939409569,1.02253830236558
4.89007540151373,1.02283029759379
4.89499755901134,1.02385983832777
4.8966124463533,1.02419761547125
4.89833593396571,1.0245581079387
4.90222679220501,1.02537193745339
4.90606213472663,1.02617415504937
4.90461062237353,1.02587055015779
4.90552508369902,1.02606182302639
4.90866506607094,1.02671859594709
4.91298357804425,1.02762187545183
4.91797572629255,1.02866605576792
4.91814440157585,1.02870133665339
4.91109394508751,1.02722663127239
4.91005811756109,1.02700997290005
4.9147881522907,1.02799932836655
4.91816697567815,1.02870605835477
4.91735391185585,1.02853599424675
4.91807778664109,1.02868740317222
4.9176195691115,1.02859156032039
4.91875829921938,1.02882974226228
4.91836038678083,1.02874651309616
4.92001427799614,1.02909244846628
4.92361383121153,1.02984534730407
4.92940769501585,1.03105721807345
4.93012814993736,1.03120791168475
4.93138443404343,1.03147068175281
4.93472669270937,1.03216976369843
4.9341726722969,1.03205388228213
4.93504097048856,1.03223549946077
4.93875742114807,1.03301284909691
4.9389274318873,1.03304840931239
4.94176544805823,1.03364202161616
4.94620721090188,1.03457108083062
4.94520642051385,1.03436175098469
4.94410728210609,1.03413185022194
4.94550719868284,1.03442466310748
4.94850012498074,1.03505067711434
4.95242355094232,1.03587131864118
4.95093798356919,1.03556059064752
4.95158959461487,1.03569688456224
4.95477886827084,1.03636396747095
4.95472760752753,1.03635324554194
4.95584901259091,1.03658780369913
4.95707317542161,1.03684385513589
4.95793669247852,1.03702447227075
4.95927547245133,1.03730449754758
4.96207656771211,1.03789038730672
4.96591259553546,1.03869274824351
4.96680834695322,1.03888010766314
4.97033556530098,1.03961787661272
4.97113131807606,1.03978431986378
4.97160976189702,1.03988439333823
4.97303416815267,1.04018232859582
4.97570226862243,1.04074040056269
4.9776160722819,1.04114070039569
4.98003494862458,1.04164664351645
4.98040270843416,1.04172356582226
4.98035348847464,1.04171327075282
4.98449076538518,1.04257864231178
4.98484528102352,1.04265279440681
4.98870945281736,1.04346104206381
4.9926697382566,1.04428939328578
4.99110257888907,1.04396159914139
4.99178727914084,1.04410481414418
4.99594683330201,1.04497484531368
5.00101164472367,1.04603422418789
5.00445846717793,1.04675517716861
5.00621692846375,1.04712298488784
5.00836551777902,1.04757239355095
5.01336445737495,1.04861799437604
5.01186498061561,1.04830435703222
5.01723807011314,1.04942821674368
5.01555759401926,1.04907672076007
5.01647251734043,1.04926809026177
5.01662438724626,1.04929985605845
5.01693113437732,1.04936401667636
5.01595611476072,1.04916007716158
5.01681808617131,1.04934037100207
5.0181242172916,1.04961356729717
5.01775818247552,1.0495370057988
5.02333873116147,1.05070425861282
5.02333885073196,1.05070428362273
5.02213814313228,1.05045313818822
5.02216043291378,1.05045780041977
5.02283358856705,1.05059860070211
5.02618257944228,1.05129909078708
5.02694292440343,1.05145812797957
5.02962728904214,1.05201960183361
5.03018901069533,1.05213709407627
5.02987431137191,1.05207127014183
5.02922566255734,1.05193559582077
5.03177694084589,1.05246923273163
5.03227508530761,1.05257342688125
5.03141685225831,1.05239391497332
5.03025494524955,1.05215088524597
5.03296519523994,1.0527177733973
5.03341877103491,1.05281264536292
5.03878091774591,1.05393421623163
5.03904426188726,1.05398929848382
5.03837646392187,1.05384961883972
5.03667503139414,1.05349373951358
5.03769473696844,1.05370702574547
5.03759896820248,1.05368699431704
5.03809524933168,1.0537907987236
5.03674704047868,1.05350880125953
5.0333983031322,1.05280836420377
5.03419091356776,1.05297415018888
5.03514662129075,1.0531740503406
5.03539123353019,1.05322521454343
5.0346131584651,1.05306246884218
5.0351128151614,1.05316697929762
5.03407064519732,1.05294899431233
5.03193294141981,1.05250186251754
5.03172794745667,1.05245898505265
5.03175272532831,1.0524641677044
5.03038099713214,1.05217725082809
5.02990572736194,1.05207784125246
5.02816462107933,1.05171366358423
5.02868281542271,1.05182205145782
5.02858660191823,1.05180192700587
5.02809069558866,1.0516982009941
5.0284782447062,1.05177926252111
5.02894996479874,1.05187792963011
5.02754160867033,1.05158335148976
5.02736309404094,1.05154601256213
5.02534264678075,1.05112340667107
5.02651677000397,1.05136899159711
5.02475396862623,1.05100027608462
5.02363524882236,1.05076627958846
5.02236065172421,1.05049967909211
5.02253639161676,1.05053643764323
5.02148057054024,1.05031559732948
5.01989983111374,1.04998496271851
5.01766846067284,1.04951823918058
5.01962485616953,1.04992744771497
5.0196804456685,1.0499390750661
0,0
0,0
0,0
0,0
0,0
0,0
0,0
0,0
0,0
0,0
0,0
0,0
0,0
0,0
0,0
0,0
0,0
0,0
0,0
0,0
0,0
0,0
0,0
0,0
0,0
0,0
0,0
0,0
0,0
0,0
0,0
0,0
0,0
0,0
0,0
0,0
0,0
0,0
0,0
0,0
0,0
0,0
0,0
0,0
0,0
0,0
0,0
0,0
0,0
0,0
0,0
0,0
0,0
0,0
0,0
0,0
0,0
0,0
0,0
0,0
0,0
0,0
0,0
0,0
0,0
0,0
0,0
0,0
0,0
0,0
0,0
0,0
0,0
0,0
0,0
0,0
0,0
0,0
0,0
0,0
0,0
0,0
0,0
0,0
0,0
0,0
0,0
0,0
0,0
0,0
0,0
0,0
0,0
0,0
0,0
0,0
0,0
0,0
0,0
0,0
0,0
0,0
0,0
0,0
0,0
0,0
0,0
0,0
0,0
0,0
0,0
0,0
0,0
0,0
0,0
0,0
0,0
0,0
0,0
0,0
0,0
0,0
0,0
0,0
0,0
0,0
0,0
0,0
0,0
0,0
0,0
0,0
0,0
0,0
0,0
0,0
0,0
0,0
0,0
0,0
0,0
0,0
0,0
0,0
0,0
0,0
0,0
0,0
0,0
0,0
0,0
0,0
0,0
0,0
0,0
0,0
0,0
0,0
0,0
0,0
0,0
0,0
0,0
0,0
0,0
0,0
0,0
0,0
0,0
0,0
0,0
0,0
0,0
0,0
0,0
0,0
0,0
0,0
0,0
0,0
0,0
0,0
0,0
0,0
0,0
0,0
0,0
0,0
0,0
0,0
0,0
0,0
0,0
0,0
0,0
0,0
0,0
0,0
0,0
0,0
0,0
0,0
0,0
0,0
0,0
0,0
0,0
0,0
0,0
0,0
0,0
0,0
0,0
0,0
0,0
0,0
0,0
0,0
0,0
0,0
0,0
0,0
0,0
0,0
0,0
0,0
0,0
0,0
0,0
0,0
0,0
0,0
0,0
0,0
0,0
0,0
0,0
0,0
0,0
0,0
0,0
0,0
0,0
0,0
0,0
0,0
0,0
0,0
0,0
0,0
0,0
0,0
0,0
0,0
0,0
0,0
0,0
0,0
0,0
0,0
0,0
0,0
0,0
0,0
0,0
0,0
0,0
0,0
0,0
0,0
0,0
0,0
0,0
0,0
0,0
0,0
0,0
0,0
0,0
0,0
0,0
0,0
0,0
0,0
0,0
0,0
0,0
0,0
0,0
0,0
0,0
0,0
0,0
0,0
0,0
0,0
0,0
0,0
0,0
0,0
0,0
0,0
0,0
0,0
0,0
0,0
0,0
0,0
0,0
0,0
0,0
0,0
0,0
0,0
0,0
0,0
0,0
0,0
0,0
0,0
0,0
0,0
0,0
0,0
0,0
0,0
0,0
0,0
0,0
0,0
0,0
0,0
0,0
0,0
0,0
0,0
0,0
0,0
0,0
0,0
0,0
0,0
0,0
0,0
0,0
0,0
0,0
0,0
0,0
0,0
0,0
0,0
0,0
0,0
0,0
0,0
0,0
0,0
0,0
0,0
0,0
0,0
0,0
0,0
0,0
0,0
0,0
0,0
0,0
0,0
0,0
0,0
0,0
0,0
0,0
0,0
0,0
0,0
0,0
0,0
0,0
0,0
0,0
0,0
0,0
0,0
0,0
0,0
