0 0
0.705882352941177 -0
1.41176470588235 -0
2.11764705882353 -0
2.82352941176471 -0
3.52941176470588 -0
4.23529411764706 -0
4.94117647058824 -0
5.64705882352941 -0
6.35294117647059 0
7.05882352941176 0
7.76470588235294 0
8.47058823529412 0
9.17647058823529 0
9.88235294117647 0
10.5882352941176 0
11.2941176470588 0
12 0
12 0.705882352941177
12 1.41176470588235
12 2.11764705882353
12 2.82352941176471
12 3.52941176470588
12 4.23529411764706
12 4.94117647058824
12 5.64705882352941
12 6.35294117647059
12 7.05882352941176
12 7.76470588235294
12 8.47058823529412
12 9.17647058823529
12 9.88235294117647
12 10.5882352941176
12 11.2941176470588
12 12
11.2941176470588 12
10.5882352941176 12
9.88235294117647 12
9.17647058823529 12
8.47058823529412 12
7.76470588235294 12
7.05882352941176 12
6.35294117647059 12
5.64705882352941 12
4.94117647058824 12
4.23529411764706 12
3.52941176470588 12
2.82352941176471 12
2.11764705882353 12
1.41176470588235 12
0.705882352941177 12
0 12
0 11.2941176470588
0 10.5882352941176
0 9.88235294117647
0 9.17647058823529
0 8.47058823529412
0 7.76470588235294
0 7.05882352941176
0 6.35294117647059
-0 5.64705882352941
-0 4.94117647058824
-0 4.23529411764706
-0 3.52941176470588
-0 2.82352941176471
-0 2.11764705882353
-0 1.41176470588235
-0 0.705882352941177
3.72727528707687 2.55281995695241
5.61314632643977 11.4706450799358
3.27075320335389 6.20574893547933
2.75819844940377 7.88497578566257
1.00375620677603 5.6486205105927
4.09204722611952 11.1212676269797
1.56497342045491 11.4731877693152
3.07994338114215 6.62168448328206
2.7909292930103 3.14626772773546
2.26099830212312 1.51303351303621
4.81417696237628 8.86064739109432
1.25901799329029 9.88279196039797
4.18316536283799 6.61450047559802
3.0696695969854 4.54126686102978
4.55785814561224 8.08655217773021
3.48556785538545 4.05666256279963
4.33884360817571 2.8147404563258
2.21499040115586 0.170316585826276
4.30546012424483 3.84851095502903
1.98052845459087 10.0784048286816
2.65726246242556 1.91503344131158
2.48716469785322 4.60861755508111
0.575029207783834 5.16192572094286
0.987810845753282 11.7968872288651
0.170592376620184 6.72209616012403
0.128615075071556 9.25204567599384
5.56635410086001 11.8885771739221
2.5924102209076 7.31898992634294
4.94099804232772 11.4354761596075
5.97693850465566 1.61824714317831
2.27720085395612 0.830094764622138
5.71584445365729 6.00552860654018
5.40674069922943 0.323219520074914
2.64718821387121 8.73236898394601
2.07929027569224 2.98569730949099
3.07337780659725 9.04645618701992
3.98515387852309 1.84311171953108
2.27050314381284 6.45585138356985
2.09519586646086 8.05074496627909
0.651508798227023 8.08077395827987
1.52135209210926 1.09361533556643
4.92573485154528 5.16405267438992
3.66757855374324 5.28698919271454
5.93513280105156 10.2290006552747
1.58479498627522 8.82757646339623
3.27954985516895 10.3945890295002
5.07074812409982 8.05829192558519
1.12907482471511 8.08590228820572
5.47268005454072 10.1517770911608
5.37450028172399 4.11886162114094
0.137516187168906 7.78201645701892
0.0951950417582558 10.3068274637281
4.11532771683315 0.361691394088275
2.34718242227609 9.47642189622785
0.834106923466778 4.10526310675291
4.97442394522297 2.26485046244289
5.34405997980905 9.42981531947376
3.32176515308741 10.9548500395123
3.49137997252961 9.74519398462038
0.809188719153766 2.74403308598804
3.18933511044065 1.27115576716194
2.04956482826305 2.33944055680143
2.54444759957401 6.80522957858002
4.49604444302919 7.4896616660964
5.73545148611093 5.16765088526622
4.8930561190567 5.63875538395178
0.869992149903811 9.69459227112809
0.116257961495625 4.00903137109853
5.88417150257525 0.898312035516385
3.51806607399337 8.76684578843487
0.899401344188196 8.53566974096995
5.01110369766454 1.15241321533653
1.76668330442036 9.72290630743921
3.15986305732223 0.136398362627185
2.11599867035123 5.1459836734478
1.12117447258851 11.3003307301488
1.02400913063085 7.5534669432963
2.26979305002844 3.47205202301588
4.9217090972717 1.55813759579275
0.578102911533054 3.4968707285323
1.7861020625393 5.6241158221004
3.55282185512629 7.32969194922995
4.73611259454785 10.3754922206648
3.81337712015855 1.03521503474816
3.02458922930563 5.58845489571979
4.61588608531132 3.30447828604922
2.45254418522762 10.1366215121643
4.07610716601422 5.51997752640293
1.37330985471319 5.88012596424786
4.105107366403 1.34997106501902
1.78714647290405 11.0839318517758
5.37941538122549 10.8921871679711
0.880311912084414 0.492137907792654
5.5066362262451 8.70345918148466
1.67100432152595 3.43089219036596
0.47592487094158 10.0769226621899
2.31035255190482 11.5166955190042
1.75811416524543 0.186309583714463
5.77420647201954 8.09806972522544
3.63228285131436 7.7469329090308
2.21527531303102 8.85579556444968
4.87872665181654 11.9195597768473
3.45880074138128 3.05678556707007
0.441424453658057 11.862351530533
1.67762431722315 4.78670374035513
5.53339678095944 7.27232724599578
5.29932847118986 2.66684896213657
4.66991552269255 10.8681295733873
1.70932896227079 8.07196319219305
4.35843977763114 10.2114919957649
0.755077118591408 11.1606306246415
0.599525359948298 7.52817434007021
1.78596358085383 6.78762306962143
3.48592983787338 9.22573754946888
0.339521948259647 11.2048795177979
4.66940854312326 6.32737805828297
0.567414818917164 5.88317319264205
1.43309338464553 4.21038836511563
3.5026266099519 11.7398507274196
0.983749388857743 4.67288049496029
2.91205208657302 11.4350037609807
5.58004685518272 6.51985237307307
4.29951572838195 4.98519483404962
4.99811050301459 2.98869906835034
5.58281894812573 1.38924565692324
2.67245784732201 2.3764964849366
4.12889739517599 4.26639386445578
5.67527662794995 3.22305820829045
8.27272471292313 2.55281995695241
6.38685367356023 11.4706450799358
8.72924679664611 6.20574893547933
9.24180155059623 7.88497578566257
10.996243793224 5.6486205105927
7.90795277388048 11.1212676269797
10.4350265795451 11.4731877693152
8.92005661885785 6.62168448328206
9.2090707069897 3.14626772773546
9.73900169787688 1.51303351303621
7.18582303762372 8.86064739109432
10.7409820067097 9.88279196039797
7.81683463716201 6.61450047559802
8.9303304030146 4.54126686102978
7.44214185438776 8.08655217773021
8.51443214461455 4.05666256279963
7.66115639182429 2.8147404563258
9.78500959884414 0.170316585826276
7.69453987575517 3.84851095502903
10.0194715454091 10.0784048286816
9.34273753757444 1.91503344131158
9.51283530214678 4.60861755508111
11.4249707922162 5.16192572094286
11.0121891542467 11.7968872288651
11.8294076233798 6.72209616012403
11.8713849249284 9.25204567599384
6.43364589913999 11.8885771739221
9.4075897790924 7.31898992634294
7.05900195767228 11.4354761596075
6.02306149534434 1.61824714317831
9.72279914604388 0.830094764622138
6.28415554634271 6.00552860654018
6.59325930077057 0.323219520074914
9.35281178612879 8.73236898394601
9.92070972430776 2.98569730949099
8.92662219340275 9.04645618701992
8.01484612147691 1.84311171953108
9.72949685618716 6.45585138356985
9.90480413353914 8.05074496627909
11.348491201773 8.08077395827987
10.4786479078907 1.09361533556643
7.07426514845472 5.16405267438992
8.33242144625676 5.28698919271454
6.06486719894844 10.2290006552747
10.4152050137248 8.82757646339623
8.72045014483104 10.3945890295002
6.92925187590018 8.05829192558519
10.8709251752849 8.08590228820572
6.52731994545928 10.1517770911608
6.62549971827601 4.11886162114094
11.8624838128311 7.78201645701892
11.9048049582417 10.3068274637281
7.88467228316685 0.361691394088275
9.65281757772391 9.47642189622785
11.1658930765332 4.10526310675291
7.02557605477703 2.26485046244289
6.65594002019095 9.42981531947376
8.67823484691259 10.9548500395123
8.50862002747039 9.74519398462038
11.1908112808462 2.74403308598804
8.81066488955935 1.27115576716194
9.95043517173695 2.33944055680143
9.45555240042599 6.80522957858002
7.50395555697081 7.4896616660964
6.26454851388907 5.16765088526622
7.1069438809433 5.63875538395178
11.1300078500962 9.69459227112809
11.8837420385044 4.00903137109853
6.11582849742475 0.898312035516385
8.48193392600663 8.76684578843487
11.1005986558118 8.53566974096995
6.98889630233546 1.15241321533653
10.2333166955796 9.72290630743921
8.84013694267777 0.136398362627185
9.88400132964877 5.1459836734478
10.8788255274115 11.3003307301488
10.9759908693692 7.5534669432963
9.73020694997156 3.47205202301588
7.0782909027283 1.55813759579275
11.4218970884669 3.4968707285323
10.2138979374607 5.6241158221004
8.44717814487371 7.32969194922995
7.26388740545215 10.3754922206648
8.18662287984145 1.03521503474816
8.97541077069437 5.58845489571979
7.38411391468868 3.30447828604922
9.54745581477238 10.1366215121643
7.92389283398578 5.51997752640293
10.6266901452868 5.88012596424786
7.894892633597 1.34997106501902
10.212853527096 11.0839318517758
6.62058461877451 10.8921871679711
11.1196880879156 0.492137907792654
6.4933637737549 8.70345918148466
10.3289956784741 3.43089219036596
11.5240751290584 10.0769226621899
9.68964744809518 11.5166955190042
10.2418858347546 0.186309583714463
6.22579352798046 8.09806972522544
8.36771714868564 7.7469329090308
9.78472468696898 8.85579556444968
7.12127334818346 11.9195597768473
8.54119925861872 3.05678556707007
11.5585755463419 11.862351530533
10.3223756827768 4.78670374035513
6.46660321904056 7.27232724599578
6.70067152881014 2.66684896213657
7.33008447730745 10.8681295733873
10.2906710377292 8.07196319219305
7.64156022236886 10.2114919957649
11.2449228814086 11.1606306246415
11.4004746400517 7.52817434007021
10.2140364191462 6.78762306962143
8.51407016212662 9.22573754946888
11.6604780517404 11.2048795177979
7.33059145687674 6.32737805828297
11.4325851810828 5.88317319264205
10.5669066153545 4.21038836511563
8.4973733900481 11.7398507274196
11.0162506111423 4.67288049496029
9.08794791342698 11.4350037609807
6.41995314481728 6.51985237307307
7.70048427161805 4.98519483404962
7.00188949698541 2.98869906835034
6.41718105187427 1.38924565692324
9.32754215267799 2.3764964849366
7.87110260482401 4.26639386445578
6.32472337205005 3.22305820829045
