0 0
0.705882352941177 -0
1.41176470588235 -0
2.11764705882353 -0
2.82352941176471 -0
3.52941176470588 -0
4.23529411764706 -0
4.94117647058824 -0
5.64705882352941 -0
6.35294117647059 0
7.05882352941176 0
7.76470588235294 0
8.47058823529412 0
9.17647058823529 0
9.88235294117647 0
10.5882352941176 0
11.2941176470588 0
12 0
12 0.705882352941177
12 1.41176470588235
12 2.11764705882353
12 2.82352941176471
12 3.52941176470588
12 4.23529411764706
12 4.94117647058824
12 5.64705882352941
12 6.35294117647059
12 7.05882352941176
12 7.76470588235294
12 8.47058823529412
12 9.17647058823529
12 9.88235294117647
12 10.5882352941176
12 11.2941176470588
12 12
11.2941176470588 12
10.5882352941176 12
9.88235294117647 12
9.17647058823529 12
8.47058823529412 12
7.76470588235294 12
7.05882352941176 12
6.35294117647059 12
5.64705882352941 12
4.94117647058824 12
4.23529411764706 12
3.52941176470588 12
2.82352941176471 12
2.11764705882353 12
1.41176470588235 12
0.705882352941177 12
0 12
0 11.2941176470588
0 10.5882352941176
0 9.88235294117647
0 9.17647058823529
0 8.47058823529412
0 7.76470588235294
0 7.05882352941176
0 6.35294117647059
-0 5.64705882352941
-0 4.94117647058824
-0 4.23529411764706
-0 3.52941176470588
-0 2.82352941176471
-0 2.11764705882353
-0 1.41176470588235
-0 0.705882352941177
4.54522844426541 5.05617228172004
4.3497508710887 5.55719637796696
4.15744716422411 10.5465216280756
3.71686489742644 11.3270183272715
2.46045688618889 5.2336811954691
3.56305156945673 4.93539039479472
2.06711148139925 1.85115138075788
0.646850295402157 1.57267424106862
1.3270718578889 5.54049473402074
2.99550806841098 0.361619485534962
5.7840664937186 8.58327756584056
4.31209110971882 9.48757207896817
0.0979342636879153 11.7001091653434
0.444834651112608 6.18778847792057
2.80739310454465 4.80994111379351
2.11089242285661 0.900635732906049
4.31758022132566 6.33088339021079
1.96112785086198 5.37449017854029
0.429359925056875 3.82492369121523
2.5783834118366 10.9305890683544
4.72992459231935 11.1996627880877
2.22477984395155 0.46568903799928
3.3622015216732 1.40174032829068
1.59331898812313 5.0455446965374
5.15513565399471 10.1478198505421
2.83991378910571 8.19065765424754
5.68697765323392 9.4575582610756
1.02132596346855 2.25920581423338
3.04902824526939 6.80325150309512
3.8942521802074 10.1077545598675
1.43858042628352 11.7321564500565
5.30017723843253 2.96900144801184
2.61256093345926 0.494550640510456
0.498838848011762 9.95361805719278
0.813185314022568 7.51343895097578
2.62743983300409 3.8702899821935
3.08987988230345 4.44750246085836
2.36316435000571 8.85962553421096
0.334910859140922 4.42665688781986
1.6580568992772 4.38340188261882
0.20941474194235 8.33122911489382
2.54053138877291 7.34279510632296
0.495343594568583 8.70815287414173
0.615715647733823 2.30498968087915
2.84970135859453 7.59825195233374
3.61722564640576 0.214411583565842
3.49201909343085 2.21452906438919
1.03690114258207 0.488212255336684
1.5081280305302 11.1937660119562
1.84795404103581 10.5209541860465
5.05900029810481 11.6963358773517
1.97202705653341 6.18052278462048
3.17113538629309 10.8060789858579
0.44363290052247 6.62463235229224
5.34824183042393 0.120199998631859
4.18583676874016 4.5146057009964
0.194296710969109 5.81903780166602
3.36415860466202 0.507454294787216
1.41981762247794 8.683662082716
2.03028908443649 7.33505752349422
0.85216058406312 3.02553160103361
2.79544345990018 3.53012431302541
4.53990302143153 1.14755484249722
2.71738570305289 3.0898894833915
4.09358203389397 8.26968351672794
4.53646160637921 8.09128790540512
3.89147028819986 4.16777639574615
2.05362407668241 7.91574380302176
4.23917819584748 9.86916949580177
3.2455113692791 3.90548648889901
1.00501853894792 4.16889835179808
5.25599786875662 5.5374603739288
0.161462827472265 1.03041353223656
5.73821737557396 4.03746472315159
1.85692795068732 2.84394986669324
1.84463616059854 3.48488440709252
5.43010050881871 5.98505394708585
5.22282368463201 2.07830645120029
1.07725586754622 9.65555300958948
4.47677626056939 1.8207661627474
2.68686933586459 1.13051929180716
0.107151229147551 7.11083586550496
0.745895155547058 8.00453796093539
4.09364121239869 7.55431918772488
2.38560972080193 9.43938038375227
2.14163711432579 4.16337737689524
5.62867847275049 1.35245503696653
2.11137619811118 4.59114975279604
0.29509749441064 2.72132011719086
1.92247455067922 9.09454800967495
5.85276635139874 4.89895277516778
3.69843171687611 9.77316924746016
5.3276077278899 3.49466095435849
2.47380316035662 4.33920827763849
5.07821493157906 7.49786149042009
2.72760516322713 2.68899230085316
4.65600442203326 9.18559157942719
4.02355672767035 0.341697344705217
4.57502371616144 3.45625458893917
0.680910264006678 0.35892282301458
3.29153382962117 10.0696960494981
1.77038567547604 9.89007058193698
5.0390505622003 0.980530643337782
1.17615240066425 6.82199764397419
3.02669090459752 5.48549194362914
1.56610764041579 7.88151425603094
3.30167366447427 11.8940367125123
5.76727223469563 3.08461697142734
0.948167116154539 1.86464388598792
2.82833796174421 8.65816108985482
3.64412339742806 5.5594486522612
0.711985069561833 5.30755931100135
3.55810235535303 7.43687202020383
3.74763045752835 7.77706919092391
4.50580740284207 2.41459956517667
4.95963630459069 0.491823960196782
0.902445029508339 11.8873763941836
2.55156064664939 1.57729889443972
5.77980721983451 1.84331391254796
4.73017973180875 7.34509375173308
5.28935870861653 7.07057534809352
3.04577869288808 1.7121067246868
2.73675194552373 5.96286343209745
2.57844646176256 11.8403476507151
3.01311498166968 0.763170505623252
1.27673707254076 3.07497413358371
3.94443827061037 0.916158397912316
1.66255253322122 2.3191305418952
7.45477155573459 5.05617228172004
7.6502491289113 5.55719637796696
7.84255283577589 10.5465216280756
8.28313510257357 11.3270183272715
9.53954311381111 5.2336811954691
8.43694843054327 4.93539039479472
9.93288851860075 1.85115138075788
11.3531497045978 1.57267424106862
10.6729281421111 5.54049473402074
9.00449193158902 0.361619485534962
6.2159335062814 8.58327756584056
7.68790889028118 9.48757207896817
11.9020657363121 11.7001091653434
11.5551653488874 6.18778847792057
9.19260689545536 4.80994111379351
9.88910757714339 0.900635732906049
7.68241977867434 6.33088339021079
10.038872149138 5.37449017854029
11.5706400749431 3.82492369121523
9.4216165881634 10.9305890683544
7.27007540768065 11.1996627880877
9.77522015604845 0.46568903799928
8.6377984783268 1.40174032829068
10.4066810118769 5.0455446965374
6.84486434600529 10.1478198505421
9.16008621089429 8.19065765424754
6.31302234676608 9.4575582610756
10.9786740365315 2.25920581423338
8.95097175473061 6.80325150309512
8.1057478197926 10.1077545598675
10.5614195737165 11.7321564500565
6.69982276156747 2.96900144801184
9.38743906654074 0.494550640510456
11.5011611519882 9.95361805719278
11.1868146859774 7.51343895097578
9.37256016699591 3.8702899821935
8.91012011769655 4.44750246085836
9.63683564999429 8.85962553421096
11.6650891408591 4.42665688781986
10.3419431007228 4.38340188261882
11.7905852580577 8.33122911489382
9.45946861122709 7.34279510632296
11.5046564054314 8.70815287414173
11.3842843522662 2.30498968087915
9.15029864140547 7.59825195233374
8.38277435359424 0.214411583565842
8.50798090656915 2.21452906438919
10.9630988574179 0.488212255336684
10.4918719694698 11.1937660119562
10.1520459589642 10.5209541860465
6.94099970189519 11.6963358773517
10.0279729434666 6.18052278462048
8.82886461370691 10.8060789858579
11.5563670994775 6.62463235229224
6.65175816957607 0.120199998631859
7.81416323125984 4.5146057009964
11.8057032890309 5.81903780166602
8.63584139533798 0.507454294787216
10.5801823775221 8.683662082716
9.96971091556351 7.33505752349422
11.1478394159369 3.02553160103361
9.20455654009982 3.53012431302541
7.46009697856847 1.14755484249722
9.28261429694711 3.0898894833915
7.90641796610603 8.26968351672794
7.46353839362079 8.09128790540512
8.10852971180014 4.16777639574615
9.94637592331759 7.91574380302176
7.76082180415252 9.86916949580177
8.7544886307209 3.90548648889901
10.9949814610521 4.16889835179808
6.74400213124338 5.5374603739288
11.8385371725277 1.03041353223656
6.26178262442604 4.03746472315159
10.1430720493127 2.84394986669324
10.1553638394015 3.48488440709252
6.56989949118129 5.98505394708585
6.77717631536799 2.07830645120029
10.9227441324538 9.65555300958948
7.52322373943061 1.8207661627474
9.31313066413541 1.13051929180716
11.8928487708524 7.11083586550496
11.2541048444529 8.00453796093539
7.90635878760131 7.55431918772488
9.61439027919807 9.43938038375227
9.85836288567421 4.16337737689524
6.37132152724951 1.35245503696653
9.88862380188882 4.59114975279604
11.7049025055894 2.72132011719086
10.0775254493208 9.09454800967495
6.14723364860126 4.89895277516778
8.30156828312389 9.77316924746016
6.6723922721101 3.49466095435849
9.52619683964338 4.33920827763849
6.92178506842094 7.49786149042009
9.27239483677287 2.68899230085316
7.34399557796674 9.18559157942719
7.97644327232965 0.341697344705217
7.42497628383856 3.45625458893917
11.3190897359933 0.35892282301458
8.70846617037883 10.0696960494981
10.229614324524 9.89007058193698
6.9609494377997 0.980530643337782
10.8238475993358 6.82199764397419
8.97330909540248 5.48549194362914
10.4338923595842 7.88151425603094
8.69832633552573 11.8940367125123
6.23272776530437 3.08461697142734
11.0518328838455 1.86464388598792
9.17166203825579 8.65816108985482
8.35587660257194 5.5594486522612
11.2880149304382 5.30755931100135
8.44189764464697 7.43687202020383
8.25236954247165 7.77706919092391
7.49419259715793 2.41459956517667
7.04036369540931 0.491823960196782
11.0975549704917 11.8873763941836
9.44843935335061 1.57729889443972
6.22019278016549 1.84331391254796
7.26982026819125 7.34509375173308
6.71064129138347 7.07057534809352
8.95422130711191 1.7121067246868
9.26324805447627 5.96286343209745
9.42155353823744 11.8403476507151
8.98688501833032 0.763170505623252
10.7232629274592 3.07497413358371
8.05556172938963 0.916158397912316
10.3374474667788 2.3191305418952
