0 0
0.705882352941177 -0
1.41176470588235 -0
2.11764705882353 -0
2.82352941176471 -0
3.52941176470588 -0
4.23529411764706 -0
4.94117647058824 -0
5.64705882352941 -0
6.35294117647059 0
7.05882352941176 0
7.76470588235294 0
8.47058823529412 0
9.17647058823529 0
9.88235294117647 0
10.5882352941176 0
11.2941176470588 0
12 0
12 0.705882352941177
12 1.41176470588235
12 2.11764705882353
12 2.82352941176471
12 3.52941176470588
12 4.23529411764706
12 4.94117647058824
12 5.64705882352941
12 6.35294117647059
12 7.05882352941176
12 7.76470588235294
12 8.47058823529412
12 9.17647058823529
12 9.88235294117647
12 10.5882352941176
12 11.2941176470588
12 12
11.2941176470588 12
10.5882352941176 12
9.88235294117647 12
9.17647058823529 12
8.47058823529412 12
7.76470588235294 12
7.05882352941176 12
6.35294117647059 12
5.64705882352941 12
4.94117647058824 12
4.23529411764706 12
3.52941176470588 12
2.82352941176471 12
2.11764705882353 12
1.41176470588235 12
0.705882352941177 12
0 12
0 11.2941176470588
0 10.5882352941176
0 9.88235294117647
0 9.17647058823529
0 8.47058823529412
0 7.76470588235294
0 7.05882352941176
0 6.35294117647059
-0 5.64705882352941
-0 4.94117647058824
-0 4.23529411764706
-0 3.52941176470588
-0 2.82352941176471
-0 2.11764705882353
-0 1.41176470588235
-0 0.705882352941177
4.93457358270784 0.572096885785804
3.90975098483521 4.79289221185984
2.51744591363985 1.77170424072347
4.06551577019699 2.80809683019445
2.1128039704222 8.39311633902045
1.63426326037483 11.7782320941355
3.62099890745007 3.55621530777288
5.83289527309966 4.38385795827997
2.36086965671149 5.26284460426476
1.43230254388936 3.45406430330015
4.88809318489985 11.5902293184885
2.26041417419426 11.2200532078777
0.626217557623949 4.16596285311648
4.61884419553895 2.45052029366449
1.12682902478916 10.0316714453968
3.56694145863157 2.24874125502565
1.81181002152715 2.05713948589711
0.302853393055752 0.502304733281541
3.46667661953058 5.30287409151586
2.29550090034936 9.0486439314804
3.98423349430623 6.99649786921309
3.53176288978113 2.68821610670403
2.5113070071046 5.71755912430369
4.85127949206734 2.80429347654165
5.02737411995852 9.78599581051954
4.03158634982009 0.598322774585001
1.81082826492793 5.84260766911005
2.25222771582806 9.66744274525043
2.77785539406678 0.359315497686615
1.02740659597274 5.00824047928641
5.26638889105903 11.7888116567389
1.91013693426413 4.57961400748847
5.97988980521487 10.2850541769288
1.80412711496966 11.0865891394488
4.14154915070939 10.3451476133359
2.60124305734396 3.44008888540789
1.46574884307262 1.86487130031891
2.86915430549286 7.18933658902241
3.20047238726848 8.1198003379681
3.93415443658134 11.6132407710161
5.05931970235648 3.62386463121216
3.58939932977124 6.63547160418978
1.27710072792987 1.41824197600811
0.803306007339048 6.42740591065916
3.4945047860022 10.4659335924272
1.22424644582306 2.76238214640875
0.326037982515427 6.4114424586581
2.93713373950834 4.82360314491925
4.36432731466879 8.98011865433135
4.05100252804378 1.46743875547357
4.29508852218987 2.2265912505655
1.48485127751054 10.5007617712101
2.70152624024769 3.86197761620432
5.55739094626138 4.93760918413494
5.30796686611704 6.05658619418809
2.57005282537617 8.07050398957574
0.606261548279603 1.33178962066287
4.34730170985805 8.21362416098271
3.57988436071492 1.01348170784537
2.02935132919513 3.85114378164817
2.32934577157122 10.5061427234497
1.50608959324501 9.92906751150218
4.08899280159335 5.6109466109344
2.53236609691806 4.90632763120585
3.18006509845144 5.77046684168772
0.337244106111777 3.1668227820246
5.68290317912798 1.26113488378562
1.63228405356949 0.273395669488624
3.69534011752569 7.78151731185698
1.00050035391034 1.0890093178544
2.37158481397157 6.43278537225704
3.4002251597775 6.0995055395934
1.41991978912968 5.58650906993692
3.48735920007097 4.8948414064783
3.42156999355285 9.06176597826054
0.70459751326403 2.67358047276237
0.830647824831744 11.5407938596047
2.12265477957367 1.03969711237516
1.03971936050437 0.538174223331157
4.88534655446577 10.5490892019403
5.68416543099671 10.8789735725944
5.50187155617552 7.9456467672571
1.68573820961718 4.90605996781298
2.21115568589948 0.522878445066472
0.655784237238369 6.01306523277362
2.9242850424873 8.5012867129365
0.650176938767785 11.1274350008099
2.13529271258556 1.5510974714017
5.89426217593732 2.32507515966869
2.98279467751586 6.34070600933795
3.87315241353087 9.14694506798095
5.9066108329637 3.67437136019187
5.96187680607467 1.88539226261205
4.77428428127291 8.88649024273459
4.97665783251171 7.92657157262704
1.44241416684398 7.08793013538384
0.551163216930749 7.18802105419698
2.53781367310604 9.35278021892577
0.339437491141733 7.72465168779846
0.939623692938125 6.92996211083186
5.878155458144 6.71388333523615
4.79239250306534 1.87517631439453
1.22600961152148 4.45927679613351
4.42797436916166 0.538450682917934
1.9519211257977 3.1496060817914
4.7406357549015 3.34952356433108
5.27936457026777 0.30692012560839
0.836462554307132 2.11129220118023
1.69959890971666 8.20604272497455
5.74587918415562 8.26431604693777
2.87872797284636 10.1307399674178
1.56749612851049 4.14705156409891
3.11655734875077 1.4552354081271
1.47797974003987 7.78673556464913
3.51937609947011 9.89559315709344
1.71562797897771 1.42008726889396
0.699707017860605 3.28588072849148
0.399690491135668 5.23693423158792
4.79931155174769 5.29509751576671
4.8282886362125 7.02317997382312
2.31817905991477 0.117116216649859
0.631761089639812 10.3463837034873
5.56942569626371 2.0972120120931
1.64318379548261 2.92815236747121
0.414945565992472 8.63420906916086
4.54197373708973 9.50594170935273
1.04577054366798 9.15611849554772
4.38492233769905 7.08888927501323
7.06542641729216 0.572096885785804
8.09024901516479 4.79289221185984
9.48255408636015 1.77170424072347
7.93448422980301 2.80809683019445
9.8871960295778 8.39311633902045
10.3657367396252 11.7782320941355
8.37900109254993 3.55621530777288
6.16710472690034 4.38385795827997
9.63913034328851 5.26284460426476
10.5676974561106 3.45406430330015
7.11190681510015 11.5902293184885
9.73958582580574 11.2200532078777
11.3737824423761 4.16596285311648
7.38115580446105 2.45052029366449
10.8731709752108 10.0316714453968
8.43305854136843 2.24874125502565
10.1881899784729 2.05713948589711
11.6971466069442 0.502304733281541
8.53332338046942 5.30287409151586
9.70449909965064 9.0486439314804
8.01576650569377 6.99649786921309
8.46823711021887 2.68821610670403
9.48869299289539 5.71755912430369
7.14872050793266 2.80429347654165
6.97262588004148 9.78599581051954
7.96841365017991 0.598322774585001
10.1891717350721 5.84260766911005
9.74777228417194 9.66744274525043
9.22214460593321 0.359315497686615
10.9725934040273 5.00824047928641
6.73361110894097 11.7888116567389
10.0898630657359 4.57961400748847
6.02011019478513 10.2850541769288
10.1958728850303 11.0865891394488
7.85845084929061 10.3451476133359
9.39875694265604 3.44008888540789
10.5342511569274 1.86487130031891
9.13084569450714 7.18933658902241
8.79952761273153 8.1198003379681
8.06584556341866 11.6132407710161
6.94068029764352 3.62386463121216
8.41060067022876 6.63547160418978
10.7228992720701 1.41824197600811
11.196693992661 6.42740591065916
8.5054952139978 10.4659335924272
10.7757535541769 2.76238214640875
11.6739620174846 6.4114424586581
9.06286626049166 4.82360314491925
7.63567268533121 8.98011865433135
7.94899747195622 1.46743875547357
7.70491147781013 2.2265912505655
10.5151487224895 10.5007617712101
9.29847375975231 3.86197761620432
6.44260905373862 4.93760918413494
6.69203313388296 6.05658619418809
9.42994717462383 8.07050398957574
11.3937384517204 1.33178962066287
7.65269829014195 8.21362416098271
8.42011563928508 1.01348170784537
9.97064867080487 3.85114378164817
9.67065422842878 10.5061427234497
10.493910406755 9.92906751150218
7.91100719840665 5.6109466109344
9.46763390308194 4.90632763120585
8.81993490154856 5.77046684168772
11.6627558938882 3.1668227820246
6.31709682087202 1.26113488378562
10.3677159464305 0.273395669488624
8.30465988247431 7.78151731185698
10.9994996460897 1.0890093178544
9.62841518602843 6.43278537225704
8.5997748402225 6.0995055395934
10.5800802108703 5.58650906993692
8.51264079992903 4.8948414064783
8.57843000644715 9.06176597826054
11.295402486736 2.67358047276237
11.1693521751683 11.5407938596047
9.87734522042633 1.03969711237516
10.9602806394956 0.538174223331157
7.11465344553423 10.5490892019403
6.31583456900329 10.8789735725944
6.49812844382448 7.9456467672571
10.3142617903828 4.90605996781298
9.78884431410052 0.522878445066472
11.3442157627616 6.01306523277362
9.0757149575127 8.5012867129365
11.3498230612322 11.1274350008099
9.86470728741444 1.5510974714017
6.10573782406268 2.32507515966869
9.01720532248414 6.34070600933795
8.12684758646913 9.14694506798095
6.0933891670363 3.67437136019187
6.03812319392533 1.88539226261205
7.22571571872709 8.88649024273459
7.02334216748829 7.92657157262704
10.557585833156 7.08793013538384
11.4488367830693 7.18802105419698
9.46218632689396 9.35278021892577
11.6605625088583 7.72465168779846
11.0603763070619 6.92996211083186
6.121844541856 6.71388333523615
7.20760749693466 1.87517631439453
10.7739903884785 4.45927679613351
7.57202563083834 0.538450682917934
10.0480788742023 3.1496060817914
7.2593642450985 3.34952356433108
6.72063542973223 0.30692012560839
11.1635374456929 2.11129220118023
10.3004010902833 8.20604272497455
6.25412081584438 8.26431604693777
9.12127202715364 10.1307399674178
10.4325038714895 4.14705156409891
8.88344265124923 1.4552354081271
10.5220202599601 7.78673556464913
8.48062390052989 9.89559315709344
10.2843720210223 1.42008726889396
11.3002929821394 3.28588072849148
11.6003095088643 5.23693423158792
7.20068844825231 5.29509751576671
7.1717113637875 7.02317997382312
9.68182094008523 0.117116216649859
11.3682389103602 10.3463837034873
6.43057430373629 2.0972120120931
10.3568162045174 2.92815236747121
11.5850544340075 8.63420906916086
7.45802626291027 9.50594170935273
10.954229456332 9.15611849554772
7.61507766230095 7.08888927501323
