1,2,0,0,0.705882352941177,0
1,68,0,0,0,0.705882352941177
1,86,0,0,0.110618098938105,0.294892968575659
1,189,0,0,2.21700258932653,-0.0397073127619057
2,3,0.705882352941177,0,1.41176470588235,0
2,86,0.705882352941177,0,0.110618098938105,0.294892968575659
2,138,0.705882352941177,0,0.823441530380928,1.08395049432499
2,147,0.705882352941177,0,1.15101347815143,0.376291870389981
2,189,0.705882352941177,0,2.21700258932653,-0.0397073127619057
3,4,1.41176470588235,0,2.11764705882353,0
3,136,1.41176470588235,0,1.45016640651067,0.415042728312153
3,147,1.41176470588235,0,1.15101347815143,0.376291870389981
3,189,1.41176470588235,0,2.21700258932653,-0.0397073127619057
4,136,2.11764705882353,0,1.45016640651067,0.415042728312153
4,152,2.11764705882353,0,2.37809686237007,0.699937268595884
4,189,2.11764705882353,0,2.21700258932653,-0.0397073127619057
5,6,2.82352941176471,0,3.52941176470588,0
5,97,2.82352941176471,0,3.00550245289031,0.414962556510144
5,152,2.82352941176471,0,2.37809686237007,0.699937268595884
5,189,2.82352941176471,0,2.21700258932653,-0.0397073127619057
6,7,3.52941176470588,0,4.23529411764706,0
6,94,3.52941176470588,0,3.94052752629068,0.694440421643825
6,97,3.52941176470588,0,3.00550245289031,0.414962556510144
6,127,3.52941176470588,0,3.43823730189139,0.87183464902184
6,189,3.52941176470588,0,2.21700258932653,-0.0397073127619057
7,8,4.23529411764706,0,4.94117647058824,0
7,94,4.23529411764706,0,3.94052752629068,0.694440421643825
7,172,4.23529411764706,0,4.28126848680872,0.604215388800287
7,189,4.23529411764706,0,2.21700258932653,-0.0397073127619057
8,9,4.94117647058824,0,5.64705882352941,0
8,69,4.94117647058824,0,5.01551475917843,0.769391003432863
8,172,4.94117647058824,0,4.28126848680872,0.604215388800287
8,175,4.94117647058824,0,5.2490116290913,0.256331890314272
8,189,4.94117647058824,0,2.21700258932653,-0.0397073127619057
9,10,5.64705882352941,0,6.35294117647059,0
9,135,5.64705882352941,0,5.77396200265739,1.04866429555033
9,175,5.64705882352941,0,5.2490116290913,0.256331890314272
9,189,5.64705882352941,0,2.21700258932653,-0.0397073127619057
9,263,5.64705882352941,0,6.22603799734261,1.04866429555033
9,317,5.64705882352941,0,9.78299741067346,-0.0397073127619057
10,11,6.35294117647059,0,7.05882352941176,0
10,263,6.35294117647059,0,6.22603799734261,1.04866429555033
10,303,6.35294117647059,0,6.7509883709087,0.256331890314272
10,317,6.35294117647059,0,9.78299741067346,-0.0397073127619057
11,12,7.05882352941176,0,7.76470588235294,0
11,197,7.05882352941176,0,6.98448524082157,0.769391003432863
11,300,7.05882352941176,0,7.71873151319128,0.604215388800287
11,303,7.05882352941176,0,6.7509883709087,0.256331890314272
11,317,7.05882352941176,0,9.78299741067346,-0.0397073127619057
12,13,7.76470588235294,0,8.47058823529412,0
12,222,7.76470588235294,0,8.05947247370932,0.694440421643825
12,300,7.76470588235294,0,7.71873151319128,0.604215388800287
12,317,7.76470588235294,0,9.78299741067346,-0.0397073127619057
13,14,8.47058823529412,0,9.17647058823529,0
13,222,8.47058823529412,0,8.05947247370932,0.694440421643825
13,225,8.47058823529412,0,8.99449754710968,0.414962556510144
13,255,8.47058823529412,0,8.56176269810861,0.87183464902184
13,317,8.47058823529412,0,9.78299741067346,-0.0397073127619057
14,225,9.17647058823529,0,8.99449754710968,0.414962556510144
14,280,9.17647058823529,0,9.62190313762993,0.699937268595884
14,317,9.17647058823529,0,9.78299741067346,-0.0397073127619057
15,16,9.88235294117647,0,10.5882352941176,0
15,264,9.88235294117647,0,10.5498335934893,0.415042728312153
15,280,9.88235294117647,0,9.62190313762993,0.699937268595884
15,317,9.88235294117647,0,9.78299741067346,-0.0397073127619057
16,17,10.5882352941176,0,11.2941176470588,0
16,264,10.5882352941176,0,10.5498335934893,0.415042728312153
16,275,10.5882352941176,0,10.8489865218485,0.376291870389981
16,317,10.5882352941176,0,9.78299741067346,-0.0397073127619057
17,18,11.2941176470588,0,12,0
17,214,11.2941176470588,0,11.8893819010618,0.294892968575659
17,266,11.2941176470588,0,11.1765584696191,1.08395049432499
17,275,11.2941176470588,0,10.8489865218485,0.376291870389981
17,317,11.2941176470588,0,9.78299741067346,-0.0397073127619057
18,19,12,0,12,0.705882352941177
18,214,12,0,11.8893819010618,0.294892968575659
18,317,12,0,9.78299741067346,-0.0397073127619057
19,20,12,0.705882352941177,12,1.41176470588235
19,214,12,0.705882352941177,11.8893819010618,0.294892968575659
19,253,12,0.705882352941177,11.3987972752498,1.36214256183934
19,266,12,0.705882352941177,11.1765584696191,1.08395049432499
20,21,12,1.41176470588235,12,2.11764705882353
20,253,12,1.41176470588235,11.3987972752498,1.36214256183934
21,22,12,2.11764705882353,12,2.82352941176471
21,253,12,2.11764705882353,11.3987972752498,1.36214256183934
21,272,12,2.11764705882353,11.4825789573242,2.70393341393884
21,304,12,2.11764705882353,11.0674197986341,2.13152749529788
22,23,12,2.82352941176471,12,3.52941176470588
22,262,12,2.82352941176471,11.6526382468294,3.26799925261284
22,272,12,2.82352941176471,11.4825789573242,2.70393341393884
23,24,12,3.52941176470588,12,4.23529411764706
23,209,12,3.52941176470588,11.4193118541408,4.01419814723413
23,262,12,3.52941176470588,11.6526382468294,3.26799925261284
24,25,12,4.23529411764706,12,4.94117647058824
24,209,12,4.23529411764706,11.4193118541408,4.01419814723413
25,26,12,4.94117647058824,12,5.64705882352941
25,209,12,4.94117647058824,11.4193118541408,4.01419814723413
25,314,12,4.94117647058824,11.645838920629,5.28246364335263
26,27,12,5.64705882352941,12,6.35294117647059
26,281,12,5.64705882352941,11.5162157627616,6.21541817395009
26,314,12,5.64705882352941,11.645838920629,5.28246364335263
27,28,12,6.35294117647059,12,7.05882352941176
27,243,12,6.35294117647059,11.8661973116022,6.50756010571692
27,281,12,6.35294117647059,11.5162157627616,6.21541817395009
28,29,12,7.05882352941176,12,7.76470588235294
28,243,12,7.05882352941176,11.8661973116022,6.50756010571692
28,293,12,7.05882352941176,11.2060132536575,7.03625634831463
28,295,12,7.05882352941176,11.5695036853289,7.76512227603375
29,30,12,7.76470588235294,12,8.47058823529412
29,295,12,7.76470588235294,11.5695036853289,7.76512227603375
30,31,12,8.47058823529412,12,9.17647058823529
30,295,12,8.47058823529412,11.5695036853289,7.76512227603375
30,321,12,8.47058823529412,11.7115250222428,8.57350318680792
31,32,12,9.17647058823529,12,9.88235294117647
31,321,12,9.17647058823529,11.7115250222428,8.57350318680792
31,323,12,9.17647058823529,10.9137588680967,9.34835378966537
32,33,12,9.88235294117647,12,10.5882352941176
32,211,12,9.88235294117647,10.7062297987402,9.80402438657327
32,318,12,9.88235294117647,11.1658859691837,10.4880307623108
32,323,12,9.88235294117647,10.9137588680967,9.34835378966537
33,34,12,10.5882352941176,12,11.2941176470588
33,283,12,10.5882352941176,11.2891171788793,10.9604938243393
33,318,12,10.5882352941176,11.1658859691837,10.4880307623108
34,35,12,11.2941176470588,12,12
34,273,12,11.2941176470588,11.2907639398742,11.7380879772518
34,283,12,11.2941176470588,11.2891171788793,10.9604938243393
35,36,12,12,11.2941176470588,12
35,227,12,12,6.69314052070568,12.0012822449742
35,273,12,12,11.2907639398742,11.7380879772518
36,37,11.2941176470588,12,10.5882352941176,12
36,227,11.2941176470588,12,6.69314052070568,12.0012822449742
36,273,11.2941176470588,12,11.2907639398742,11.7380879772518
37,38,10.5882352941176,12,9.88235294117647,12
37,202,10.5882352941176,12,10.5023249749193,11.5809379764884
37,227,10.5882352941176,12,6.69314052070568,12.0012822449742
37,273,10.5882352941176,12,11.2907639398742,11.7380879772518
38,39,9.88235294117647,12,9.17647058823529,12
38,202,9.88235294117647,12,10.5023249749193,11.5809379764884
38,208,9.88235294117647,12,9.58276229639397,11.0531120314071
38,227,9.88235294117647,12,6.69314052070568,12.0012822449742
38,230,9.88235294117647,12,10.0744611203244,11.1472950218017
39,40,9.17647058823529,12,8.47058823529412,12
39,208,9.17647058823529,12,9.58276229639397,11.0531120314071
39,227,9.17647058823529,12,6.69314052070568,12.0012822449742
39,236,9.17647058823529,12,8.2125514457716,11.4665348886632
40,41,8.47058823529412,12,7.76470588235294,12
40,227,8.47058823529412,12,6.69314052070568,12.0012822449742
40,236,8.47058823529412,12,8.2125514457716,11.4665348886632
41,42,7.76470588235294,12,7.05882352941176,12
41,207,7.76470588235294,12,7.13720093274721,11.4536410831944
41,227,7.76470588235294,12,6.69314052070568,12.0012822449742
41,236,7.76470588235294,12,8.2125514457716,11.4665348886632
42,207,7.05882352941176,12,7.13720093274721,11.4536410831944
42,227,7.05882352941176,12,6.69314052070568,12.0012822449742
43,44,6.35294117647059,12,5.64705882352941,12
43,99,6.35294117647059,12,5.30685947929432,12.0012822449742
43,227,6.35294117647059,12,6.69314052070568,12.0012822449742
43,277,6.35294117647059,12,6.1488933925327,10.9295618078885
44,99,5.64705882352941,12,5.30685947929432,12.0012822449742
44,149,5.64705882352941,12,5.8511066074673,10.9295618078885
44,277,5.64705882352941,12,6.1488933925327,10.9295618078885
45,46,4.94117647058824,12,4.23529411764706,12
45,79,4.94117647058824,12,4.86279906725279,11.4536410831944
45,99,4.94117647058824,12,5.30685947929432,12.0012822449742
46,47,4.23529411764706,12,3.52941176470588,12
46,79,4.23529411764706,12,4.86279906725279,11.4536410831944
46,99,4.23529411764706,12,5.30685947929432,12.0012822449742
46,108,4.23529411764706,12,3.7874485542284,11.4665348886632
47,48,3.52941176470588,12,2.82352941176471,12
47,99,3.52941176470588,12,5.30685947929432,12.0012822449742
47,108,3.52941176470588,12,3.7874485542284,11.4665348886632
48,49,2.82352941176471,12,2.11764705882353,12
48,80,2.82352941176471,12,2.41723770360602,11.0531120314071
48,99,2.82352941176471,12,5.30685947929432,12.0012822449742
48,108,2.82352941176471,12,3.7874485542284,11.4665348886632
49,50,2.11764705882353,12,1.41176470588235,12
49,74,2.11764705882353,12,1.49767502508071,11.5809379764884
49,80,2.11764705882353,12,2.41723770360602,11.0531120314071
49,99,2.11764705882353,12,5.30685947929432,12.0012822449742
49,102,2.11764705882353,12,1.92553887967554,11.1472950218017
50,51,1.41176470588235,12,0.705882352941177,12
50,74,1.41176470588235,12,1.49767502508071,11.5809379764884
50,99,1.41176470588235,12,5.30685947929432,12.0012822449742
50,145,1.41176470588235,12,0.709236060125862,11.7380879772518
51,52,0.705882352941177,12,0,12
51,99,0.705882352941177,12,5.30685947929432,12.0012822449742
51,145,0.705882352941177,12,0.709236060125862,11.7380879772518
52,53,0,12,0,11.2941176470588
52,99,0,12,5.30685947929432,12.0012822449742
52,145,0,12,0.709236060125862,11.7380879772518
53,54,0,11.2941176470588,0,10.5882352941176
53,145,0,11.2941176470588,0.709236060125862,11.7380879772518
53,155,0,11.2941176470588,0.710882821120726,10.9604938243393
54,55,0,10.5882352941176,0,9.88235294117647
54,155,0,10.5882352941176,0.710882821120726,10.9604938243393
54,190,0,10.5882352941176,0.834114030816283,10.4880307623108
55,56,0,9.88235294117647,0,9.17647058823529
55,83,0,9.88235294117647,1.29377020125975,9.80402438657327
55,190,0,9.88235294117647,0.834114030816283,10.4880307623108
55,195,0,9.88235294117647,1.08624113190327,9.34835378966537
56,57,0,9.17647058823529,0,8.47058823529412
56,193,0,9.17647058823529,0.288474977757178,8.57350318680792
56,195,0,9.17647058823529,1.08624113190327,9.34835378966537
57,58,0,8.47058823529412,0,7.76470588235294
57,167,0,8.47058823529412,0.430496314671145,7.76512227603375
57,193,0,8.47058823529412,0.288474977757178,8.57350318680792
58,59,0,7.76470588235294,0,7.05882352941176
58,167,0,7.76470588235294,0.430496314671145,7.76512227603375
59,60,0,7.05882352941176,0,6.35294117647059
59,115,0,7.05882352941176,0.13380268839778,6.50756010571692
59,165,0,7.05882352941176,0.793986746342514,7.03625634831463
59,167,0,7.05882352941176,0.430496314671145,7.76512227603375
60,61,0,6.35294117647059,0,5.64705882352941
60,115,0,6.35294117647059,0.13380268839778,6.50756010571692
60,153,0,6.35294117647059,0.483784237238369,6.21541817395009
61,62,0,5.64705882352941,0,4.94117647058824
61,153,0,5.64705882352941,0.483784237238369,6.21541817395009
61,186,0,5.64705882352941,0.354161079370962,5.28246364335263
62,63,0,4.94117647058824,0,4.23529411764706
62,81,0,4.94117647058824,0.580688145859243,4.01419814723413
62,186,0,4.94117647058824,0.354161079370962,5.28246364335263
63,64,0,4.23529411764706,0,3.52941176470588
63,81,0,4.23529411764706,0.580688145859243,4.01419814723413
64,65,0,3.52941176470588,0,2.82352941176471
64,81,0,3.52941176470588,0.580688145859243,4.01419814723413
64,134,0,3.52941176470588,0.347361753170601,3.26799925261284
65,66,0,2.82352941176471,0,2.11764705882353
65,134,0,2.82352941176471,0.347361753170601,3.26799925261284
65,144,0,2.82352941176471,0.517421042675795,2.70393341393884
66,67,0,2.11764705882353,0,1.41176470588235
66,125,0,2.11764705882353,0.601202724750191,1.36214256183934
66,144,0,2.11764705882353,0.517421042675795,2.70393341393884
66,176,0,2.11764705882353,0.932580201365956,2.13152749529788
67,68,0,1.41176470588235,0,0.705882352941177
67,125,0,1.41176470588235,0.601202724750191,1.36214256183934
68,86,0,0.705882352941177,0.110618098938105,0.294892968575659
68,125,0,0.705882352941177,0.601202724750191,1.36214256183934
68,138,0,0.705882352941177,0.823441530380928,1.08395049432499
69,118,5.01551475917843,0.769391003432863,3.87900252804378,1.37637993194416
69,135,5.01551475917843,0.769391003432863,5.77396200265739,1.04866429555033
69,170,5.01551475917843,0.769391003432863,4.70639250306534,2.07247043204159
69,172,5.01551475917843,0.769391003432863,4.28126848680872,0.604215388800287
69,175,5.01551475917843,0.769391003432863,5.2490116290913,0.256331890314272
69,191,5.01551475917843,0.769391003432863,5.34177863744018,1.96568260032839
70,75,3.9046921613058,4.59559809421278,3.63617537803831,3.55621530777288
70,109,3.9046921613058,4.59559809421278,5.09473146706236,3.64409992532981
70,116,3.9046921613058,4.59559809421278,3.14960432774363,4.85901490962513
70,121,3.9046921613058,4.59559809421278,2.8330556520124,3.97327173385138
70,131,3.9046921613058,4.59559809421278,3.87146338982864,5.60588778740499
70,142,3.9046921613058,4.59559809421278,3.50759449418862,5.08707670059595
70,174,3.9046921613058,4.59559809421278,4.74569457843091,3.49622944668402
70,187,3.9046921613058,4.59559809421278,4.6323703752771,5.35074457459024
71,85,2.33532826658103,2.02464541719406,1.73086884505656,2.20384536825005
71,90,2.33532826658103,2.02464541719406,3.44576288978113,2.62245140082168
71,104,2.33532826658103,2.02464541719406,2.65689011616749,3.51597123834907
71,156,2.33532826658103,2.02464541719406,2.15552800670321,1.34368570669582
71,173,2.33532826658103,2.02464541719406,1.89627406697417,3.17490019943846
71,181,2.33532826658103,2.02464541719406,3.12667499580959,1.62217658459769
72,75,4.29316282902052,2.94974388901798,3.63617537803831,3.55621530777288
72,82,4.29316282902052,2.94974388901798,4.50249125436248,2.27346147013508
72,84,4.29316282902052,2.94974388901798,3.76929439980804,2.26391772561389
72,90,4.29316282902052,2.94974388901798,3.44576288978113,2.62245140082168
72,92,4.29316282902052,2.94974388901798,5.10422066853793,2.93582288830636
72,119,4.29316282902052,2.94974388901798,4.41144146336634,2.23165007409491
72,174,4.29316282902052,2.94974388901798,4.74569457843091,3.49622944668402
73,88,2.31009808806926,8.21099869196163,2.3106773709376,9.15487922559805
73,106,2.31009808806926,8.21099869196163,3.10691901137521,7.25004247137535
73,124,2.31009808806926,8.21099869196163,2.75722929596441,8.13626869545809
73,154,2.31009808806926,8.21099869196163,3.08110857189906,8.75422788940709
73,164,2.31009808806926,8.21099869196163,1.56888475507927,7.08793013538384
73,166,2.31009808806926,8.21099869196163,2.37593132016486,9.16560374833753
73,177,2.31009808806926,8.21099869196163,1.46183420383431,8.39321919556279
73,182,2.31009808806926,8.21099869196163,1.49821503415752,7.92838262347266
74,102,1.49767502508071,11.5809379764884,1.92553887967554,11.1472950218017
74,120,1.49767502508071,11.5809379764884,1.4241453951576,10.4299382417983
74,145,1.49767502508071,11.5809379764884,0.709236060125862,11.7380879772518
74,155,1.49767502508071,11.5809379764884,0.710882821120726,10.9604938243393
75,90,3.63617537803831,3.55621530777288,3.44576288978113,2.62245140082168
75,104,3.63617537803831,3.55621530777288,2.65689011616749,3.51597123834907
75,121,3.63617537803831,3.55621530777288,2.8330556520124,3.97327173385138
75,174,3.63617537803831,3.55621530777288,4.74569457843091,3.49622944668402
76,109,5.75701292015848,4.59126972298585,5.09473146706236,3.64409992532981
76,122,5.75701292015848,4.59126972298585,5.6535085933202,4.79596212531141
76,160,5.75701292015848,4.59126972298585,5.81049318590488,3.42648900725069
76,204,5.75701292015848,4.59126972298585,6.24298707984152,4.59126972298585
76,288,5.75701292015848,4.59126972298585,6.18950681409512,3.42648900725069
77,91,2.19898730377031,5.34378578073535,2.55683641886931,5.75802971253898
77,95,2.19898730377031,5.34378578073535,1.98788708845734,5.7768429632277
77,100,2.19898730377031,5.34378578073535,1.98601928720531,4.33679047807671
77,132,2.19898730377031,5.34378578073535,2.71448374397688,5.12385704297056
77,141,2.19898730377031,5.34378578073535,1.59191978912968,5.69274436405457
77,151,2.19898730377031,5.34378578073535,1.45303232726424,4.77453055604827
78,81,1.29065548506583,3.40853489153544,0.580688145859243,4.01419814723413
78,114,1.29065548506583,3.40853489153544,1.10789350464659,2.68649979346757
78,128,1.29065548506583,3.40853489153544,2.19629250566572,3.73984966400111
78,180,1.29065548506583,3.40853489153544,1.76479024615755,4.3139927405695
78,185,1.29065548506583,3.40853489153544,0.927354076684134,3.05317484613854
78,192,1.29065548506583,3.40853489153544,1.74941908960026,3.15579942629474
79,99,4.86279906725279,11.4536410831944,5.30685947929432,12.0012822449742
79,108,4.86279906725279,11.4536410831944,3.7874485542284,11.4665348886632
79,148,4.86279906725279,11.4536410831944,4.97134655446577,10.4428539078227
79,149,4.86279906725279,11.4536410831944,5.8511066074673,10.9295618078885
80,102,2.41723770360602,11.0531120314071,1.92553887967554,11.1472950218017
80,108,2.41723770360602,11.0531120314071,3.7874485542284,11.4665348886632
80,129,2.41723770360602,11.0531120314071,2.28381635980651,10.4960250763909
80,179,2.41723770360602,11.0531120314071,2.96978679637577,10.292622320359
81,98,0.580688145859243,4.01419814723413,1.14375953714921,5.16506400869817
81,134,0.580688145859243,4.01419814723413,0.347361753170601,3.26799925261284
81,171,0.580688145859243,4.01419814723413,1.41824490563913,4.69704150201586
81,180,0.580688145859243,4.01419814723413,1.76479024615755,4.3139927405695
81,185,0.580688145859243,4.01419814723413,0.927354076684134,3.05317484613854
81,186,0.580688145859243,4.01419814723413,0.354161079370962,5.28246364335263
82,92,4.50249125436248,2.27346147013508,5.10422066853793,2.93582288830636
82,119,4.50249125436248,2.27346147013508,4.41144146336634,2.23165007409491
82,170,4.50249125436248,2.27346147013508,4.70639250306534,2.07247043204159
83,120,1.29377020125975,9.80402438657327,1.4241453951576,10.4299382417983
83,130,1.29377020125975,9.80402438657327,1.47067782853913,9.85824398209041
83,190,1.29377020125975,9.80402438657327,0.834114030816283,10.4880307623108
83,195,1.29377020125975,9.80402438657327,1.08624113190327,9.34835378966537
84,90,3.76929439980804,2.26391772561389,3.44576288978113,2.62245140082168
84,118,3.76929439980804,2.26391772561389,3.87900252804378,1.37637993194416
84,119,3.76929439980804,2.26391772561389,4.41144146336634,2.23165007409491
84,181,3.76929439980804,2.26391772561389,3.12667499580959,1.62217658459769
85,105,1.73086884505656,2.20384536825005,1.49610178424909,2.09757718267185
85,114,1.73086884505656,2.20384536825005,1.10789350464659,2.68649979346757
85,156,1.73086884505656,2.20384536825005,2.15552800670321,1.34368570669582
85,173,1.73086884505656,2.20384536825005,1.89627406697417,3.17490019943846
85,184,1.73086884505656,2.20384536825005,1.60939268486006,1.38467550418808
85,192,1.73086884505656,2.20384536825005,1.74941908960026,3.15579942629474
86,138,0.110618098938105,0.294892968575659,0.823441530380928,1.08395049432499
87,131,3.66397073717764,5.51534467975115,3.87146338982864,5.60588778740499
87,133,3.66397073717764,5.51534467975115,3.14971215727497,5.91211390051125
87,140,3.66397073717764,5.51534467975115,3.41034280683632,5.98315259841693
87,142,3.66397073717764,5.51534467975115,3.50759449418862,5.08707670059595
88,96,2.3106773709376,9.15487922559805,2.08528653935747,9.64720745113278
88,166,2.3106773709376,9.15487922559805,2.37593132016486,9.16560374833753
88,177,2.3106773709376,9.15487922559805,1.46183420383431,8.39321919556279
88,195,2.3106773709376,9.15487922559805,1.08624113190327,9.34835378966537
89,106,3.89317467077682,7.08249786921309,3.10691901137521,7.25004247137535
89,110,3.89317467077682,7.08249786921309,3.41234050624183,6.86817748654272
89,126,3.89317467077682,7.08249786921309,4.17024288632864,8.09221239627683
89,131,3.89317467077682,7.08249786921309,3.87146338982864,5.60588778740499
89,137,3.89317467077682,7.08249786921309,3.5283989410551,7.68539966479816
89,140,3.89317467077682,7.08249786921309,3.41034280683632,5.98315259841693
89,196,3.89317467077682,7.08249786921309,4.33939292593434,7.08888927501323
90,104,3.44576288978113,2.62245140082168,2.65689011616749,3.51597123834907
90,181,3.44576288978113,2.62245140082168,3.12667499580959,1.62217658459769
91,95,2.55683641886931,5.75802971253898,1.98788708845734,5.7768429632277
91,132,2.55683641886931,5.75802971253898,2.71448374397688,5.12385704297056
91,133,2.55683641886931,5.75802971253898,3.14971215727497,5.91211390051125
91,139,2.55683641886931,5.75802971253898,2.53852599044216,6.61996184284528
91,158,2.55683641886931,5.75802971253898,2.83102997163351,6.16870600933795
92,109,5.10422066853793,2.93582288830636,5.09473146706236,3.64409992532981
92,157,5.10422066853793,2.93582288830636,5.91955629358438,2.22389868908045
92,160,5.10422066853793,2.93582288830636,5.81049318590488,3.42648900725069
92,170,5.10422066853793,2.93582288830636,4.70639250306534,2.07247043204159
92,174,5.10422066853793,2.93582288830636,4.74569457843091,3.49622944668402
92,191,5.10422066853793,2.93582288830636,5.34177863744018,1.96568260032839
93,117,4.91102117878205,9.58870169287248,4.60209202055114,9.03070688962547
93,148,4.91102117878205,9.58870169287248,4.97134655446577,10.4428539078227
93,162,4.91102117878205,9.58870169287248,4.86028428127291,8.65884318391106
93,194,4.91102117878205,9.58870169287248,4.31938550179561,9.74370641523508
93,229,4.91102117878205,9.58870169287248,5.90375725360866,10.1990541769288
93,306,4.91102117878205,9.58870169287248,5.99106199231497,8.10243369399659
94,118,3.94052752629068,0.694440421643825,3.87900252804378,1.37637993194416
94,127,3.94052752629068,0.694440421643825,3.43823730189139,0.87183464902184
94,172,3.94052752629068,0.694440421643825,4.28126848680872,0.604215388800287
95,139,1.98788708845734,5.7768429632277,2.53852599044216,6.61996184284528
95,141,1.98788708845734,5.7768429632277,1.59191978912968,5.69274436405457
95,164,1.98788708845734,5.7768429632277,1.56888475507927,7.08793013538384
96,129,2.08528653935747,9.64720745113278,2.28381635980651,10.4960250763909
96,130,2.08528653935747,9.64720745113278,1.47067782853913,9.85824398209041
96,166,2.08528653935747,9.64720745113278,2.37593132016486,9.16560374833753
96,179,2.08528653935747,9.64720745113278,2.96978679637577,10.292622320359
96,195,2.08528653935747,9.64720745113278,1.08624113190327,9.34835378966537
97,127,3.00550245289031,0.414962556510144,3.43823730189139,0.87183464902184
97,152,3.00550245289031,0.414962556510144,2.37809686237007,0.699937268595884
98,141,1.14375953714921,5.16506400869817,1.59191978912968,5.69274436405457
98,151,1.14375953714921,5.16506400869817,1.45303232726424,4.77453055604827
98,153,1.14375953714921,5.16506400869817,0.483784237238369,6.21541817395009
98,171,1.14375953714921,5.16506400869817,1.41824490563913,4.69704150201586
98,186,1.14375953714921,5.16506400869817,0.354161079370962,5.28246364335263
99,149,5.30685947929432,12.0012822449742,5.8511066074673,10.9295618078885
99,227,5.30685947929432,12.0012822449742,6.69314052070568,12.0012822449742
100,121,1.98601928720531,4.33679047807671,2.8330556520124,3.97327173385138
100,128,1.98601928720531,4.33679047807671,2.19629250566572,3.73984966400111
100,132,1.98601928720531,4.33679047807671,2.71448374397688,5.12385704297056
100,151,1.98601928720531,4.33679047807671,1.45303232726424,4.77453055604827
100,180,1.98601928720531,4.33679047807671,1.76479024615755,4.3139927405695
101,149,6.09624274639134,10.1990541769288,5.8511066074673,10.9295618078885
101,178,6.09624274639134,10.1990541769288,6.00893800768503,8.10243369399659
101,221,6.09624274639134,10.1990541769288,7.08897882121795,9.58870169287248
101,229,6.09624274639134,10.1990541769288,5.90375725360866,10.1990541769288
101,276,6.09624274639134,10.1990541769288,7.02865344553423,10.4428539078227
101,277,6.09624274639134,10.1990541769288,6.1488933925327,10.9295618078885
102,120,1.92553887967554,11.1472950218017,1.4241453951576,10.4299382417983
102,129,1.92553887967554,11.1472950218017,2.28381635980651,10.4960250763909
103,108,4.1010785624741,10.1225593780418,3.7874485542284,11.4665348886632
103,113,4.1010785624741,10.1225593780418,3.63109302129632,10.2635806512507
103,148,4.1010785624741,10.1225593780418,4.97134655446577,10.4428539078227
103,183,4.1010785624741,10.1225593780418,3.66102315829364,9.93606374532873
103,194,4.1010785624741,10.1225593780418,4.31938550179561,9.74370641523508
104,121,2.65689011616749,3.51597123834907,2.8330556520124,3.97327173385138
104,128,2.65689011616749,3.51597123834907,2.19629250566572,3.73984966400111
104,173,2.65689011616749,3.51597123834907,1.89627406697417,3.17490019943846
105,111,1.49610178424909,2.09757718267185,1.14051249263575,1.43341844659635
105,114,1.49610178424909,2.09757718267185,1.10789350464659,2.68649979346757
105,176,1.49610178424909,2.09757718267185,0.932580201365956,2.13152749529788
105,184,1.49610178424909,2.09757718267185,1.60939268486006,1.38467550418808
106,110,3.10691901137521,7.25004247137535,3.41234050624183,6.86817748654272
106,124,3.10691901137521,7.25004247137535,2.75722929596441,8.13626869545809
106,137,3.10691901137521,7.25004247137535,3.5283989410551,7.68539966479816
106,139,3.10691901137521,7.25004247137535,2.53852599044216,6.61996184284528
106,164,3.10691901137521,7.25004247137535,1.56888475507927,7.08793013538384
107,124,3.27635474020966,8.35756504385045,2.75722929596441,8.13626869545809
107,126,3.27635474020966,8.35756504385045,4.17024288632864,8.09221239627683
107,137,3.27635474020966,8.35756504385045,3.5283989410551,7.68539966479816
107,143,3.27635474020966,8.35756504385045,3.66439352296461,9.24388362531936
107,154,3.27635474020966,8.35756504385045,3.08110857189906,8.75422788940709
107,159,3.27635474020966,8.35756504385045,4.12609359000146,9.00529800915742
108,113,3.7874485542284,11.4665348886632,3.63109302129632,10.2635806512507
108,148,3.7874485542284,11.4665348886632,4.97134655446577,10.4428539078227
108,179,3.7874485542284,11.4665348886632,2.96978679637577,10.292622320359
109,122,5.09473146706236,3.64409992532981,5.6535085933202,4.79596212531141
109,160,5.09473146706236,3.64409992532981,5.81049318590488,3.42648900725069
109,174,5.09473146706236,3.64409992532981,4.74569457843091,3.49622944668402
109,187,5.09473146706236,3.64409992532981,4.6323703752771,5.35074457459024
110,139,3.41234050624183,6.86817748654272,2.53852599044216,6.61996184284528
110,140,3.41234050624183,6.86817748654272,3.41034280683632,5.98315259841693
110,158,3.41234050624183,6.86817748654272,2.83102997163351,6.16870600933795
111,125,1.14051249263575,1.43341844659635,0.601202724750191,1.36214256183934
111,138,1.14051249263575,1.43341844659635,0.823441530380928,1.08395049432499
111,176,1.14051249263575,1.43341844659635,0.932580201365956,2.13152749529788
111,184,1.14051249263575,1.43341844659635,1.60939268486006,1.38467550418808
112,115,0.848835419103754,6.59940591065916,0.13380268839778,6.50756010571692
112,141,0.848835419103754,6.59940591065916,1.59191978912968,5.69274436405457
112,153,0.848835419103754,6.59940591065916,0.483784237238369,6.21541817395009
112,164,0.848835419103754,6.59940591065916,1.56888475507927,7.08793013538384
112,165,0.848835419103754,6.59940591065916,0.793986746342514,7.03625634831463
112,168,0.848835419103754,6.59940591065916,1.07621192823224,7.15760916965539
113,179,3.63109302129632,10.2635806512507,2.96978679637577,10.292622320359
113,183,3.63109302129632,10.2635806512507,3.66102315829364,9.93606374532873
114,144,1.10789350464659,2.68649979346757,0.517421042675795,2.70393341393884
114,176,1.10789350464659,2.68649979346757,0.932580201365956,2.13152749529788
114,185,1.10789350464659,2.68649979346757,0.927354076684134,3.05317484613854
114,192,1.10789350464659,2.68649979346757,1.74941908960026,3.15579942629474
115,153,0.13380268839778,6.50756010571692,0.483784237238369,6.21541817395009
115,165,0.13380268839778,6.50756010571692,0.793986746342514,7.03625634831463
116,121,3.14960432774363,4.85901490962513,2.8330556520124,3.97327173385138
116,132,3.14960432774363,4.85901490962513,2.71448374397688,5.12385704297056
116,142,3.14960432774363,4.85901490962513,3.50759449418862,5.08707670059595
117,159,4.60209202055114,9.03070688962547,4.12609359000146,9.00529800915742
117,162,4.60209202055114,9.03070688962547,4.86028428127291,8.65884318391106
117,194,4.60209202055114,9.03070688962547,4.31938550179561,9.74370641523508
118,119,3.87900252804378,1.37637993194416,4.41144146336634,2.23165007409491
118,127,3.87900252804378,1.37637993194416,3.43823730189139,0.87183464902184
118,170,3.87900252804378,1.37637993194416,4.70639250306534,2.07247043204159
118,172,3.87900252804378,1.37637993194416,4.28126848680872,0.604215388800287
118,181,3.87900252804378,1.37637993194416,3.12667499580959,1.62217658459769
119,170,4.41144146336634,2.23165007409491,4.70639250306534,2.07247043204159
120,129,1.4241453951576,10.4299382417983,2.28381635980651,10.4960250763909
120,130,1.4241453951576,10.4299382417983,1.47067782853913,9.85824398209041
120,155,1.4241453951576,10.4299382417983,0.710882821120726,10.9604938243393
120,190,1.4241453951576,10.4299382417983,0.834114030816283,10.4880307623108
121,128,2.8330556520124,3.97327173385138,2.19629250566572,3.73984966400111
121,132,2.8330556520124,3.97327173385138,2.71448374397688,5.12385704297056
122,123,5.6535085933202,4.79596212531141,5.35349627788175,6.12740972359985
122,187,5.6535085933202,4.79596212531141,4.6323703752771,5.35074457459024
122,204,5.6535085933202,4.79596212531141,6.24298707984152,4.59126972298585
122,250,5.6535085933202,4.79596212531141,6.3464914066798,4.79596212531141
123,169,5.35349627788175,6.12740972359985,5.74662604637929,6.73917745288321
123,187,5.35349627788175,6.12740972359985,4.6323703752771,5.35074457459024
123,188,5.35349627788175,6.12740972359985,4.73217098915368,6.84612115029371
123,250,5.35349627788175,6.12740972359985,6.3464914066798,4.79596212531141
123,251,5.35349627788175,6.12740972359985,6.64650372211825,6.12740972359985
123,297,5.35349627788175,6.12740972359985,6.25337395362071,6.73917745288321
124,137,2.75722929596441,8.13626869545809,3.5283989410551,7.68539966479816
124,154,2.75722929596441,8.13626869545809,3.08110857189906,8.75422788940709
125,138,0.601202724750191,1.36214256183934,0.823441530380928,1.08395049432499
125,176,0.601202724750191,1.36214256183934,0.932580201365956,2.13152749529788
126,137,4.17024288632864,8.09221239627683,3.5283989410551,7.68539966479816
126,159,4.17024288632864,8.09221239627683,4.12609359000146,9.00529800915742
126,162,4.17024288632864,8.09221239627683,4.86028428127291,8.65884318391106
126,163,4.17024288632864,8.09221239627683,5.22454018545289,7.94680686674469
126,196,4.17024288632864,8.09221239627683,4.33939292593434,7.08888927501323
127,152,3.43823730189139,0.87183464902184,2.37809686237007,0.699937268595884
127,181,3.43823730189139,0.87183464902184,3.12667499580959,1.62217658459769
128,173,2.19629250566572,3.73984966400111,1.89627406697417,3.17490019943846
128,180,2.19629250566572,3.73984966400111,1.76479024615755,4.3139927405695
128,192,2.19629250566572,3.73984966400111,1.74941908960026,3.15579942629474
129,130,2.28381635980651,10.4960250763909,1.47067782853913,9.85824398209041
129,179,2.28381635980651,10.4960250763909,2.96978679637577,10.292622320359
130,195,1.47067782853913,9.85824398209041,1.08624113190327,9.34835378966537
131,140,3.87146338982864,5.60588778740499,3.41034280683632,5.98315259841693
131,142,3.87146338982864,5.60588778740499,3.50759449418862,5.08707670059595
131,187,3.87146338982864,5.60588778740499,4.6323703752771,5.35074457459024
131,188,3.87146338982864,5.60588778740499,4.73217098915368,6.84612115029371
131,196,3.87146338982864,5.60588778740499,4.33939292593434,7.08888927501323
132,133,2.71448374397688,5.12385704297056,3.14971215727497,5.91211390051125
132,142,2.71448374397688,5.12385704297056,3.50759449418862,5.08707670059595
133,140,3.14971215727497,5.91211390051125,3.41034280683632,5.98315259841693
133,142,3.14971215727497,5.91211390051125,3.50759449418862,5.08707670059595
133,158,3.14971215727497,5.91211390051125,2.83102997163351,6.16870600933795
134,144,0.347361753170601,3.26799925261284,0.517421042675795,2.70393341393884
134,185,0.347361753170601,3.26799925261284,0.927354076684134,3.05317484613854
135,161,5.77396200265739,1.04866429555033,5.92646504136879,2.13327461555323
135,175,5.77396200265739,1.04866429555033,5.2490116290913,0.256331890314272
135,191,5.77396200265739,1.04866429555033,5.34177863744018,1.96568260032839
135,263,5.77396200265739,1.04866429555033,6.22603799734261,1.04866429555033
135,289,5.77396200265739,1.04866429555033,6.07353495863121,2.13327461555323
136,138,1.45016640651067,0.415042728312153,0.823441530380928,1.08395049432499
136,146,1.45016640651067,0.415042728312153,2.08724301486779,1.21675593590457
136,147,1.45016640651067,0.415042728312153,1.15101347815143,0.376291870389981
136,152,1.45016640651067,0.415042728312153,2.37809686237007,0.699937268595884
136,184,1.45016640651067,0.415042728312153,1.60939268486006,1.38467550418808
138,147,0.823441530380928,1.08395049432499,1.15101347815143,0.376291870389981
138,184,0.823441530380928,1.08395049432499,1.60939268486006,1.38467550418808
139,158,2.53852599044216,6.61996184284528,2.83102997163351,6.16870600933795
139,164,2.53852599044216,6.61996184284528,1.56888475507927,7.08793013538384
140,158,3.41034280683632,5.98315259841693,2.83102997163351,6.16870600933795
141,151,1.59191978912968,5.69274436405457,1.45303232726424,4.77453055604827
141,153,1.59191978912968,5.69274436405457,0.483784237238369,6.21541817395009
141,164,1.59191978912968,5.69274436405457,1.56888475507927,7.08793013538384
143,154,3.66439352296461,9.24388362531936,3.08110857189906,8.75422788940709
143,159,3.66439352296461,9.24388362531936,4.12609359000146,9.00529800915742
143,166,3.66439352296461,9.24388362531936,2.37593132016486,9.16560374833753
143,179,3.66439352296461,9.24388362531936,2.96978679637577,10.292622320359
143,183,3.66439352296461,9.24388362531936,3.66102315829364,9.93606374532873
143,194,3.66439352296461,9.24388362531936,4.31938550179561,9.74370641523508
144,176,0.517421042675795,2.70393341393884,0.932580201365956,2.13152749529788
144,185,0.517421042675795,2.70393341393884,0.927354076684134,3.05317484613854
145,155,0.709236060125862,11.7380879772518,0.710882821120726,10.9604938243393
146,152,2.08724301486779,1.21675593590457,2.37809686237007,0.699937268595884
146,156,2.08724301486779,1.21675593590457,2.15552800670321,1.34368570669582
146,184,2.08724301486779,1.21675593590457,1.60939268486006,1.38467550418808
148,149,4.97134655446577,10.4428539078227,5.8511066074673,10.9295618078885
148,194,4.97134655446577,10.4428539078227,4.31938550179561,9.74370641523508
148,229,4.97134655446577,10.4428539078227,5.90375725360866,10.1990541769288
149,229,5.8511066074673,10.9295618078885,5.90375725360866,10.1990541769288
149,277,5.8511066074673,10.9295618078885,6.1488933925327,10.9295618078885
150,163,5.3652833208814,7.84952912019828,5.22454018545289,7.94680686674469
150,169,5.3652833208814,7.84952912019828,5.74662604637929,6.73917745288321
150,188,5.3652833208814,7.84952912019828,4.73217098915368,6.84612115029371
150,306,5.3652833208814,7.84952912019828,5.99106199231497,8.10243369399659
151,171,1.45303232726424,4.77453055604827,1.41824490563913,4.69704150201586
151,180,1.45303232726424,4.77453055604827,1.76479024615755,4.3139927405695
152,156,2.37809686237007,0.699937268595884,2.15552800670321,1.34368570669582
152,181,2.37809686237007,0.699937268595884,3.12667499580959,1.62217658459769
152,189,2.37809686237007,0.699937268595884,2.21700258932653,-0.0397073127619057
153,186,0.483784237238369,6.21541817395009,0.354161079370962,5.28246364335263
154,166,3.08110857189906,8.75422788940709,2.37593132016486,9.16560374833753
155,190,0.710882821120726,10.9604938243393,0.834114030816283,10.4880307623108
156,181,2.15552800670321,1.34368570669582,3.12667499580959,1.62217658459769
156,184,2.15552800670321,1.34368570669582,1.60939268486006,1.38467550418808
157,160,5.91955629358438,2.22389868908045,5.81049318590488,3.42648900725069
157,161,5.91955629358438,2.22389868908045,5.92646504136879,2.13327461555323
157,191,5.91955629358438,2.22389868908045,5.34177863744018,1.96568260032839
157,285,5.91955629358438,2.22389868908045,6.08044370641562,2.22389868908045
157,289,5.91955629358438,2.22389868908045,6.07353495863121,2.13327461555323
159,162,4.12609359000146,9.00529800915742,4.86028428127291,8.65884318391106
159,194,4.12609359000146,9.00529800915742,4.31938550179561,9.74370641523508
160,285,5.81049318590488,3.42648900725069,6.08044370641562,2.22389868908045
160,288,5.81049318590488,3.42648900725069,6.18950681409512,3.42648900725069
161,191,5.92646504136879,2.13327461555323,5.34177863744018,1.96568260032839
161,289,5.92646504136879,2.13327461555323,6.07353495863121,2.13327461555323
162,163,4.86028428127291,8.65884318391106,5.22454018545289,7.94680686674469
162,306,4.86028428127291,8.65884318391106,5.99106199231497,8.10243369399659
163,188,5.22454018545289,7.94680686674469,4.73217098915368,6.84612115029371
163,196,5.22454018545289,7.94680686674469,4.33939292593434,7.08888927501323
163,306,5.22454018545289,7.94680686674469,5.99106199231497,8.10243369399659
164,168,1.56888475507927,7.08793013538384,1.07621192823224,7.15760916965539
164,182,1.56888475507927,7.08793013538384,1.49821503415752,7.92838262347266
165,167,0.793986746342514,7.03625634831463,0.430496314671145,7.76512227603375
165,168,0.793986746342514,7.03625634831463,1.07621192823224,7.15760916965539
166,179,2.37593132016486,9.16560374833753,2.96978679637577,10.292622320359
167,168,0.430496314671145,7.76512227603375,1.07621192823224,7.15760916965539
167,177,0.430496314671145,7.76512227603375,1.46183420383431,8.39321919556279
167,182,0.430496314671145,7.76512227603375,1.49821503415752,7.92838262347266
167,193,0.430496314671145,7.76512227603375,0.288474977757178,8.57350318680792
168,182,1.07621192823224,7.15760916965539,1.49821503415752,7.92838262347266
169,178,5.74662604637929,6.73917745288321,6.00893800768503,8.10243369399659
169,188,5.74662604637929,6.73917745288321,4.73217098915368,6.84612115029371
169,297,5.74662604637929,6.73917745288321,6.25337395362071,6.73917745288321
169,306,5.74662604637929,6.73917745288321,5.99106199231497,8.10243369399659
170,191,4.70639250306534,2.07247043204159,5.34177863744018,1.96568260032839
171,180,1.41824490563913,4.69704150201586,1.76479024615755,4.3139927405695
173,192,1.89627406697417,3.17490019943846,1.74941908960026,3.15579942629474
177,182,1.46183420383431,8.39321919556279,1.49821503415752,7.92838262347266
177,193,1.46183420383431,8.39321919556279,0.288474977757178,8.57350318680792
177,195,1.46183420383431,8.39321919556279,1.08624113190327,9.34835378966537
178,221,6.00893800768503,8.10243369399659,7.08897882121795,9.58870169287248
178,229,6.00893800768503,8.10243369399659,5.90375725360866,10.1990541769288
178,278,6.00893800768503,8.10243369399659,6.6347166791186,7.84952912019828
178,290,6.00893800768503,8.10243369399659,7.13971571872709,8.65884318391106
178,291,6.00893800768503,8.10243369399659,6.77545981454711,7.94680686674469
178,297,6.00893800768503,8.10243369399659,6.25337395362071,6.73917745288321
178,306,6.00893800768503,8.10243369399659,5.99106199231497,8.10243369399659
179,183,2.96978679637577,10.292622320359,3.66102315829364,9.93606374532873
183,194,3.66102315829364,9.93606374532873,4.31938550179561,9.74370641523508
187,188,4.6323703752771,5.35074457459024,4.73217098915368,6.84612115029371
188,196,4.73217098915368,6.84612115029371,4.33939292593434,7.08888927501323
189,317,2.21700258932653,-0.0397073127619057,9.78299741067346,-0.0397073127619057
193,195,0.288474977757178,8.57350318680792,1.08624113190327,9.34835378966537
197,246,6.98448524082157,0.769391003432863,8.12099747195622,1.37637993194416
197,263,6.98448524082157,0.769391003432863,6.22603799734261,1.04866429555033
197,298,6.98448524082157,0.769391003432863,7.29360749693466,2.07247043204159
197,300,6.98448524082157,0.769391003432863,7.71873151319128,0.604215388800287
197,303,6.98448524082157,0.769391003432863,6.7509883709087,0.256331890314272
197,319,6.98448524082157,0.769391003432863,6.65822136255982,1.96568260032839
198,203,8.0953078386942,4.59559809421278,8.36382462196169,3.55621530777288
198,237,8.0953078386942,4.59559809421278,6.90526853293764,3.64409992532981
198,244,8.0953078386942,4.59559809421278,8.85039567225637,4.85901490962513
198,249,8.0953078386942,4.59559809421278,9.1669443479876,3.97327173385138
198,259,8.0953078386942,4.59559809421278,8.12853661017136,5.60588778740499
198,270,8.0953078386942,4.59559809421278,8.49240550581138,5.08707670059595
198,302,8.0953078386942,4.59559809421278,7.25430542156909,3.49622944668402
198,315,8.0953078386942,4.59559809421278,7.3676296247229,5.35074457459024
199,213,9.66467173341897,2.02464541719406,10.2691311549435,2.20384536825005
199,218,9.66467173341897,2.02464541719406,8.55423711021887,2.62245140082168
199,232,9.66467173341897,2.02464541719406,9.34310988383251,3.51597123834907
199,284,9.66467173341897,2.02464541719406,9.84447199329679,1.34368570669582
199,301,9.66467173341897,2.02464541719406,10.1037259330258,3.17490019943846
199,309,9.66467173341897,2.02464541719406,8.87332500419041,1.62217658459769
200,203,7.70683717097948,2.94974388901798,8.36382462196169,3.55621530777288
200,210,7.70683717097948,2.94974388901798,7.49750874563752,2.27346147013508
200,212,7.70683717097948,2.94974388901798,8.23070560019196,2.26391772561389
200,218,7.70683717097948,2.94974388901798,8.55423711021887,2.62245140082168
200,220,7.70683717097948,2.94974388901798,6.89577933146207,2.93582288830636
200,247,7.70683717097948,2.94974388901798,7.58855853663366,2.23165007409491
200,302,7.70683717097948,2.94974388901798,7.25430542156909,3.49622944668402
201,216,9.68990191193074,8.21099869196163,9.6893226290624,9.15487922559805
201,234,9.68990191193074,8.21099869196163,8.89308098862479,7.25004247137535
201,252,9.68990191193074,8.21099869196163,9.24277070403559,8.13626869545809
201,282,9.68990191193074,8.21099869196163,8.91889142810093,8.75422788940709
201,292,9.68990191193074,8.21099869196163,10.4311152449207,7.08793013538384
201,294,9.68990191193074,8.21099869196163,9.62406867983514,9.16560374833753
201,305,9.68990191193074,8.21099869196163,10.5381657961657,8.39321919556279
201,310,9.68990191193074,8.21099869196163,10.5017849658425,7.92838262347266
202,230,10.5023249749193,11.5809379764884,10.0744611203244,11.1472950218017
202,248,10.5023249749193,11.5809379764884,10.5758546048424,10.4299382417983
202,273,10.5023249749193,11.5809379764884,11.2907639398742,11.7380879772518
202,283,10.5023249749193,11.5809379764884,11.2891171788793,10.9604938243393
203,218,8.36382462196169,3.55621530777288,8.55423711021887,2.62245140082168
203,232,8.36382462196169,3.55621530777288,9.34310988383251,3.51597123834907
203,249,8.36382462196169,3.55621530777288,9.1669443479876,3.97327173385138
203,302,8.36382462196169,3.55621530777288,7.25430542156909,3.49622944668402
204,237,6.24298707984152,4.59126972298585,6.90526853293764,3.64409992532981
204,250,6.24298707984152,4.59126972298585,6.3464914066798,4.79596212531141
204,288,6.24298707984152,4.59126972298585,6.18950681409512,3.42648900725069
205,219,9.80101269622969,5.34378578073535,9.44316358113068,5.75802971253898
205,223,9.80101269622969,5.34378578073535,10.0121129115427,5.7768429632277
205,228,9.80101269622969,5.34378578073535,10.0139807127947,4.33679047807671
205,260,9.80101269622969,5.34378578073535,9.28551625602312,5.12385704297056
205,269,9.80101269622969,5.34378578073535,10.4080802108703,5.69274436405457
205,279,9.80101269622969,5.34378578073535,10.5469676727357,4.77453055604827
206,209,10.7093445149341,3.40853489153544,11.4193118541408,4.01419814723413
206,242,10.7093445149341,3.40853489153544,10.8921064953534,2.68649979346757
206,256,10.7093445149341,3.40853489153544,9.80370749433428,3.73984966400111
206,308,10.7093445149341,3.40853489153544,10.2352097538424,4.3139927405695
206,313,10.7093445149341,3.40853489153544,11.0726459233159,3.05317484613854
206,320,10.7093445149341,3.40853489153544,10.2505809103998,3.15579942629474
207,227,7.13720093274721,11.4536410831944,6.69314052070568,12.0012822449742
207,236,7.13720093274721,11.4536410831944,8.2125514457716,11.4665348886632
207,276,7.13720093274721,11.4536410831944,7.02865344553423,10.4428539078227
207,277,7.13720093274721,11.4536410831944,6.1488933925327,10.9295618078885
208,230,9.58276229639397,11.0531120314071,10.0744611203244,11.1472950218017
208,236,9.58276229639397,11.0531120314071,8.2125514457716,11.4665348886632
208,257,9.58276229639397,11.0531120314071,9.71618364019349,10.4960250763909
208,307,9.58276229639397,11.0531120314071,9.03021320362423,10.292622320359
209,226,11.4193118541408,4.01419814723413,10.8562404628508,5.16506400869817
209,262,11.4193118541408,4.01419814723413,11.6526382468294,3.26799925261284
209,299,11.4193118541408,4.01419814723413,10.5817550943609,4.69704150201586
209,308,11.4193118541408,4.01419814723413,10.2352097538424,4.3139927405695
209,313,11.4193118541408,4.01419814723413,11.0726459233159,3.05317484613854
209,314,11.4193118541408,4.01419814723413,11.645838920629,5.28246364335263
210,220,7.49750874563752,2.27346147013508,6.89577933146207,2.93582288830636
210,247,7.49750874563752,2.27346147013508,7.58855853663366,2.23165007409491
210,298,7.49750874563752,2.27346147013508,7.29360749693466,2.07247043204159
211,248,10.7062297987402,9.80402438657327,10.5758546048424,10.4299382417983
211,258,10.7062297987402,9.80402438657327,10.5293221714609,9.85824398209041
211,318,10.7062297987402,9.80402438657327,11.1658859691837,10.4880307623108
211,323,10.7062297987402,9.80402438657327,10.9137588680967,9.34835378966537
212,218,8.23070560019196,2.26391772561389,8.55423711021887,2.62245140082168
212,246,8.23070560019196,2.26391772561389,8.12099747195622,1.37637993194416
212,247,8.23070560019196,2.26391772561389,7.58855853663366,2.23165007409491
212,309,8.23070560019196,2.26391772561389,8.87332500419041,1.62217658459769
213,233,10.2691311549435,2.20384536825005,10.5038982157509,2.09757718267185
213,242,10.2691311549435,2.20384536825005,10.8921064953534,2.68649979346757
213,284,10.2691311549435,2.20384536825005,9.84447199329679,1.34368570669582
213,301,10.2691311549435,2.20384536825005,10.1037259330258,3.17490019943846
213,312,10.2691311549435,2.20384536825005,10.3906073151399,1.38467550418808
213,320,10.2691311549435,2.20384536825005,10.2505809103998,3.15579942629474
214,266,11.8893819010618,0.294892968575659,11.1765584696191,1.08395049432499
215,259,8.33602926282236,5.51534467975115,8.12853661017136,5.60588778740499
215,261,8.33602926282236,5.51534467975115,8.85028784272503,5.91211390051125
215,268,8.33602926282236,5.51534467975115,8.58965719316368,5.98315259841693
215,270,8.33602926282236,5.51534467975115,8.49240550581138,5.08707670059595
216,224,9.6893226290624,9.15487922559805,9.91471346064253,9.64720745113278
216,294,9.6893226290624,9.15487922559805,9.62406867983514,9.16560374833753
216,305,9.6893226290624,9.15487922559805,10.5381657961657,8.39321919556279
216,323,9.6893226290624,9.15487922559805,10.9137588680967,9.34835378966537
217,234,8.10682532922318,7.08249786921309,8.89308098862479,7.25004247137535
217,238,8.10682532922318,7.08249786921309,8.58765949375817,6.86817748654272
217,254,8.10682532922318,7.08249786921309,7.82975711367136,8.09221239627683
217,259,8.10682532922318,7.08249786921309,8.12853661017136,5.60588778740499
217,265,8.10682532922318,7.08249786921309,8.4716010589449,7.68539966479816
217,268,8.10682532922318,7.08249786921309,8.58965719316368,5.98315259841693
217,324,8.10682532922318,7.08249786921309,7.66060707406566,7.08888927501323
218,232,8.55423711021887,2.62245140082168,9.34310988383251,3.51597123834907
218,309,8.55423711021887,2.62245140082168,8.87332500419041,1.62217658459769
219,223,9.44316358113068,5.75802971253898,10.0121129115427,5.7768429632277
219,260,9.44316358113068,5.75802971253898,9.28551625602312,5.12385704297056
219,261,9.44316358113068,5.75802971253898,8.85028784272503,5.91211390051125
219,267,9.44316358113068,5.75802971253898,9.46147400955784,6.61996184284528
219,286,9.44316358113068,5.75802971253898,9.16897002836649,6.16870600933795
220,237,6.89577933146207,2.93582288830636,6.90526853293764,3.64409992532981
220,285,6.89577933146207,2.93582288830636,6.08044370641562,2.22389868908045
220,288,6.89577933146207,2.93582288830636,6.18950681409512,3.42648900725069
220,298,6.89577933146207,2.93582288830636,7.29360749693466,2.07247043204159
220,302,6.89577933146207,2.93582288830636,7.25430542156909,3.49622944668402
220,319,6.89577933146207,2.93582288830636,6.65822136255982,1.96568260032839
221,245,7.08897882121795,9.58870169287248,7.39790797944886,9.03070688962547
221,276,7.08897882121795,9.58870169287248,7.02865344553423,10.4428539078227
221,290,7.08897882121795,9.58870169287248,7.13971571872709,8.65884318391106
221,322,7.08897882121795,9.58870169287248,7.68061449820439,9.74370641523508
222,246,8.05947247370932,0.694440421643825,8.12099747195622,1.37637993194416
222,255,8.05947247370932,0.694440421643825,8.56176269810861,0.87183464902184
222,300,8.05947247370932,0.694440421643825,7.71873151319128,0.604215388800287
223,267,10.0121129115427,5.7768429632277,9.46147400955784,6.61996184284528
223,269,10.0121129115427,5.7768429632277,10.4080802108703,5.69274436405457
223,292,10.0121129115427,5.7768429632277,10.4311152449207,7.08793013538384
224,257,9.91471346064253,9.64720745113278,9.71618364019349,10.4960250763909
224,258,9.91471346064253,9.64720745113278,10.5293221714609,9.85824398209041
224,294,9.91471346064253,9.64720745113278,9.62406867983514,9.16560374833753
224,307,9.91471346064253,9.64720745113278,9.03021320362423,10.292622320359
224,323,9.91471346064253,9.64720745113278,10.9137588680967,9.34835378966537
225,255,8.99449754710968,0.414962556510144,8.56176269810861,0.87183464902184
225,280,8.99449754710968,0.414962556510144,9.62190313762993,0.699937268595884
226,269,10.8562404628508,5.16506400869817,10.4080802108703,5.69274436405457
226,279,10.8562404628508,5.16506400869817,10.5469676727357,4.77453055604827
226,281,10.8562404628508,5.16506400869817,11.5162157627616,6.21541817395009
226,299,10.8562404628508,5.16506400869817,10.5817550943609,4.69704150201586
226,314,10.8562404628508,5.16506400869817,11.645838920629,5.28246364335263
227,277,6.69314052070568,12.0012822449742,6.1488933925327,10.9295618078885
228,249,10.0139807127947,4.33679047807671,9.1669443479876,3.97327173385138
228,256,10.0139807127947,4.33679047807671,9.80370749433428,3.73984966400111
228,260,10.0139807127947,4.33679047807671,9.28551625602312,5.12385704297056
228,279,10.0139807127947,4.33679047807671,10.5469676727357,4.77453055604827
228,308,10.0139807127947,4.33679047807671,10.2352097538424,4.3139927405695
229,306,5.90375725360866,10.1990541769288,5.99106199231497,8.10243369399659
230,248,10.0744611203244,11.1472950218017,10.5758546048424,10.4299382417983
230,257,10.0744611203244,11.1472950218017,9.71618364019349,10.4960250763909
231,236,7.8989214375259,10.1225593780418,8.2125514457716,11.4665348886632
231,241,7.8989214375259,10.1225593780418,8.36890697870368,10.2635806512507
231,276,7.8989214375259,10.1225593780418,7.02865344553423,10.4428539078227
231,311,7.8989214375259,10.1225593780418,8.33897684170636,9.93606374532873
231,322,7.8989214375259,10.1225593780418,7.68061449820439,9.74370641523508
232,249,9.34310988383251,3.51597123834907,9.1669443479876,3.97327173385138
232,256,9.34310988383251,3.51597123834907,9.80370749433428,3.73984966400111
232,301,9.34310988383251,3.51597123834907,10.1037259330258,3.17490019943846
233,239,10.5038982157509,2.09757718267185,10.8594875073642,1.43341844659635
233,242,10.5038982157509,2.09757718267185,10.8921064953534,2.68649979346757
233,304,10.5038982157509,2.09757718267185,11.0674197986341,2.13152749529788
233,312,10.5038982157509,2.09757718267185,10.3906073151399,1.38467550418808
234,238,8.89308098862479,7.25004247137535,8.58765949375817,6.86817748654272
234,252,8.89308098862479,7.25004247137535,9.24277070403559,8.13626869545809
234,265,8.89308098862479,7.25004247137535,8.4716010589449,7.68539966479816
234,267,8.89308098862479,7.25004247137535,9.46147400955784,6.61996184284528
234,292,8.89308098862479,7.25004247137535,10.4311152449207,7.08793013538384
235,252,8.72364525979035,8.35756504385045,9.24277070403559,8.13626869545809
235,254,8.72364525979035,8.35756504385045,7.82975711367136,8.09221239627683
235,265,8.72364525979035,8.35756504385045,8.4716010589449,7.68539966479816
235,271,8.72364525979035,8.35756504385045,8.33560647703538,9.24388362531936
235,282,8.72364525979035,8.35756504385045,8.91889142810093,8.75422788940709
235,287,8.72364525979035,8.35756504385045,7.87390640999854,9.00529800915742
236,241,8.2125514457716,11.4665348886632,8.36890697870368,10.2635806512507
236,276,8.2125514457716,11.4665348886632,7.02865344553423,10.4428539078227
236,307,8.2125514457716,11.4665348886632,9.03021320362423,10.292622320359
237,250,6.90526853293764,3.64409992532981,6.3464914066798,4.79596212531141
237,288,6.90526853293764,3.64409992532981,6.18950681409512,3.42648900725069
237,302,6.90526853293764,3.64409992532981,7.25430542156909,3.49622944668402
237,315,6.90526853293764,3.64409992532981,7.3676296247229,5.35074457459024
238,267,8.58765949375817,6.86817748654272,9.46147400955784,6.61996184284528
238,268,8.58765949375817,6.86817748654272,8.58965719316368,5.98315259841693
238,286,8.58765949375817,6.86817748654272,9.16897002836649,6.16870600933795
239,253,10.8594875073642,1.43341844659635,11.3987972752498,1.36214256183934
239,266,10.8594875073642,1.43341844659635,11.1765584696191,1.08395049432499
239,304,10.8594875073642,1.43341844659635,11.0674197986341,2.13152749529788
239,312,10.8594875073642,1.43341844659635,10.3906073151399,1.38467550418808
240,243,11.1511645808963,6.59940591065916,11.8661973116022,6.50756010571692
240,269,11.1511645808963,6.59940591065916,10.4080802108703,5.69274436405457
240,281,11.1511645808963,6.59940591065916,11.5162157627616,6.21541817395009
240,292,11.1511645808963,6.59940591065916,10.4311152449207,7.08793013538384
240,293,11.1511645808963,6.59940591065916,11.2060132536575,7.03625634831463
240,296,11.1511645808963,6.59940591065916,10.9237880717678,7.15760916965539
241,307,8.36890697870368,10.2635806512507,9.03021320362423,10.292622320359
241,311,8.36890697870368,10.2635806512507,8.33897684170636,9.93606374532873
242,272,10.8921064953534,2.68649979346757,11.4825789573242,2.70393341393884
242,304,10.8921064953534,2.68649979346757,11.0674197986341,2.13152749529788
242,313,10.8921064953534,2.68649979346757,11.0726459233159,3.05317484613854
242,320,10.8921064953534,2.68649979346757,10.2505809103998,3.15579942629474
243,281,11.8661973116022,6.50756010571692,11.5162157627616,6.21541817395009
243,293,11.8661973116022,6.50756010571692,11.2060132536575,7.03625634831463
244,249,8.85039567225637,4.85901490962513,9.1669443479876,3.97327173385138
244,260,8.85039567225637,4.85901490962513,9.28551625602312,5.12385704297056
244,270,8.85039567225637,4.85901490962513,8.49240550581138,5.08707670059595
245,287,7.39790797944886,9.03070688962547,7.87390640999854,9.00529800915742
245,290,7.39790797944886,9.03070688962547,7.13971571872709,8.65884318391106
245,322,7.39790797944886,9.03070688962547,7.68061449820439,9.74370641523508
246,247,8.12099747195622,1.37637993194416,7.58855853663366,2.23165007409491
246,255,8.12099747195622,1.37637993194416,8.56176269810861,0.87183464902184
246,298,8.12099747195622,1.37637993194416,7.29360749693466,2.07247043204159
246,300,8.12099747195622,1.37637993194416,7.71873151319128,0.604215388800287
246,309,8.12099747195622,1.37637993194416,8.87332500419041,1.62217658459769
247,298,7.58855853663366,2.23165007409491,7.29360749693466,2.07247043204159
248,257,10.5758546048424,10.4299382417983,9.71618364019349,10.4960250763909
248,258,10.5758546048424,10.4299382417983,10.5293221714609,9.85824398209041
248,283,10.5758546048424,10.4299382417983,11.2891171788793,10.9604938243393
248,318,10.5758546048424,10.4299382417983,11.1658859691837,10.4880307623108
249,256,9.1669443479876,3.97327173385138,9.80370749433428,3.73984966400111
249,260,9.1669443479876,3.97327173385138,9.28551625602312,5.12385704297056
250,251,6.3464914066798,4.79596212531141,6.64650372211825,6.12740972359985
250,315,6.3464914066798,4.79596212531141,7.3676296247229,5.35074457459024
251,297,6.64650372211825,6.12740972359985,6.25337395362071,6.73917745288321
251,315,6.64650372211825,6.12740972359985,7.3676296247229,5.35074457459024
251,316,6.64650372211825,6.12740972359985,7.26782901084632,6.84612115029371
252,265,9.24277070403559,8.13626869545809,8.4716010589449,7.68539966479816
252,282,9.24277070403559,8.13626869545809,8.91889142810093,8.75422788940709
253,266,11.3987972752498,1.36214256183934,11.1765584696191,1.08395049432499
253,304,11.3987972752498,1.36214256183934,11.0674197986341,2.13152749529788
254,265,7.82975711367136,8.09221239627683,8.4716010589449,7.68539966479816
254,287,7.82975711367136,8.09221239627683,7.87390640999854,9.00529800915742
254,290,7.82975711367136,8.09221239627683,7.13971571872709,8.65884318391106
254,291,7.82975711367136,8.09221239627683,6.77545981454711,7.94680686674469
254,324,7.82975711367136,8.09221239627683,7.66060707406566,7.08888927501323
255,280,8.56176269810861,0.87183464902184,9.62190313762993,0.699937268595884
255,309,8.56176269810861,0.87183464902184,8.87332500419041,1.62217658459769
256,301,9.80370749433428,3.73984966400111,10.1037259330258,3.17490019943846
256,308,9.80370749433428,3.73984966400111,10.2352097538424,4.3139927405695
256,320,9.80370749433428,3.73984966400111,10.2505809103998,3.15579942629474
257,258,9.71618364019349,10.4960250763909,10.5293221714609,9.85824398209041
257,307,9.71618364019349,10.4960250763909,9.03021320362423,10.292622320359
258,323,10.5293221714609,9.85824398209041,10.9137588680967,9.34835378966537
259,268,8.12853661017136,5.60588778740499,8.58965719316368,5.98315259841693
259,270,8.12853661017136,5.60588778740499,8.49240550581138,5.08707670059595
259,315,8.12853661017136,5.60588778740499,7.3676296247229,5.35074457459024
259,316,8.12853661017136,5.60588778740499,7.26782901084632,6.84612115029371
259,324,8.12853661017136,5.60588778740499,7.66060707406566,7.08888927501323
260,261,9.28551625602312,5.12385704297056,8.85028784272503,5.91211390051125
260,270,9.28551625602312,5.12385704297056,8.49240550581138,5.08707670059595
261,268,8.85028784272503,5.91211390051125,8.58965719316368,5.98315259841693
261,270,8.85028784272503,5.91211390051125,8.49240550581138,5.08707670059595
261,286,8.85028784272503,5.91211390051125,9.16897002836649,6.16870600933795
262,272,11.6526382468294,3.26799925261284,11.4825789573242,2.70393341393884
262,313,11.6526382468294,3.26799925261284,11.0726459233159,3.05317484613854
263,289,6.22603799734261,1.04866429555033,6.07353495863121,2.13327461555323
263,303,6.22603799734261,1.04866429555033,6.7509883709087,0.256331890314272
263,319,6.22603799734261,1.04866429555033,6.65822136255982,1.96568260032839
264,266,10.5498335934893,0.415042728312153,11.1765584696191,1.08395049432499
264,274,10.5498335934893,0.415042728312153,9.91275698513221,1.21675593590457
264,275,10.5498335934893,0.415042728312153,10.8489865218485,0.376291870389981
264,280,10.5498335934893,0.415042728312153,9.62190313762993,0.699937268595884
264,312,10.5498335934893,0.415042728312153,10.3906073151399,1.38467550418808
266,275,11.1765584696191,1.08395049432499,10.8489865218485,0.376291870389981
266,312,11.1765584696191,1.08395049432499,10.3906073151399,1.38467550418808
267,286,9.46147400955784,6.61996184284528,9.16897002836649,6.16870600933795
267,292,9.46147400955784,6.61996184284528,10.4311152449207,7.08793013538384
268,286,8.58965719316368,5.98315259841693,9.16897002836649,6.16870600933795
269,279,10.4080802108703,5.69274436405457,10.5469676727357,4.77453055604827
269,281,10.4080802108703,5.69274436405457,11.5162157627616,6.21541817395009
269,292,10.4080802108703,5.69274436405457,10.4311152449207,7.08793013538384
271,282,8.33560647703538,9.24388362531936,8.91889142810093,8.75422788940709
271,287,8.33560647703538,9.24388362531936,7.87390640999854,9.00529800915742
271,294,8.33560647703538,9.24388362531936,9.62406867983514,9.16560374833753
271,307,8.33560647703538,9.24388362531936,9.03021320362423,10.292622320359
271,311,8.33560647703538,9.24388362531936,8.33897684170636,9.93606374532873
271,322,8.33560647703538,9.24388362531936,7.68061449820439,9.74370641523508
272,304,11.4825789573242,2.70393341393884,11.0674197986341,2.13152749529788
272,313,11.4825789573242,2.70393341393884,11.0726459233159,3.05317484613854
273,283,11.2907639398742,11.7380879772518,11.2891171788793,10.9604938243393
274,280,9.91275698513221,1.21675593590457,9.62190313762993,0.699937268595884
274,284,9.91275698513221,1.21675593590457,9.84447199329679,1.34368570669582
274,312,9.91275698513221,1.21675593590457,10.3906073151399,1.38467550418808
276,277,7.02865344553423,10.4428539078227,6.1488933925327,10.9295618078885
276,322,7.02865344553423,10.4428539078227,7.68061449820439,9.74370641523508
278,291,6.6347166791186,7.84952912019828,6.77545981454711,7.94680686674469
278,297,6.6347166791186,7.84952912019828,6.25337395362071,6.73917745288321
278,316,6.6347166791186,7.84952912019828,7.26782901084632,6.84612115029371
279,299,10.5469676727357,4.77453055604827,10.5817550943609,4.69704150201586
279,308,10.5469676727357,4.77453055604827,10.2352097538424,4.3139927405695
280,284,9.62190313762993,0.699937268595884,9.84447199329679,1.34368570669582
280,309,9.62190313762993,0.699937268595884,8.87332500419041,1.62217658459769
280,317,9.62190313762993,0.699937268595884,9.78299741067346,-0.0397073127619057
281,314,11.5162157627616,6.21541817395009,11.645838920629,5.28246364335263
282,294,8.91889142810093,8.75422788940709,9.62406867983514,9.16560374833753
283,318,11.2891171788793,10.9604938243393,11.1658859691837,10.4880307623108
284,309,9.84447199329679,1.34368570669582,8.87332500419041,1.62217658459769
284,312,9.84447199329679,1.34368570669582,10.3906073151399,1.38467550418808
285,288,6.08044370641562,2.22389868908045,6.18950681409512,3.42648900725069
285,289,6.08044370641562,2.22389868908045,6.07353495863121,2.13327461555323
285,319,6.08044370641562,2.22389868908045,6.65822136255982,1.96568260032839
287,290,7.87390640999854,9.00529800915742,7.13971571872709,8.65884318391106
287,322,7.87390640999854,9.00529800915742,7.68061449820439,9.74370641523508
289,319,6.07353495863121,2.13327461555323,6.65822136255982,1.96568260032839
290,291,7.13971571872709,8.65884318391106,6.77545981454711,7.94680686674469
291,316,6.77545981454711,7.94680686674469,7.26782901084632,6.84612115029371
291,324,6.77545981454711,7.94680686674469,7.66060707406566,7.08888927501323
292,296,10.4311152449207,7.08793013538384,10.9237880717678,7.15760916965539
292,310,10.4311152449207,7.08793013538384,10.5017849658425,7.92838262347266
293,295,11.2060132536575,7.03625634831463,11.5695036853289,7.76512227603375
293,296,11.2060132536575,7.03625634831463,10.9237880717678,7.15760916965539
294,307,9.62406867983514,9.16560374833753,9.03021320362423,10.292622320359
295,296,11.5695036853289,7.76512227603375,10.9237880717678,7.15760916965539
295,305,11.5695036853289,7.76512227603375,10.5381657961657,8.39321919556279
295,310,11.5695036853289,7.76512227603375,10.5017849658425,7.92838262347266
295,321,11.5695036853289,7.76512227603375,11.7115250222428,8.57350318680792
296,310,10.9237880717678,7.15760916965539,10.5017849658425,7.92838262347266
297,316,6.25337395362071,6.73917745288321,7.26782901084632,6.84612115029371
298,319,7.29360749693466,2.07247043204159,6.65822136255982,1.96568260032839
299,308,10.5817550943609,4.69704150201586,10.2352097538424,4.3139927405695
301,320,10.1037259330258,3.17490019943846,10.2505809103998,3.15579942629474
305,310,10.5381657961657,8.39321919556279,10.5017849658425,7.92838262347266
305,321,10.5381657961657,8.39321919556279,11.7115250222428,8.57350318680792
305,323,10.5381657961657,8.39321919556279,10.9137588680967,9.34835378966537
307,311,9.03021320362423,10.292622320359,8.33897684170636,9.93606374532873
311,322,8.33897684170636,9.93606374532873,7.68061449820439,9.74370641523508
315,316,7.3676296247229,5.35074457459024,7.26782901084632,6.84612115029371
316,324,7.26782901084632,6.84612115029371,7.66060707406566,7.08888927501323
321,323,11.7115250222428,8.57350318680792,10.9137588680967,9.34835378966537
