90.2498504349413,91.0453048426728,40.496538073414,40.8256700647123,58.7739166522027,5.67013888888889
90.3585770859378,91.0304327810223,40.5216754364605,40.8585970261286,58.8131362024581,5.66666666666667
90.3694118112482,91.0393247752434,40.536715391933,40.8623852832632,58.8273881420556,5.66319444444444
90.3807777390891,91.0489077411234,40.5544243614951,40.875862222646,58.8424736019277,5.65972222222222
90.3996910680341,91.0659590812126,40.5974008221218,40.990379728516,58.8692830550811,5.65625
90.4090390612259,91.0744407642138,40.6151049364721,41.0182464988027,58.8823869392882,5.65277777777778
90.4239677275788,91.0877968630526,40.646650155149,41.0995976555163,58.9033905901427,5.64930555555556
90.4495932912695,91.1110216356945,40.6936771042325,41.1700517372639,58.9389757314255,5.64583333333333
90.4662818065978,91.1259557318658,40.7281295401847,41.2642505402647,58.9624292439065,5.64236111111111
90.4895004013285,91.1470568185855,40.7799366831689,41.3529963855114,58.9952761511032,5.63888888888889
90.5035013072928,91.1598203634113,40.8069940777956,41.3950687879912,59.014838933436,5.63541666666667
90.518158842475,91.1730143932828,40.8379237655733,41.4521709917943,59.035447804775,5.63194444444444
90.5413427095714,91.1937530148532,40.880784384816,41.5580617457883,59.0677918323636,5.62847222222222
90.5593948342678,91.2103225646691,40.9202666059971,41.6112978145093,59.093216267476,5.625
90.5752687586005,91.2243314138178,40.9501634655091,41.6804534723005,59.115112171768,5.62152777777778
90.5867104510919,91.2342696113606,40.9712086087649,41.7295269500779,59.1308126490151,5.61805555555556
90.6143982666635,91.2613610755881,41.0405694437225,41.7833968996665,59.1705995262571,5.61458333333333
90.6299519604103,91.2768633131949,41.0802908504446,41.8107689718776,59.1930962899542,5.61111111111111
90.6329878596818,91.2798954463743,41.0877643384103,41.8159968943539,59.1974896555063,5.60763888888889
90.6461423745115,91.2930279404473,41.1195010812567,41.8387054136646,59.216466342745,5.60416666666667
90.6585717792763,91.3054947812095,41.1496066308753,41.8596594077585,59.2344412089417,5.60069444444444
90.6758024097816,91.3226742883214,41.1875344049676,41.8892065174941,59.258995610906,5.59722222222222
90.6993460851332,91.3462325336904,41.2422042309745,41.929136485455,59.29280510596,5.59375
90.7079993575462,91.3550555865206,41.263171643859,41.9425787404302,59.3053124145282,5.59027777777778
90.7181822149256,91.3651350668566,41.2822100657591,41.9602500409077,59.3195931651772,5.58680555555556
90.730995732046,91.3779112302621,41.3107028353339,41.9821310465119,59.3378460849215,5.58333333333333
90.746665490554,91.3939951379186,41.3489313945604,42.0057169551991,59.3604828483188,5.57986111111111
90.7649756863464,91.4119161278822,41.3868869834318,42.0395722748601,59.3863139328689,5.57638888888889
90.7792602368919,91.4262231226151,41.4178828587303,42.0632410682895,59.4065809774414,5.57291666666667
90.793586735454,91.440738628689,41.4480896991167,42.085548737852,59.4268528524363,5.56944444444444
90.8029174300534,91.4499589836276,41.4664153563424,42.1026808606991,59.4398736957368,5.56597222222222
90.8313326806965,91.4791626729541,41.5362173312634,42.1436813661152,59.4807868441852,5.5625
90.8436424100021,91.4908040012768,41.5580615607114,42.1655655797551,59.4978590711858,5.55902777777778
90.852947885275,91.4999548430026,41.5759532236642,42.1791227460969,59.5108232471223,5.55555555555556
90.8892585891051,91.5372822999098,41.6577945828332,42.2325996749595,59.5626793214633,5.55208333333333
90.9109074577713,91.5580177428805,41.7005599483417,42.2761111050103,59.5929168699561,5.54861111111111
90.9403432503273,91.5883554928348,41.7642119711327,42.3175837806593,59.6346120753264,5.54513888888889
90.9509949570699,91.5982149200604,41.7840117316419,42.3472713262941,59.6492798104122,5.54166666666667
90.9612095123908,91.608797819224,41.8075234375176,42.3603146688795,59.6638509560687,5.53819444444444
90.9726835019095,91.619859213878,41.8298657483811,42.3832735393185,59.6797673267544,5.53472222222222
91.0109974953916,91.6592681829641,41.9030162222277,42.4373479574085,59.7334391105482,5.53125
91.025895871401,91.6733033915515,41.9319466634913,42.4783354908083,59.7541623269133,5.52777777777778
91.042162495566,91.6893944877849,41.960989399629,42.4989436560916,59.776559393535,5.52430555555556
91.0895237734852,91.7368059675727,42.0530924222232,42.5753545581458,59.8421759361543,5.52083333333333
91.1084447726023,91.7566463009642,42.0960636061244,42.5996345198554,59.8690761270083,5.51736111111111
91.1218257227111,91.7691757002787,42.1207095333931,42.6301283335628,59.8874521569543,5.51388888888889
91.1443518306649,91.7926988472071,42.1649932326654,42.6591724046714,59.9191354863648,5.51041666666667
91.163247188815,91.8107206989342,42.2020263680694,42.6966988142724,59.9453836440784,5.50694444444444
91.1810319603724,91.8284218336648,42.2348440097623,42.7232323596314,59.9698174935973,5.50347222222222
91.1989644738402,91.8462990201889,42.2663126187056,42.7505225613298,59.99409275962,5.5
91.2237041153675,91.8723085482533,42.3141800387583,42.7823681227447,60.0287643659369,5.49652777777778
91.2382764760917,91.8856631878681,42.339110997629,42.8049281147359,60.0486573504676,5.49305555555556
91.2551204443733,91.9026988924461,42.3670725684547,42.8286966234657,60.0712350392153,5.48958333333333
91.2858893256635,91.9347017200162,42.4334711191028,42.8948880356771,60.114753802614,5.48611111111111
91.2972232518009,91.9446484834643,42.4544267684928,42.9059900053562,60.1302630129068,5.48263888888889
91.3163182654298,91.9643863822913,42.491667314525,42.9320142854257,60.1568084165416,5.47916666666667
91.3278026173816,91.9753309257541,42.5109560468003,42.9500103806302,60.1722189385065,5.47569444444444
91.3546117552721,92.0041724354753,42.5767505954655,42.9810394905568,60.2105179193622,5.47222222222222
91.366152132734,92.014301509828,42.5986513036992,43.0279944060785,60.2264308310176,5.46875
91.3915434341952,92.0400804227498,42.6492819781251,43.081939483758,60.2620343314503,5.46527777777778
91.4042326377142,92.0518512896131,42.673226412167,43.0964006806809,60.2797209274162,5.46180555555556
91.4292163268894,92.0773900364405,42.7157744328346,43.1310370739336,60.3135917977133,5.45833333333333
91.4646860642115,92.1129943902986,42.7826594615459,43.1956343185589,60.3626134839237,5.45486111111111
91.4770249278099,92.1248862189502,42.8046413485267,43.2087571631455,60.3796207686379,5.45138888888889
91.4984353464948,92.146069871653,42.8414957970494,43.2425201211412,60.4083585968776,5.44791666666667
91.5106369730485,92.1584070674592,42.8647384840256,43.2601586850264,60.4251719269633,5.44444444444444
91.5399011046957,92.187768520693,42.9156595816822,43.3006383294268,60.4645237694887,5.44097222222222
91.5589270777785,92.2065278077769,42.9468098375638,43.3263162407084,60.4898534122679,5.4375
91.5946303021995,92.2456007307174,43.0301528295335,43.3653808637006,60.540601477545,5.43402777777778
91.6187854660182,92.2673952684264,43.0789016695958,43.4398062190823,60.5745534556307,5.43055555555556
91.6388234740881,92.2876169334907,43.1200263962615,43.4975013681258,60.6026529666126,5.42708333333333
91.6501513720697,92.2979376671375,43.1369285242118,43.5097923363028,60.617954601143,5.42361111111111
91.6775560093553,92.3270523919066,43.1933078511472,43.5430154901961,60.6563989478659,5.42013888888889
91.687828539929,92.3357885174689,43.2081618305048,43.5738406505812,60.6698813021621,5.41666666666667
91.7386293528134,92.3869973808033,43.2989486893992,43.6474147594768,60.7386271206546,5.41319444444444
91.7665371264108,92.4160418781167,43.3551176936207,43.7126596032557,60.7776425344989,5.40972222222222
91.7830087740134,92.4311962543737,43.3915215505315,43.7292704567424,60.8009069311649,5.40625
91.808591208779,92.459483712952,43.4544005806581,43.7560197793178,60.8374139242225,5.40277777777778
91.8272769576089,92.4758483306894,43.4837568670148,43.8196263860524,60.8629400294153,5.39930555555556
91.8526675242269,92.5024042412932,43.5350682411361,43.8836459544889,60.898410608935,5.39583333333333
91.8649835878156,92.5134606510924,43.5603842582171,43.8964488624641,60.9156043521012,5.39236111111111
91.8819284016171,92.5307537591975,43.5936226181463,43.91656546162,60.9390989395312,5.38888888888889
91.9033375637238,92.551958659547,43.6320123862731,43.956255608522,60.9681105165483,5.38541666666667
91.914714615124,92.5634026736646,43.6543655239299,43.9685450187577,60.9838528092326,5.38194444444444
91.9357610864672,92.585164431934,43.6943156609583,44.0179682585621,61.0128985497213,5.37847222222222
91.9460952316518,92.5943706087868,43.7122936089591,44.0269071340304,61.0266220103493,5.375
91.9713896147344,92.6217114810265,43.7656621475971,44.0553133525613,61.0620797304328,5.37152777777778
91.9855070597431,92.633815214342,43.7881232754601,44.1008289630841,61.0808024957884,5.36805555555556
92.006991602992,92.6577922974416,43.839099751662,44.122278789752,61.1113511393643,5.36458333333333
92.0273139088572,92.6757781133825,43.8768020886889,44.1870157403775,61.1392992783645,5.36111111111111
92.0515807956834,92.702509184487,43.9260367336439,44.2124802494847,61.1734006864905,5.35763888888889
92.0737437620168,92.7224689640317,43.9657336276402,44.2802625956229,61.2038214643426,5.35416666666667
92.095527474683,92.7444142511775,44.0037794189769,44.3080844184081,61.2330776031573,5.35069444444444
92.1269827836364,92.7758669693268,44.0531894617744,44.355796682454,61.2740616233063,5.34722222222222
92.1414269060308,92.7907373174338,44.0809464335571,44.3715324690026,61.2939735353347,5.34375
92.1629617399164,92.8123266472556,44.1199108828519,44.4145623511815,61.3233504691131,5.34027777777778
92.1752644128005,92.823852419263,44.1402415753724,44.4286126297666,61.3397818204986,5.33680555555556
92.2023727810244,92.8540406946609,44.2018173355467,44.4554576589941,61.3781903376127,5.33333333333333
92.2260810478119,92.8750756507693,44.2457462544541,44.5278214362629,61.4107966659605,5.32986111111111
92.2815795015156,92.9321466279455,44.3438216101419,44.6219438369959,61.4858174700699,5.32638888888889
92.2993956631755,92.9481660020838,44.3820875739874,44.6398070749356,61.510875336799,5.32291666666667
92.3203416406619,92.9712818343482,44.4272350566433,44.6614882969226,61.5403948806247,5.31944444444444
92.3314570201623,92.9808001249797,44.4386890453129,44.6496131440445,61.5542416228723,5.31597222222222
92.363912118677,93.0137768814629,44.4694027720223,44.6705722269644,61.5966944945394,5.3125
92.3798943403952,93.0289464578932,44.4946379067477,44.6920793039381,61.6184614167101,5.30902777777778
92.3991811948847,93.0506767946001,44.5375390582417,44.7147092141953,61.6457575529814,5.30555555555556
92.4151252591574,93.0641198120361,44.5569625132778,44.7473740865012,61.6657082263455,5.30208333333333
92.4374850801379,93.0883175365564,44.592922047298,44.7718705612604,61.6962018136661,5.29861111111111
92.4609095137163,93.109935771339,44.6345406176513,44.8275041394363,61.7280570927308,5.29513888888889
92.4827393670419,93.133333682646,44.6770960010267,44.8586065835876,61.7582408094539,5.29166666666667
92.5077858480261,93.1576131308719,44.7205370283633,44.9197464028138,61.7919758883604,5.28819444444444
92.5278502362365,93.1770419800543,44.7387809079639,44.9507505371574,61.8176954089685,5.28472222222222
92.5654533078157,93.2189325896647,44.8219889803374,44.9957313818347,61.8707018631127,5.28125
92.5948540045334,93.2444480219562,44.8674721280294,45.057302737229,61.9107534819932,5.27777777777778
92.6272959378391,93.2779780405407,44.9054231742538,45.1072588275829,61.9524935820708,5.27430555555556
92.6658748279426,93.318598040503,44.9848483840203,45.2375990680698,62.0065411810648,5.27083333333333
92.6893047698364,93.3388954037248,45.0178755788998,45.2582395338105,62.0376262392694,5.26736111111111
92.7114733582148,93.3624944764236,45.0615773165463,45.2824289168731,62.0682432954947,5.26388888888889
92.7335140729431,93.3843688385963,45.0998302571576,45.3546168364508,62.0980592386914,5.26041666666667
92.7448030574378,93.3945428757163,45.1114386235324,45.3648422571684,62.112146533829,5.25694444444444
92.7789294537646,93.429022417281,45.1644783817094,45.4073094377138,62.1564006574816,5.25347222222222
92.8190333486092,93.4688138462707,45.2192652288947,45.4556930068635,62.2066892705045,5.25
92.8429794001054,93.4939386941771,45.2632951094452,45.4819319728998,62.2392858660628,5.24652777777778
92.8652779218334,93.5160102204504,45.3003012579093,45.5361154479451,62.2690976976175,5.24305555555556
92.8866994163445,93.5375281666389,45.3421531730854,45.5569615936704,62.2987122003262,5.23958333333333
92.9314979199144,93.5854546972648,45.4135237451656,45.6913811491821,62.3601495491363,5.23611111111111
92.9478114184729,93.5989263705167,45.4344640721371,45.7042019610299,62.3805942591235,5.23263888888889
92.9626006341276,93.6130510157092,45.4614796570175,45.7177881601715,62.4006529341802,5.22916666666667
92.9882321505803,93.6380106941923,45.4925281342977,45.7514544480371,62.4318205409392,5.22569444444444
93.0130775705456,93.6655279697037,45.5411365880204,45.7765148737462,62.4662323973745,5.22222222222222
93.0276652066461,93.6778000001368,45.5629909313297,45.8181275898414,62.4852160629077,5.21875
93.0815017734969,93.7327739461358,45.647876697939,45.8855075281706,62.5552753074113,5.21527777777778
93.1221043115466,93.7723727486268,45.7061878710801,45.9306504189973,62.6068390583448,5.21180555555556
93.1480671061254,93.799785344732,45.7530998407379,45.9573564402425,62.6419631762221,5.20833333333333
93.1613988564472,93.8117817003042,45.7657284213301,45.9720802910379,62.6580893570677,5.20486111111111
93.2032554272397,93.8532638812982,45.8173692524823,46.0239468655228,62.7091180633544,5.20138888888889
93.2287959734884,93.8790176032482,45.8539862813436,46.0685677808867,62.7413225474949,5.19791666666667
93.2512424634779,93.90360891122,45.8957378694693,46.0951364853294,62.7719091634235,5.19444444444444
93.2709175468851,93.9211832600817,45.9093900582593,46.1158176923285,62.7955662765595,5.19097222222222
93.3206414547236,93.9769643501885,46.0080705639223,46.1613511181561,62.8643451734792,5.1875
93.3506829081704,94.0017699862107,46.0466534736266,46.2614826251671,62.9021976979194,5.18402777777778
93.3872784968943,94.0378718272014,46.098419634092,46.3094121829205,62.9482666701857,5.18055555555556
93.4052273170207,94.0552990491779,46.1135632328046,46.3172853051217,62.9684731226936,5.17708333333333
93.4463467169578,94.0986006042742,46.173327844598,46.3629747984369,63.0209816074505,5.17361111111111
93.4718581935997,94.1232597851148,46.2158415738083,46.4390311136253,63.055098448664,5.17013888888889
93.4944045045847,94.1447495663761,46.2506767812277,46.4630594686362,63.0842312105987,5.16666666666667
93.5256653881192,94.1795402955864,46.3052540683714,46.5502103469326,63.1265006287784,5.16319444444444
93.5509345164734,94.2012435649667,46.3503177187424,46.5725150821639,63.1605748270975,5.15972222222222
93.5820473014143,94.2362623173249,46.4077918632537,46.6018456703863,63.2028856669527,5.15625
93.6078769067322,94.2584101048401,46.4497015550189,46.6852084822043,63.2373037254812,5.15277777777778
93.6545011080673,94.3111920997302,46.5226758811964,46.7280671581895,63.2993933701815,5.14930555555556
93.6849422495117,94.337319170979,46.5750856960984,46.8338888569077,63.3405759068736,5.14583333333333
93.7078912497318,94.3589885333369,46.6098856446225,46.8767523710026,63.3702037999283,5.14236111111111
93.7318280576783,94.385023878173,46.6492593537538,46.8981588423276,63.4017932050306,5.13888888888889
93.7534611946341,94.4052199666513,46.6820100628493,46.9564349193664,63.429831445152,5.13541666666667
93.7794207214678,94.4304446814103,46.7193130736975,46.9850431801778,63.4625523793103,5.13194444444444
93.8269055825283,94.484242664887,46.7947565381837,47.0609129276915,63.5259138086136,5.12847222222222
93.8576757231379,94.5095045181346,46.8379848306621,47.0843178471055,63.5649484108195,5.125
93.8969339116451,94.5483749688478,46.8916138676327,47.1256048423649,63.6137074266474,5.12152777777778
93.927204464492,94.5785067779019,46.9293084181713,47.1550116290346,63.6501459339289,5.11805555555556
93.9857353832392,94.638099524617,47.0121695659099,47.2234529300553,63.7237034706536,5.11458333333333
94.0120772850578,94.6629171369443,47.0502750629129,47.2634526138649,63.7570525510248,5.11111111111111
94.0431465848322,94.6985594875278,47.1033180961837,47.2905774857649,63.7985992175818,5.10763888888889
94.067717401453,94.7193664092904,47.1419207402782,47.362568220573,63.8309329137172,5.10416666666667
94.0993804112248,94.7502554222276,47.1733036057931,47.4001427857891,63.8670218351378,5.10069444444444
94.1258034089827,94.7805195848321,47.2200114363234,47.4234433978359,63.9025182088052,5.09722222222222
94.1457524598018,94.7970823739797,47.2453298417391,47.4600483938761,63.927085390363,5.09375
94.155433747756,94.8064984459883,47.2577625641646,47.472006986824,63.9388445681182,5.09027777777778
94.1966166477584,94.8483360029058,47.3082878278877,47.5223124734965,63.9884953330839,5.08680555555556
94.2120798732225,94.8647883104657,47.333708977607,47.5350838474913,64.0088479475692,5.08333333333333
94.2449920247399,94.8984942416557,47.3848598281147,47.6061373582703,64.0517559722908,5.07986111111111
94.2670644768638,94.9191436762349,47.4204886706566,47.6248814158911,64.0805446396322,5.07638888888889
94.3336620012197,94.9896597422663,47.5135663317399,47.7353126490804,64.1645720364232,5.07291666666667
94.3558913881982,95.0077319574076,47.5438230455389,47.7522258832512,64.1925504626211,5.06944444444444
94.3662781282874,95.0175274152588,47.5566082061292,47.7622642583281,64.2049967916251,5.06597222222222
94.3992014734649,95.0544070575964,47.6102630375702,47.7923747407345,64.2480974949324,5.0625
94.4311103745344,95.0834853320623,47.6606890708464,47.889423901857,64.2902211353287,5.05902777777778
94.4694246766087,95.1214285006823,47.7144953326602,47.9305708382441,64.3381386800343,5.05555555555556
94.5145943097643,95.1700119896899,47.7821684224822,48.0161182740861,64.3962011784808,5.05208333333333
94.539575667402,95.1910927199817,47.8242316625285,48.0370941731537,64.4292838843203,5.04861111111111
94.5733312397006,95.2253749588255,47.8683649144763,48.07404479566,64.4706519120427,5.04513888888889
94.6185493499575,95.2701650465948,47.9264804425658,48.127611107183,64.5256404467489,5.04166666666667
94.6637490976809,95.3201360636366,47.9970727098626,48.1707265975635,64.5839932266113,5.03819444444444
94.6877431162798,95.3392768399815,48.0189314727357,48.2274800774015,64.6123654836432,5.03472222222222
94.7198433215034,95.3763557163261,48.0737982126866,48.2544129047035,64.6551079568817,5.03125
94.741124097829,95.3929583713081,48.0990397313198,48.3062070516452,64.6805204793658,5.02777777777778
94.7645361931873,95.4161696807118,48.1230287378312,48.3072426055951,64.7067120233842,5.02430555555556
94.8102478907174,95.4625025982488,48.181651719204,48.3575732521716,64.7622914580956,5.02083333333333
94.8626272326031,95.5153547843681,48.2481431629951,48.4260159486474,64.8259661552368,5.01736111111111
94.8905089565698,95.5417634605071,48.2790531776504,48.4440558515893,64.8582673869412,5.01388888888889
94.9140389928169,95.5651185802257,48.3022327321531,48.4751756240915,64.8846353074723,5.01041666666667
94.9601985960254,95.6160778103358,48.3689453793671,48.5350828890634,64.9428266345028,5.00694444444444
94.9828839755703,95.6343712187452,48.3926441005802,48.5699219324151,64.9699801573585,5.00347222222222
95.0194231109428,95.6715148925308,48.4275081589623,48.6067101528501,65.0112398217647,5
95.0528398496089,95.7043302417002,48.4701235096448,48.651024049402,65.0516463680553,4.99652777777778
95.0867308296301,95.7377452142519,48.5028910650317,48.6867954079351,65.0888335683099,4.99305555555556
95.1157039834031,95.7662310637103,48.5306935494307,48.7233177661779,65.1213584322145,4.98958333333333
95.1493048460712,95.8012832885435,48.5736614833123,48.7684534326284,65.1619903937461,4.98611111111111
95.1825252288528,95.8368847961238,48.620679175082,48.8200835842279,65.2040533500098,4.98263888888889
95.2033697804471,95.8540366878568,48.6486591119911,48.8425847706032,65.2299031741134,4.97916666666667
95.2405175629727,95.891677728247,48.693237326573,48.8939616857504,65.2739436585981,4.97569444444444
95.275540122165,95.9258870895258,48.7194206860241,48.935083601929,65.3109043662938,4.97222222222222
95.312409901439,95.9649317416953,48.7575450685935,48.9878299336221,65.3531473852029,4.96875
95.334760041182,95.9865792076916,48.7899401377262,49.0055871923138,65.3814950922918,4.96527777777778
95.364562401298,96.0178041816828,48.8277676393419,49.0511837527024,65.4177153203854,4.96180555555556
95.3942357130824,96.0461689388302,48.8664624851523,49.086396030415,65.4537612519861,4.95833333333333
95.4184440955897,96.0693880080833,48.8917732266073,49.1223668496704,65.4809075203844,4.95486111111111
95.4478414280514,96.0980848390264,48.922164174177,49.1537337774195,65.5141122250712,4.95138888888889
95.4819611420189,96.1378900273535,48.9662785643456,49.192867558035,65.5561523147306,4.94791666666667
95.5085401282391,96.1591812398781,49.0023763577076,49.2266304789883,65.5896926882571,4.94444444444444
95.5392307144086,96.189797781473,49.0344754748823,49.2637948345532,65.6241271399245,4.94097222222222
95.5825654148758,96.2403295878397,49.1000577947333,49.3126445008333,65.6794425863106,4.9375
95.6125531681415,96.2642726486729,49.1044549464584,49.3334466607962,65.7140875297446,4.93402777777778
95.6610364039169,96.3139176440835,49.1641921170201,49.4065622811544,65.7717860295784,4.93055555555556
95.684395868398,96.3350126079294,49.1931344767493,49.4347768935339,65.7993878015745,4.92708333333333
95.7430224759559,96.3946645397938,49.2480951195547,49.5074307002165,65.8636521405948,4.92361111111111
95.762301849195,96.4130985264462,49.2692693388424,49.5315575482164,65.8857120729202,4.92013888888889
95.8017402566933,96.4586331751989,49.3204943547677,49.5605716171568,65.9341455463387,4.91666666666667
95.8302470881094,96.4818808756088,49.3603620368748,49.6000670027079,65.9703817548276,4.91319444444444
95.8760052861434,96.5268444312351,49.4051473108979,49.658012126339,66.0216940761862,4.90972222222222
95.902953025514,96.5579051936615,49.4447579641947,49.6852535418012,66.0559015074165,4.90625
95.9459521027547,96.5967748935639,49.4976832443062,49.7527300213738,66.1072326411681,4.90277777777778
95.9744981535383,96.6297518318067,49.5410749989462,49.7832082175837,66.1437901908056,4.89930555555556
96.0194998522522,96.6734768886408,49.6035060100226,49.8473440295064,66.2006402256556,4.89583333333333
96.0423546836049,96.6930172100191,49.6315598199502,49.8722487240638,66.2274847552651,4.89236111111111
96.1020623253968,96.7542606175817,49.6898847974164,49.9469267865675,66.2930502331478,4.88888888888889
96.1396515677627,96.7906447158571,49.7363370863904,49.9943094059686,66.3377145896024,4.88541666666667
96.1637656787807,96.8151669901,49.7651852792681,50.0291906278306,66.3659716526273,4.88194444444444
96.203762001106,96.8548617520764,49.8107034999725,50.0765304744003,66.4123898568816,4.87847222222222
96.2263101022645,96.876442975146,49.8332290286347,50.1023376717791,66.4368721657024,4.875
96.2733049848207,96.932918271107,49.8913306177008,50.1403044140056,66.4942909525843,4.87152777777778
96.3039710694425,96.9547663208,49.9173367131985,50.1456853910639,66.5282677632168,4.86805555555556
96.3494979206656,97.0033513285193,49.9719637668236,50.2110469406692,66.581895577728,4.86458333333333
96.3675765035618,97.0182885931421,49.9899167795356,50.2292626434903,66.6013485658762,4.86111111111111
96.4187265860778,97.0732038125994,50.0516284134144,50.2887049411516,66.6615223657636,4.85763888888889
96.4421747678622,97.0931753394799,50.0791529135033,50.3198664290476,66.6889027361357,4.85416666666667
96.4826010048232,97.1327116368103,50.1183528123025,50.3627706693268,66.7324679475258,4.85069444444444
96.5231752383523,97.172891295448,50.1567612372156,50.4088101209119,66.7761049226912,4.84722222222222
96.5751853855437,97.2349833113348,50.231534456024,50.4645870848907,66.8411986568775,4.84375
96.6048422778269,97.2550539616748,50.2513441572131,50.4575460769834,66.8724676565869,4.84027777777778
96.6505062165153,97.3054456565092,50.3088325857664,50.5125119195228,66.9268578078183,4.83680555555556
96.6688666958822,97.3205404755194,50.3269759396822,50.5343339741712,66.9466213230545,4.83333333333333
96.7216891503727,97.3808711955272,50.3973148843174,50.6060708222414,67.0122504869706,4.82986111111111
96.7450568673443,97.3988774979679,50.42626021751,50.6260288538163,67.0400696925015,4.82638888888889
96.7703016417167,97.4212386173991,50.4547600916284,50.6572951660213,67.069112887947,4.82291666666667
96.8098800927547,97.4681758438255,50.5068163312664,50.6953676675916,67.1170910972132,4.81944444444444
96.8413108641498,97.4926731146344,50.5413255517096,50.7282192750172,67.1534568874112,4.81597222222222
96.8924758838226,97.5540079762069,50.6132386255512,50.7805808672069,67.217026636626,4.8125
96.9237267521867,97.5755643722702,50.6104183455784,50.7666001684495,67.2443469121618,4.80902777777778
96.9837325982042,97.6353175217353,50.6615581875201,50.8372199276382,67.3069280583132,4.80555555555556
97.0444619798863,97.6955484336518,50.7141866147957,50.9029764630584,67.3697040930278,4.80208333333333
97.0948076237622,97.7479338462095,50.7688947045236,50.9680628891137,67.4264345595536,4.79861111111111
97.121945655351,97.7731368985948,50.7558672382625,50.9910105575787,67.4505935041637,4.79513888888889
97.174177209759,97.8343972996431,50.8233779054995,51.0588058339202,67.5149311185198,4.79166666666667
97.2110211016496,97.8627633185709,50.8386160999394,51.0879630176745,67.5558803715617,4.78819444444444
97.2679477389268,97.9199586424392,50.8924672325975,51.144836330004,67.6160338427082,4.78472222222222
97.3084746738734,97.9619373770017,50.9386106793847,51.1991292214581,67.6628358027986,4.78125
97.3285542085246,97.9787342026907,50.9594305440698,51.2180069312263,67.6847528589491,4.77777777777778
97.378332290897,98.0281495609952,50.9902520713813,51.2784951890746,67.7322842528391,4.77430555555556
97.4350984808601,98.0861414569441,51.0436032851019,51.3446273921581,67.7928657790168,4.77083333333333
97.4700113462269,98.1250159341069,51.0246409761525,51.366545323125,67.8299488836185,4.76736111111111
97.5051494880485,98.1546653917033,51.0611852952392,51.4065698369525,67.8689075652132,4.76388888888889
97.5561954422183,98.2050824780527,51.0948415832857,51.4655062916571,67.9167913095133,4.76041666666667
97.6206594739581,98.2716885675585,51.1616846569075,51.5412885378518,67.9878073071502,4.75694444444444
97.639973521099,98.2887757318931,51.1783253405597,51.5666527776485,68.0078166284223,4.75347222222222
97.6592132564696,98.3077211301789,51.1924514702045,51.5950745382075,68.0275821232775,4.75
97.7008461081484,98.3491316796115,51.2260691026967,51.630330684288,68.0700974970845,4.74652777777778
97.7427169673554,98.3890947318947,51.2554499077074,51.6727720974171,68.1121559126968,4.74305555555556
97.7996143347036,98.4473550145441,51.302360197908,51.7276206021453,68.1699191295516,4.73958333333333
97.8528968966684,98.5011792746341,51.361470092391,51.7876576331883,68.2301724446781,4.73611111111111
97.8753904477588,98.5211093408092,51.3798278479883,51.8132590552528,68.2529323207903,4.73263888888889
97.9317092773387,98.5902043787439,51.4479387723461,51.865719490557,68.319597257292,4.72916666666667
97.9562648587589,98.6036314031986,51.462054320807,51.8751951937252,68.3407812597606,4.72569444444444
98.0102104389182,98.6617633178133,51.5201824466552,51.9428959213512,68.4013965816726,4.72222222222222
98.045487504308,98.6927271186676,51.5608591746936,51.9792105834158,68.4416357988668,4.71875
98.1024947094053,98.7620146555105,51.6247227017933,52.0437142552025,68.5085039486408,4.71527777777778
98.1272484901437,98.7750223855708,51.6404433073043,52.0486570743514,68.5297343930956,4.71180555555556
98.1888956286499,98.8528238723479,51.6840753577634,52.0753146652894,68.5978043174538,4.70833333333333
98.2226268701321,98.8778129152159,51.7194345826517,52.1005945868694,68.6355398124164,4.70486111111111
98.2555435867797,98.9055697907629,51.7583352055542,52.1304231419167,68.6737086331896,4.70138888888889
98.2830457043268,98.9344358206423,51.7481397336156,52.1585858773542,68.6996607855399,4.69791666666667
98.3058373599413,98.9551372253596,51.765993664873,52.1818733510438,68.7227027524853,4.69444444444444
98.3607239024285,99.0167168767827,51.823548563914,52.2588849653515,68.7831110757086,4.69097222222222
98.4051143463739,99.0564614206105,51.8794633127223,52.3013752365747,68.836137759669,4.6875
98.4249828612472,99.0737837578914,51.8980723956353,52.3237492619648,68.85697258407,4.68402777777778
98.490967906177,99.1396273251813,51.9526866425008,52.3945414954443,68.9235265990128,4.68055555555556
98.5587149298532,99.221031613914,52.0399263855918,52.4596504826231,69.004902863066,4.67708333333333
98.5903133896829,99.2375443510308,52.0563448308806,52.5002038285027,69.0323948706425,4.67361111111111
98.6352384775611,99.2906944757221,52.1087290782047,52.5536205184713,69.0855386264883,4.67013888888889
98.6820909345184,99.3288371474762,52.1272391429139,52.6008547679536,69.1314140683271,4.66666666666667
98.704077334125,99.3506632284318,52.1463571559064,52.6261955850152,69.1540077414308,4.66319444444444
98.7726835444978,99.4347270664612,52.2281654196623,52.7096257767514,69.2356182134065,4.65972222222222
98.8190182481698,99.4697181846574,52.2829683302919,52.7510413889224,69.2892474747876,4.65625
98.8430311340078,99.4900151718679,52.3002864594419,52.7776645723257,69.311602813858,4.65277777777778
98.9098548195378,99.556508324862,52.3584360400485,52.8465579067906,69.3795806409988,4.64930555555556
98.9589949759846,99.6128265781114,52.3951074899694,52.8926480925181,69.4297367363779,4.64583333333333
98.9931064748272,99.6395601602619,52.4322551392637,52.9300687602722,69.4688675855303,4.64236111111111
99.0496829446144,99.7048980682054,52.493125896554,52.9879642656154,69.5315337626574,4.63888888888889
99.0968072097682,99.7459352826531,52.5442734895219,53.0397660577519,69.5853881200752,4.63541666666667
99.1493098417793,99.7950548635116,52.5786164841327,53.067072801575,69.6333355729735,4.63194444444444
99.1712410324374,99.8169796646312,52.6006828755907,53.0915189389368,69.6571730624394,4.62847222222222
99.2287442677454,99.8827225234686,52.6592799195063,53.1607671281739,69.7199821471892,4.625
99.260332445009,99.9069896006434,52.6903613724809,53.1879212239051,69.753382043504,4.62152777777778
99.326325163335,99.9760712463683,52.7483950150117,53.2562950267992,69.8209016657089,4.61805555555556
99.365865029518,100.013149735596,52.7879513344743,53.2918270199118,69.8631541631688,4.61458333333333
99.4040027952111,100.0522683207,52.8269314244501,53.3403223842875,69.9049007525524,4.61111111111111
99.4783750098421,100.13044012894,52.9009885214339,53.4143716132449,69.9842850030465,4.60763888888889
99.5103999105079,100.155671509503,52.9307198494932,53.4470154084224,70.0178268716822,4.60416666666667
99.5862699424038,100.230690742523,52.9882110910833,53.5172591434509,70.0900629404047,4.60069444444444
99.6527064619334,100.310723458229,53.0643278435207,53.5800039517765,70.1657265045056,4.59722222222222
99.693678304185,100.340291885341,53.0986225464067,53.6146956605137,70.2088393147819,4.59375
99.7336245115252,100.381342157001,53.1375135373891,53.6592902561067,70.2516675250543,4.59027777777778
99.7640772839715,100.408633794847,53.1618158492375,53.6897403117205,70.2809584869586,4.58680555555556
99.8161261144024,100.468496738445,53.1964183150021,53.7404600418141,70.3323342342058,4.58333333333333
99.8558783590096,100.501069901146,53.2390041351177,53.7744189835573,70.3764371019123,4.57986111111111
99.9315212939485,100.586111392399,53.3124659445422,53.8613181587419,70.4570186461261,4.57638888888889
99.972950206111,100.618528360052,53.3485675021927,53.8909787509707,70.5006460009285,4.57291666666667
100.040557721707,100.699851146739,53.4209674233907,53.9686569035775,70.577005636625,4.56944444444444
100.093204851656,100.738634602043,53.474334650095,54.0114999505047,70.6339164974443,4.56597222222222
100.17791083447,100.832404173845,53.5442279902628,54.0717405538379,70.7180921429597,4.5625
100.218501577809,100.86363102142,53.5843104765349,54.1133760699203,70.7625884316469,4.55902777777778
100.288787852161,100.955442154587,53.6556958624506,54.1545695190318,70.8410391352781,4.55555555555556
100.331859998153,100.978769425798,53.6875254201477,54.1755472879913,70.8827013923516,4.55208333333333
100.402302287414,101.054520235906,53.7474712005458,54.2364413177665,70.9530275621856,4.54861111111111
100.438061999859,101.084112324303,53.7793399561645,54.2719827059727,70.9897432346297,4.54513888888889
100.498067901071,101.142298696255,53.8191416953726,54.3189272765784,71.0428470280957,4.54166666666667
100.533513634932,101.180785263739,53.8525063066897,54.3530134336844,71.0797416849985,4.53819444444444
100.583626246655,101.230125552395,53.8963906314344,54.4047099476549,71.1304262669481,4.53472222222222
100.657485390104,101.308190269305,53.9629075015186,54.4731589085095,71.2062108132105,4.53125
100.691199051038,101.335063267615,53.9931881712012,54.506153016158,71.240820224263,4.52777777777778
100.756824771639,101.404532822519,54.049209749575,54.5724289909759,71.3065306666643,4.52430555555556
100.790407318571,101.434554167127,54.0812761047244,54.600695367951,71.3414341474034,4.52083333333333
100.838591426852,101.490359953465,54.1005647026098,54.6400176811011,71.385354962116,4.51736111111111
100.882055252855,101.52509829391,54.1368366996706,54.6614354086967,71.427736930332,4.51388888888889
100.936080748178,101.580880561132,54.1602530790545,54.708723378919,71.473807150027,4.51041666666667
101.000679939449,101.655911610704,54.2162255871485,54.7364831053659,71.5421700698831,4.50694444444444
101.055208021002,101.696681773751,54.2679092097871,54.7925610560099,71.6004061463457,4.50347222222222
101.117047547669,101.760086795458,54.3101730489716,54.836306723135,71.6549580799525,4.5
101.158383365541,101.80193143347,54.3460640135276,54.8768198978755,71.6964439833822,4.49652777777778
101.214556595695,101.853802351602,54.3725611952926,54.9041668328933,71.7428975457198,4.49305555555556
101.287187131088,101.94862046319,54.4280133166908,54.9371516394497,71.8189912394197,4.48958333333333
101.333455962961,101.973679731735,54.4595806495331,54.9459173853076,71.8608826472039,4.48611111111111
101.406614460814,102.068157852485,54.5244016471423,55.0068589297631,71.9377874862798,4.48263888888889
101.438312311478,102.087448704529,54.5455282295152,55.0191213015906,71.9658041398908,4.47916666666667
101.467034341908,102.108956782403,54.5706524207204,55.041277883115,71.9943551538505,4.47569444444444
101.522388027666,102.179671469968,54.6261873479721,55.0879901323729,72.0538091369242,4.47222222222222
101.554026824619,102.198733301699,54.6462313639851,55.1055271338722,72.082101388495,4.46875
101.68273295637,102.324388458658,54.7472051055854,55.2142375023875,72.2038872018065,4.46527777777778
101.752773438493,102.39925268638,54.8053375099429,55.2762602381887,72.2719757861124,4.46180555555556
101.78185096286,102.420972562083,54.8295313887408,55.3024497868058,72.3006956985568,4.45833333333333
101.837658259016,102.492218658193,54.882366109447,55.3569799445239,72.3606322116468,4.45486111111111
101.878800503454,102.520941182448,54.9211185274691,55.3881944428892,72.4036418338597,4.45138888888889
101.920946662349,102.565278193533,54.9591553615776,55.4249089188693,72.4462039456821,4.44791666666667
101.971477038133,102.618975813751,54.992401644207,55.4642149609562,72.493145806076,4.44444444444444
102.006125120835,102.648356279815,55.022281368053,55.4906863245845,72.527393367446,4.44097222222222
102.068520260045,102.724147847947,55.0816638373969,55.5541443522766,72.5940386004256,4.4375
102.11924271855,102.762721780299,55.1145341494356,55.591592054974,72.6410561278569,4.43402777777778
102.181559450567,102.837309849534,55.1779162480316,55.6446675991352,72.7081574542557,4.43055555555556
102.223149652616,102.86654548018,55.2149863275148,55.6830444982582,72.7515186573649,4.42708333333333
102.305268128874,102.946613995614,55.2753080451435,55.7496081611741,72.8258032267296,4.42361111111111
102.360171308087,103.011589823057,55.2738813190292,55.7941867606759,72.8698680949915,4.42013888888889
102.39533023068,103.037136385206,55.3026578752553,55.8252082248861,72.9044348074253,4.41666666666667
102.480507404943,103.128917586049,55.3705648646104,55.9023955295191,72.9862489239626,4.41319444444444
102.541546149163,103.180593310084,55.4213465667928,55.9511731764658,73.0453002705848,4.40972222222222
102.621284985953,103.266361936247,55.4748400047484,55.9985410844222,73.1160270953026,4.40625
102.683119962836,103.322009007722,55.5247842100882,56.0570452798465,73.1757800001732,4.40277777777778
102.766198049608,103.399665372095,55.5857635113006,56.1240408385249,73.2509592772607,4.39930555555556
102.845072606277,103.502915223851,55.6579441548011,56.1830231810963,73.3334839757221,4.39583333333333
102.891102584936,103.527902987405,55.6738952554558,56.1878723559848,73.3697747414705,4.39236111111111
102.970853046317,103.639670726396,55.7275010269099,56.1934572276193,73.4524715921057,4.38888888888889
103.016197236293,103.664597716593,55.747734426748,56.2041487098866,73.4893403690113,4.38541666666667
103.085554089843,103.725637175907,55.8033246565705,56.2641883382947,73.5556590282162,4.38194444444444
103.155522969991,103.804239346643,55.8584019284837,56.329991539426,73.6222397481029,4.37847222222222
103.239610069258,103.875065766538,55.9054901251774,56.3733214441069,73.6919818590874,4.375
103.319908917457,103.981465077186,55.974446254619,56.4442335798478,73.7755979084223,4.37152777777778
103.368969692014,104.006988890537,56.0078202467868,56.468824205582,73.8186015493684,4.36805555555556
103.455146352743,104.099410049472,56.0439151197085,56.5293109843518,73.8872699718139,4.36458333333333
103.512202944466,104.154944227547,56.0972556320753,56.5732504756298,73.9463112113621,4.36111111111111
103.553591427145,104.190701944086,56.1299254517632,56.6147325991091,73.9858813270285,4.35763888888889
103.582833853213,104.216318322081,56.1506538803523,56.636070698789,74.0118374940211,4.35416666666667
103.645109908599,104.289988989774,56.1865566462794,56.6939171145848,74.0675539539111,4.35069444444444
103.693761345252,104.327450941951,56.2174287167278,56.7264353666171,74.1103053780451,4.34722222222222
103.738333859222,104.37167534367,56.234634578596,56.7648099661826,74.143352160947,4.34375
103.800112192522,104.445327047349,56.2905754786089,56.8131379196804,74.2066180241887,4.34027777777778
103.848737065543,104.480728636641,56.321281480684,56.8484388369745,74.2495070189837,4.33680555555556
103.929124577922,104.56218409673,56.3689379273202,56.9126401073497,74.3167715221037,4.33333333333333
103.974305918367,104.601311956429,56.390904173737,56.94516352803,74.3506161204816,4.32986111111111
104.055759335241,104.684326474629,56.4417079872449,57.0027646357492,74.4186320585365,4.32638888888889
104.118096155687,104.753965718424,56.4945019881928,57.0591432614275,74.481935018987,4.32291666666667
104.17081426848,104.795845640639,56.528904984705,57.0983397718143,74.5288362237312,4.31944444444444
104.230105210543,104.873250876518,56.578727336102,57.1493720342684,74.5890542051362,4.31597222222222
104.290784558387,104.919017169374,56.6246868824311,57.1881346745325,74.6479159181206,4.3125
104.349705464292,104.991841229464,56.6755049109996,57.2410613573733,74.7081719106798,4.30902777777778
104.384836456666,105.013179368107,56.6937238940371,57.2591326686003,74.7361574619601,4.30555555555556
104.482912151955,105.113178065143,56.7651071225159,57.3331277124122,74.8246254419198,4.30208333333333
104.542939433042,105.165268135664,56.8068952162788,57.3783246824648,74.8775890886869,4.29861111111111
104.635042268198,105.25443787839,56.8695028698502,57.4440526904963,74.9573242291054,4.29513888888889
104.739995516762,105.389705003182,56.9316027895841,57.520590698526,75.0511170794852,4.29166666666667
104.802624379183,105.43105480708,56.9809597531702,57.5621922459814,75.1114735532851,4.28819444444444
104.853384495656,105.475790514052,57.0188865004993,57.5991621758759,75.1574733655001,4.28472222222222
104.927474949493,105.565217595902,57.0666943924639,57.6577061269305,75.2223930516389,4.28125
104.988863300571,105.613577192467,57.121944335561,57.7027003237187,75.2846910411279,4.27777777777778
105.030272811944,105.649934361141,57.1482160542315,57.730743812848,75.3190581824147,4.27430555555556
105.110081726906,105.747197995801,57.2080508912345,57.7928295167931,75.3920614413786,4.27083333333333
105.156994198437,105.774425216669,57.2340399072259,57.8259173539875,75.4299589536788,4.26736111111111
105.243078625226,105.869263023629,57.2911144182531,57.897159776484,75.5060744420151,4.26388888888889
105.296033349612,105.909020051902,57.306115805305,57.9330938524144,75.547173929181,4.26041666666667
105.369116848465,106.002387966131,57.3573077791957,57.9880434264939,75.6131642646586,4.25694444444444
105.419335458045,106.034315415214,57.3860905797981,58.0190737461233,75.6561904045867,4.25347222222222
105.517393831321,106.126279549897,57.4476678924725,58.0843060995663,75.7372463944403,4.25
105.56524923339,106.172274567886,57.4761153058484,58.1120644164019,75.7764522235426,4.24652777777778
105.616889785401,106.227209986435,57.5137727294326,58.1536447354459,75.8233385467523,4.24305555555556
105.659090929842,106.261051458478,57.5408635054529,58.1809803902868,75.8583017140204,4.23958333333333
105.769310081922,106.405780822087,57.5989156780341,58.2549942124629,75.9537252538128,4.23611111111111
105.870806279627,106.428075514877,57.6335846543686,58.294221827561,76.0044314532199,4.23263888888889
105.960564093056,106.527609415908,57.693421193404,58.356170719751,76.0825513230972,4.22916666666667
105.998982171945,106.551327584251,57.7098752604249,58.3743570246012,76.1113215912388,4.22569444444444
106.098424378903,106.644983095119,57.7725952542811,58.4399523741872,76.1935965681881,4.22222222222222
106.164139911013,106.732054907758,57.813937083224,58.4840110929785,76.253984682892,4.21875
106.218268948584,106.764881883829,57.840694230141,58.5113569939068,76.297371604775,4.21527777777778
106.270092226473,106.833020358745,57.8645680048774,58.5471538915183,76.3408606928572,4.21180555555556
106.315579171697,106.864101457107,57.8984977578537,58.5770266985926,76.3820718136905,4.20833333333333
106.379692626113,106.949667988765,57.9513686998609,58.6315971438104,76.446104944172,4.20486111111111
106.420638174609,106.973657601763,57.9799315064751,58.6562402258722,76.4815898395589,4.20138888888889
106.474956275963,107.02260823318,58.0151581095716,58.6924217424497,76.5270190074441,4.19791666666667
106.55910168185,107.126729973732,58.0743791345706,58.7617455952321,76.6022205817372,4.19444444444444
106.628913724229,107.177464366794,58.1315684943181,58.8139097710506,76.6689604677691,4.19097222222222
106.717479155896,107.286124859568,58.1809122721923,58.8426077827228,76.741778647447,4.1875
106.788201866726,107.336034982432,58.2282366094102,58.8969232107698,76.8042126978377,4.18402777777778
106.884864644867,107.410061875182,58.2813558522622,58.9516276401864,76.8744798572698,4.18055555555556
106.951263296942,107.470394092568,58.3195524791104,58.9939984709943,76.9247043365399,4.17708333333333
107.00511652707,107.522575153418,58.3512835041835,59.0323502566195,76.9669689001024,4.17361111111111
107.10226545382,107.597134502103,58.4041808347795,59.0884070609171,77.0374779086796,4.17013888888889
107.157550650197,107.646957440562,58.439556901502,59.126126931796,77.0835639901038,4.16666666666667
107.253881368283,107.736541287544,58.4999823558517,59.1890189798877,77.1623394859932,4.16319444444444
107.347467179607,107.847428819088,58.5681544256164,59.2642582699136,77.2472370129391,4.15972222222222
107.404187298786,107.889333555144,58.6058361102288,59.3006942542479,77.295470309459,4.15625
107.497731682222,108.000337000222,58.6763080914922,59.3701951489886,77.3807822471225,4.15277777777778
107.539440401045,108.025029134983,58.7038238302675,59.3994437192072,77.4167745735695,4.14930555555556
107.662698661427,108.189308512727,58.8030861356031,59.503689324679,77.5381875034297,4.14583333333333
107.716307449282,108.206477900007,58.8284887547253,59.5179371005626,77.5760196065006,4.14236111111111
107.764019079821,108.248230105747,58.8613606162196,59.5502980091919,77.6171315263105,4.13888888888889
107.830040621877,108.326765108915,58.9003028861279,59.6037316355216,77.6732889339868,4.13541666666667
107.905476840211,108.389503724281,58.9455030990127,59.6540520431424,77.7364067930795,4.13194444444444
107.968449939125,108.462802925978,58.9750324732769,59.694519765347,77.7858359095839,4.12847222222222
108.021020476497,108.502457592734,59.0118428674224,59.7294918173915,77.8315107393609,4.125
108.192514775657,108.694962662139,59.115969233914,59.8246678651513,77.9727131996591,4.12152777777778
108.246978624055,108.731523358669,59.1512093551997,59.8590055876079,78.020975523415,4.11805555555556
108.319770262814,108.811151839972,59.2076213004044,59.920838831594,78.0899987132471,4.11458333333333
108.394024393358,108.876387847884,59.2666746271096,59.9721738976253,78.1600423452818,4.11111111111111
108.44175290416,108.926719660212,59.3002262496897,60.0079276502894,78.2030387506171,4.10763888888889
108.482033893845,108.95879222775,59.3279585256288,60.0366800106216,78.2370661166952,4.10416666666667
108.607180015748,109.131103177352,59.4368839116688,60.1266343164916,78.3617430516602,4.10069444444444
108.693064575781,109.180441292938,59.4885935090926,60.1667578393211,78.4352580669041,4.09722222222222
108.827588320856,109.318309229347,59.5563442329281,60.250383475097,78.5344649673295,4.09375
108.885851528943,109.370530840094,59.5979912429402,60.2908079169642,78.5854850130464,4.09027777777778
108.961115439781,109.465327753484,59.6545650013014,60.3512443874426,78.6561172366504,4.08680555555556
109.014173538386,109.500185803186,59.6897547390575,60.3842971001211,78.7003765034115,4.08333333333333
109.085177817572,109.582282531708,59.7401917230126,60.4339923599655,78.7627030141652,4.07986111111111
109.134467771323,109.619009352261,59.7729685770838,60.4700767922725,78.80486573287,4.07638888888889
109.263582538223,109.793489772986,59.8562553516044,60.5640584254532,78.9168310789151,4.07291666666667
109.338698835052,109.831215472772,59.8978340970642,60.5956491462179,78.9767041949949,4.06944444444444
109.420040871341,109.910024018802,59.9301346274527,60.6152723176842,79.0346899764343,4.06597222222222
109.461577516366,109.950224366138,59.9579428264676,60.6466457544167,79.0694057596987,4.0625
109.556942137317,110.075552348863,60.0319449607898,60.7157651756859,79.1580752613077,4.05902777777778
109.63170118556,110.119221742845,60.0649988544509,60.7469103783501,79.2151669021726,4.05555555555556
109.78049147113,110.277698772874,60.1111545830195,60.7734963172653,79.3157694786199,4.05208333333333
109.849025419683,110.356671433595,60.152714341391,60.8097680491541,79.3742594996176,4.04861111111111
109.917945257822,110.401561850843,60.1991982495608,60.8574281027513,79.4346513400543,4.04513888888889
110.014248746508,110.527802154758,60.2619424162259,60.9265468238718,79.5165362462999,4.04166666666667
110.070271726583,110.5595311235,60.299393552076,60.9618675404392,79.5631023845374,4.03819444444444
110.226304748866,110.729078509577,60.3360005267634,60.9930631533094,79.6633477620884,4.03472222222222
110.296604039316,110.800614311428,60.3844392844142,61.0385167867614,79.7241955410067,4.03125
110.34822687596,110.834267291022,60.4024646639475,61.0589092714011,79.7571666639832,4.02777777777778
110.499212883992,110.995231798853,60.455573095504,61.1389397407373,79.857154547755,4.02430555555556
110.593070351195,111.094204132332,60.5219959282769,61.2082178494636,79.943073374547,4.02083333333333
110.663099644614,111.151875883189,60.5714369415367,61.2530898998674,80.0042883590374,4.01736111111111
110.724211543175,111.218332250435,60.6132466297844,61.2994717988919,80.0572357521722,4.01388888888889
110.786494873301,111.262956884352,60.6474550381865,61.3341644877854,80.1028476716095,4.01041666666667
110.868441224697,111.386322352238,60.7162393223962,61.3800219491796,80.1817910560989,4.00694444444444
110.961632077419,111.44091845428,60.7785541875828,61.4450279974147,80.263848910851,4.00347222222222
111.062973466795,111.539656506685,60.8264456071006,61.5055329606111,80.3386189626573,4
111.147702487787,111.620799894728,60.8795923883904,61.5586412035559,80.4072792706702,3.99652777777778
111.210564673677,111.692998311176,60.9183267045477,61.6019809473884,80.4594448962563,3.99305555555556
111.239501370703,111.706249460903,60.9120624634124,61.6053992732977,80.4686483845822,3.98958333333333
111.356787445632,111.829240427518,60.9833937336795,61.6793416453316,80.5618003564825,3.98611111111111
111.427536333999,111.902168260825,61.0316306036609,61.7312333717882,80.6241318628561,3.98263888888889
111.525113448362,112.015461207056,61.1023516632098,61.789678760236,80.7120371425238,3.97916666666667
111.583665831565,112.050410086292,61.1392751522743,61.8314458946848,80.760643947659,3.97569444444444
111.659179703268,112.140864371878,61.1905403514489,61.8881579649615,80.8260155938447,3.97222222222222
111.732871881061,112.206100602136,61.2360161392857,61.9301088014746,80.8844384816175,3.96875
111.799237738312,112.271178105419,61.2675275901057,61.9669465290911,80.9330335941566,3.96527777777778
111.911416285448,112.404805339916,61.3529067752629,62.0416502886704,81.0359528609421,3.96180555555556
111.969600716794,112.437913391692,61.3897871029773,62.0814028163556,81.0842805777494,3.95833333333333
112.030400334672,112.495316739325,61.4262882280943,62.1199767774417,81.1325018807939,3.95486111111111
112.121139337234,112.593972020257,61.4709083670913,62.1578258288994,81.1984281332167,3.95138888888889
112.235053796854,112.718640207751,61.5516499130315,62.2446503678878,81.3015514890585,3.94791666666667
112.299222054499,112.761269232185,61.5787530138677,62.2748501275898,81.3443627673762,3.94444444444444
112.447344933661,112.917382219461,61.6658989554588,62.3632674617079,81.4594231052946,3.94097222222222
112.54730821499,113.014003561537,61.7230229506722,62.4201574701443,81.5426373952884,3.9375
112.626394778099,113.085108482081,61.7682980731579,62.461551050282,81.6044179095859,3.93402777777778
112.683907947152,113.141728970297,61.8048035273706,62.5013668163254,81.6521986024555,3.93055555555556
112.830301427357,113.332512401366,61.9102700187802,62.5899681107406,81.7848369670447,3.92708333333333
112.900569713612,113.363657498166,61.9505395505778,62.6345984916224,81.838049612211,3.92361111111111
113.003838255637,113.466904859142,62.0047292598307,62.6908500901443,81.9163095845739,3.92013888888889
113.1438783262,113.569207781773,62.076372009823,62.7674422355846,82.0139561064265,3.91666666666667
113.283940957752,113.663631740571,62.152394080712,62.8333091514456,82.112025204351,3.91319444444444
113.414366589772,113.8322684052,62.2201576562733,62.8861731367897,82.2238713667169,3.90972222222222
113.515196142768,113.85040806131,62.2656141197552,62.9291878686569,82.283751500223,3.90625
113.604792057968,113.931753701166,62.305406373646,62.9790532545816,82.3433518533984,3.90277777777778
113.693135444767,114.030663254462,62.3601142208539,63.038147914745,82.4152971423693,3.89930555555556
113.865772223551,114.223509963489,62.481137246904,63.1544762042225,82.5653014853294,3.89583333333333
113.938273602862,114.260885467939,62.5106529954396,63.1874860495343,82.6111988225065,3.89236111111111
114.068843923057,114.464395690127,62.5847931519679,63.23524126761,82.7238773393551,3.88888888888889
114.176733476154,114.502845352794,62.6237987022401,63.2776795758794,82.7898435828527,3.88541666666667
114.330019345972,114.716370200531,62.7253396087738,63.3832415401121,82.9259595050811,3.88194444444444
114.439099126319,114.769889020227,62.7832376186631,63.4310885250928,83.0111447344843,3.87847222222222
114.538239432466,114.863273555134,62.834445001876,63.4898023346619,83.0830947142722,3.875
114.656582848645,114.983038188096,62.915162410791,63.5651959292692,83.1829776925093,3.87152777777778
114.755295861379,115.083720963152,62.9806955565304,63.6357404880498,83.2681844606227,3.86805555555556
114.811804095426,115.135184216784,63.013493754865,63.6703159869353,83.3105377259779,3.86458333333333
114.919846450956,115.260540975276,63.0763378264472,63.7423563402624,83.3973270522203,3.86111111111111
115.018453867032,115.345445135824,63.145631631484,63.8042552309777,83.4830068278701,3.85763888888889
115.196190428997,115.561018290163,63.2653711696132,63.9354305263688,83.6365160574499,3.85416666666667
115.298607689287,115.607905657916,63.3167826918524,63.9804303163499,83.7074258187669,3.85069444444444
115.425032018426,115.749085990919,63.3932401200645,64.0634543569674,83.8080697856692,3.84722222222222
115.545208010421,115.880526629157,63.4789048135421,64.1375050397116,83.9142207809256,3.84375
115.623511903397,115.939156100286,63.5261071624174,64.1901878275251,83.9769841205113,3.84027777777778
115.744869655584,116.093498599356,63.6047631085576,64.276625114722,84.0784498946988,3.83680555555556
115.837453577399,116.14066765189,63.6585608543089,64.3225012538732,84.1486461395103,3.83333333333333
116.043133108853,116.449840181168,63.7989307375435,64.4346963514984,84.3250375316025,3.82986111111111
116.120249002314,116.462121317884,63.809648329767,64.4543305791921,84.3628428820678,3.82638888888889
116.209489045083,116.513187909627,63.8620010658807,64.5092809617989,84.4338115377055,3.82291666666667
116.347247119513,116.704469993222,63.8904798544895,64.5521290296633,84.5352999000039,3.81944444444444
116.423130219995,116.738204385313,63.9362263570145,64.5924957451287,84.5925523999255,3.81597222222222
116.494237183879,116.798819802227,63.9764099387868,64.630880814355,84.645630939477,3.8125
116.60105361774,116.912159136588,64.0411539005091,64.7011009888012,84.7311857019378,3.80902777777778
116.746373430246,117.070094554023,64.1353148042138,64.7942017208635,84.8505290070658,3.80555555555556
116.8232380441,117.127225907809,64.1788631716695,64.8410782896434,84.9091732913947,3.80208333333333
116.988908005875,117.353663914866,64.2681617877035,64.9366439968426,85.0397446787697,3.79861111111111
117.135699397084,117.437199201296,64.2457815852982,64.8369293622675,85.1250917480089,3.79513888888889
117.347428751923,117.759641326438,64.3803899037923,64.9739704550069,85.3056150029178,3.79166666666667
117.43493637252,117.769046157101,64.4211149280243,65.0045865972776,85.3576610996894,3.78819444444444
117.540319448631,117.846390766541,64.4766672817482,65.0604692820737,85.4331413150879,3.78472222222222
117.683236092972,118.042168819509,64.4971927852416,65.1103403068781,85.5364158986345,3.78125
117.778308404852,118.091544920324,64.5415315528389,65.1588920517732,85.6038311400607,3.77777777777778
117.910563876755,118.20568938048,64.6156614603041,65.2392221630497,85.7024930413915,3.77430555555556
118.061605491161,118.409226979514,64.7089258871732,65.3418113987552,85.8248072219442,3.77083333333333
118.160101319386,118.464280566703,64.7716789220843,65.3978944988199,85.9045571674705,3.76736111111111
118.289023575434,118.65412309775,64.8561203552675,65.4874498020537,86.0163994125571,3.76388888888889
118.392149417263,118.693402557764,64.887133045651,65.4863353226474,86.0836649242562,3.76041666666667
118.53740706092,118.889666032674,64.9754067031428,65.5831068236556,86.1998048052624,3.75694444444444
118.639959974542,118.950447581334,65.0078572141498,65.5966636621672,86.2695171100886,3.75347222222222
118.703373618135,119.017080462317,65.0416783982743,65.6346667019645,86.3144678748345,3.75
118.772309246408,119.079126452283,65.0807707265426,65.6731743061842,86.3657516709761,3.74652777777778
118.872295947385,119.212876701039,65.1409179250742,65.7376564313533,86.446269250712,3.74305555555556
118.952194240495,119.255859033993,65.1883364254377,65.780487943765,86.5073767925199,3.73958333333333
119.126458813111,119.439696363106,65.2845524646419,65.8830517433533,86.6372809162548,3.73611111111111
119.205395006963,119.508539608298,65.3151458357727,65.9188262278311,86.6848677714058,3.73263888888889
119.301861665957,119.602208036485,65.3704144161115,65.9782259071414,86.7592844138887,3.72916666666667
119.450441514113,119.768024289144,65.4638784008197,66.0657043426224,86.8771315080818,3.72569444444444
119.520144291491,119.8134769614,65.5025480021645,66.1073936905301,86.929044407458,3.72222222222222
119.645202747523,119.991142681582,65.5604484400287,66.1679390568764,87.0204303174649,3.71875
119.727927279336,120.030565548592,65.593906604482,66.2023727882967,87.0721301800031,3.71527777777778
119.817837070211,120.098427890457,65.6314057457043,66.2357249787365,87.126323070124,3.71180555555556
119.997907157081,120.307594989369,65.6892907416066,66.3149112432899,87.2290787206688,3.70833333333333
120.095788542531,120.398794293648,65.7480751292529,66.3680626048499,87.3046349227318,3.70486111111111
120.208449290185,120.503206748344,65.8011436230877,66.4240251281467,87.3822527653561,3.70138888888889
120.34813113306,120.646331052042,65.8475799845816,66.5074879477906,87.4631361647843,3.69791666666667
120.465772102098,120.797104187777,65.9185153971231,66.5847842556918,87.5571051608973,3.69444444444444
120.567619906986,120.867302763514,65.9758528996194,66.6372948496203,87.6312638901884,3.69097222222222
120.670115424571,120.964309220344,66.0342075183016,66.6998379942027,87.7095914498488,3.6875
120.788753656552,121.132909122048,66.108198393722,66.7704120731429,87.804057528023,3.68402777777778
120.890961580175,121.189527387415,66.163358519835,66.8299189172851,87.8786442691193,3.68055555555556
120.984277078537,121.30276167018,66.2010250569368,66.872788009107,87.9387851245936,3.67708333333333
121.10817394534,121.436110315604,66.2566079211347,66.9030008293008,88.0197527169445,3.67361111111111
121.219608445149,121.525705028964,66.1683926166748,66.8711131363652,88.0656516296256,3.67013888888889
121.378500873602,121.73841870841,66.2620500787964,66.9606557461102,88.1870306420458,3.66666666666667
121.502073923469,121.805554544617,66.3285748943776,67.0323928055004,88.2776105494773,3.66319444444444
121.606560083849,121.921899481217,66.3769582736509,67.085737052433,88.3466767475434,3.65972222222222
121.760170615125,122.138405894038,66.4739675879711,67.178280190815,88.4691112444641,3.65625
121.878247977198,122.213697600012,66.5460062901728,67.2494473728629,88.5668736417929,3.65277777777778
121.987151248433,122.325677515354,66.6046763896722,67.3147263278929,88.6484215050986,3.64930555555556
122.088798482681,122.371091431371,66.64299688654,67.3479376610288,88.7060105882011,3.64583333333333
122.170264569389,122.481833450082,66.6761125334391,67.3924901013963,88.763484376764,3.64236111111111
122.303989318712,122.623128122398,66.7509969858753,67.4712679802201,88.8615823257629,3.63888888888889
122.46034179409,122.79593426204,66.8436277147999,67.5731053678336,88.9850360586937,3.63541666666667
122.585874686092,122.883212739143,66.9151429932409,67.637459845315,89.0774723824877,3.63194444444444
122.7462547687,123.116719631774,67.008114772919,67.7393913084692,89.2023406000725,3.62847222222222
122.848059109215,123.155596644762,67.0590195812466,67.7870930733309,89.2692925471685,3.625
123.069298805406,123.397943893926,67.1663350303407,67.8994867552489,89.4225350674287,3.62152777777778
123.185186265925,123.480831718966,67.2316047350419,67.9502144786511,89.5088926716165,3.61805555555556
123.327469817666,123.636193519789,67.2566712925964,67.9470944317463,89.5898040598003,3.61458333333333
123.409423580887,123.710601315703,67.2935298809893,67.989830633865,89.6423463880007,3.61111111111111
123.581485811804,123.928304759204,67.3990106287832,68.0808079927996,89.7774870273674,3.60763888888889
123.68594690229,123.961643982673,67.4358883604068,68.1198487949182,89.8365450838255,3.60416666666667
123.770768387296,124.0417694665,67.4739058141474,68.1635774299936,89.8888447335902,3.60069444444444
123.942897221513,124.25988646944,67.57303280122,68.269907631027,90.0236952850631,3.59722222222222
124.070220799994,124.333657787664,67.6437734179424,68.3372700764422,90.1173191206127,3.59375
124.236126095323,124.536535998494,67.7355480900518,68.4253425602112,90.2382320152083,3.59027777777778
124.371781090759,124.661514859634,67.8118685834198,68.5098129826448,90.3404845489036,3.58680555555556
124.598584984857,124.97706250888,67.9408307471231,68.6065560067725,90.5121124937656,3.58333333333333
124.693313628714,124.98980875525,67.9815135750025,68.6482229473625,90.5699045906746,3.57986111111111
124.898965358045,125.23045297056,68.097427677747,68.7721082692811,90.7261745925016,3.57638888888889
125.023313551117,125.343684162854,68.1578092719646,68.8345722958412,90.8141858571275,3.57291666666667
125.168839203925,125.418750826808,68.2053381079839,68.882005978943,90.8975692338227,3.56944444444444
125.411903686218,125.81950558573,68.3173735689473,68.9881280735048,91.071381902023,3.56597222222222
125.544502218353,125.878847715564,68.397015617088,69.0520359187657,91.1746834317656,3.5625
125.645699333046,125.937781176876,68.4292426476016,69.0743938209689,91.2357916878314,3.55902777777778
125.863531191522,126.154047841376,68.4687743942507,69.1718940160309,91.3473460254864,3.55555555555556
126.03177860815,126.367665440204,68.5155191852098,69.235531243229,91.4449188480025,3.55208333333333
126.164372744772,126.445558254138,68.3621499214326,69.2603020083132,91.4913468171804,3.54861111111111
126.31437449135,126.641807167654,68.4296789755034,69.3235809651268,91.5904648348907,3.54513888888889
126.52065194967,126.846745093012,68.5207717057708,69.4207924276814,91.7291691528119,3.54166666666667
126.650142337069,126.927167949424,68.5673209794747,69.4778005114604,91.7988499466199,3.53819444444444
126.817297070621,127.160229712568,68.6597575266394,69.5811037208255,91.9246152991703,3.53472222222222
126.981588661021,127.286281716016,68.6773311501479,69.560957151831,92.0089327143293,3.53125
127.15029502131,127.492596373325,68.7282566658922,69.62896049181,92.1025558045779,3.52777777777778
127.378688557987,127.734280937088,68.8276015497243,69.7179586190355,92.245132560286,3.52430555555556
127.487399770045,127.766778168053,68.8681277742127,69.7447583128333,92.328429703363,3.52083333333333
127.674530221438,127.974476921751,68.9589668636858,69.8498031387239,92.4596617075243,3.51736111111111
127.834855308909,128.128276590656,69.047251196245,69.9362600696753,92.5760881590213,3.51388888888889
127.993104823723,128.3344792131,69.1333985365664,70.0307959545036,92.6932823729657,3.51041666666667
128.151045814421,128.485738498288,69.2200493815449,70.1237188739143,92.8093538288663,3.50694444444444
128.38933882332,128.786153541862,69.3566133498234,70.2471939419894,92.9865734307724,3.50347222222222
128.546128545343,128.843495082154,69.4014958934399,70.2904888949065,93.0757810619878,3.5
128.751678807618,129.128699842562,69.5055345642156,70.4008091650972,93.2239791913697,3.49652777777778
128.947944531989,129.260722951417,69.618068309448,70.5069350655243,93.3706507674603,3.49305555555556
129.158484709062,129.499260670564,69.7335940033024,70.6326494196465,93.5272291914955,3.48958333333333
129.370451763464,129.733521347481,69.8504548951999,70.7558380821712,93.6843547310028,3.48611111111111
129.590158040177,129.95467859844,69.9196129448216,70.8417454507292,93.8088119441813,3.48263888888889
129.779620236519,130.007821919285,69.9895084912333,70.8937806114135,93.9156110903191,3.47916666666667
130.006461695114,130.346097982931,70.1149363175831,71.0237504047779,94.0846548576584,3.47569444444444
130.251952051852,130.556047411883,70.247692006612,71.1676415600453,94.2665398579665,3.47222222222222
130.465653388968,130.763916111757,70.3689714713303,71.2744612291155,94.42446443632,3.46875
130.674439536959,131.009082380902,70.4840881290619,71.3985622549377,94.5806083199995,3.46527777777778
130.895130805757,131.248135800135,70.5981817068591,71.5215211083106,94.7396097122636,3.46180555555556
131.021983409706,131.340016335175,70.6439622176952,71.537634348984,94.8190626001859,3.45833333333333
131.217494107001,131.524071917821,70.7304596187869,71.6345859509415,94.9413534138716,3.45486111111111
131.421797590077,131.781655633719,70.8421691133974,71.75647770109,95.0933764527203,3.45138888888889
131.591684433967,131.87205250936,70.9384228871883,71.8434350430315,95.2173503699814,3.44791666666667
131.791880344902,132.188219133562,71.0376365026648,71.9467002325813,95.3567353094713,3.44444444444444
131.921683239152,132.256227991713,71.0775989787519,71.9750106360968,95.4383505395333,3.44097222222222
132.071047268416,132.327145197641,71.0775478492589,72.0111225417232,95.4870585192379,3.4375
132.373329628199,132.90487315969,71.2211534374913,72.1558350299376,95.7080466065007,3.43402777777778
132.513678404565,132.938498990803,71.2840383965458,72.2083689682634,95.7893724584438,3.43055555555556
132.722532014515,133.014193165372,71.3564619499314,72.2802028286222,95.8931963427979,3.42708333333333
132.851105479042,133.134344024953,71.4076197423089,72.3332773222979,95.9718043656923,3.42361111111111
132.958134523656,133.256489903274,71.4523809362956,72.389250689079,96.0384840971538,3.42013888888889
133.12280207824,133.435600547191,71.5346844816699,72.4695749021441,96.1470354436228,3.41666666666667
133.273671915989,133.587599470655,71.5863524665271,72.5301930057609,96.2246774175541,3.41319444444444
133.532951672691,134.00851361883,71.7157995218091,72.632093668729,96.4021005890718,3.40972222222222
133.660174393326,134.027219112411,71.7713261307605,72.6977375705157,96.4815074300969,3.40625
133.900642994487,134.284503961198,71.843972701586,72.7846791439249,96.61611465135,3.40277777777778
134.133422878421,134.602680630326,71.9647986413183,72.9170591347247,96.7827290107182,3.39930555555556
134.345852621153,134.745762806137,72.0276457733343,72.9665169079573,96.9008522727742,3.39583333333333
134.510950124577,134.880896014695,72.1013426953502,73.0473769062074,97.0037984312868,3.39236111111111
134.74540522139,135.154031551124,72.1773813493887,73.1449336974752,97.1320796183699,3.38888888888889
135.058702872134,135.549291311874,72.3453213734528,73.324286908066,97.3673170869276,3.38541666666667
135.374091679449,135.728131017328,72.5247161692154,73.4759962804082,97.6033007617639,3.38194444444444
135.819872661622,136.218043034133,72.6366967089657,73.6083499072785,97.839750246521,3.37847222222222
135.964538718244,136.259193463796,72.6966170181979,73.6757669714509,97.9242970123313,3.375
136.300435897928,136.689713658934,72.7618855775961,73.8068463281173,98.1001162493219,3.37152777777778
136.47381872761,136.917558069614,72.8444640399894,73.8982884729869,98.2135704186576,3.36805555555556
136.71689344149,137.020059452841,72.904063241222,73.969682309429,98.3040033512394,3.36458333333333
136.950082869946,137.335106777466,73.0008706526167,74.075884666072,98.4404003045228,3.36111111111111
137.149421752901,137.543265486714,73.0768642336555,74.145606060137,98.5634653155622,3.35763888888889
137.331906842238,137.758602049966,73.1747487532974,74.2538831109219,98.6972598660038,3.35416666666667
137.645553427413,138.038191238839,73.2559735781413,74.3571550463673,98.8266380552734,3.35069444444444
137.871384237946,138.156716018961,73.3306930826931,74.4408831109287,98.938835688468,3.34722222222222
0,0,0,0,0,0
0,0,0,0,0,0
0,0,0,0,0,0
0,0,0,0,0,0
0,0,0,0,0,0
0,0,0,0,0,0
0,0,0,0,0,0
0,0,0,0,0,0
0,0,0,0,0,0
0,0,0,0,0,0
0,0,0,0,0,0
0,0,0,0,0,0
0,0,0,0,0,0
0,0,0,0,0,0
0,0,0,0,0,0
0,0,0,0,0,0
0,0,0,0,0,0
0,0,0,0,0,0
0,0,0,0,0,0
0,0,0,0,0,0
0,0,0,0,0,0
0,0,0,0,0,0
0,0,0,0,0,0
0,0,0,0,0,0
0,0,0,0,0,0
0,0,0,0,0,0
0,0,0,0,0,0
0,0,0,0,0,0
0,0,0,0,0,0
0,0,0,0,0,0
0,0,0,0,0,0
0,0,0,0,0,0
0,0,0,0,0,0
0,0,0,0,0,0
0,0,0,0,0,0
0,0,0,0,0,0
0,0,0,0,0,0
0,0,0,0,0,0
0,0,0,0,0,0
0,0,0,0,0,0
0,0,0,0,0,0
0,0,0,0,0,0
0,0,0,0,0,0
0,0,0,0,0,0
0,0,0,0,0,0
0,0,0,0,0,0
0,0,0,0,0,0
0,0,0,0,0,0
0,0,0,0,0,0
0,0,0,0,0,0
0,0,0,0,0,0
0,0,0,0,0,0
0,0,0,0,0,0
0,0,0,0,0,0
0,0,0,0,0,0
0,0,0,0,0,0
0,0,0,0,0,0
0,0,0,0,0,0
0,0,0,0,0,0
0,0,0,0,0,0
0,0,0,0,0,0
0,0,0,0,0,0
0,0,0,0,0,0
0,0,0,0,0,0
0,0,0,0,0,0
0,0,0,0,0,0
0,0,0,0,0,0
0,0,0,0,0,0
0,0,0,0,0,0
0,0,0,0,0,0
0,0,0,0,0,0
0,0,0,0,0,0
0,0,0,0,0,0
0,0,0,0,0,0
0,0,0,0,0,0
0,0,0,0,0,0
0,0,0,0,0,0
0,0,0,0,0,0
0,0,0,0,0,0
0,0,0,0,0,0
0,0,0,0,0,0
0,0,0,0,0,0
0,0,0,0,0,0
0,0,0,0,0,0
0,0,0,0,0,0
0,0,0,0,0,0
0,0,0,0,0,0
0,0,0,0,0,0
0,0,0,0,0,0
0,0,0,0,0,0
0,0,0,0,0,0
0,0,0,0,0,0
0,0,0,0,0,0
0,0,0,0,0,0
0,0,0,0,0,0
0,0,0,0,0,0
0,0,0,0,0,0
0,0,0,0,0,0
0,0,0,0,0,0
0,0,0,0,0,0
0,0,0,0,0,0
0,0,0,0,0,0
0,0,0,0,0,0
0,0,0,0,0,0
0,0,0,0,0,0
0,0,0,0,0,0
0,0,0,0,0,0
0,0,0,0,0,0
0,0,0,0,0,0
0,0,0,0,0,0
0,0,0,0,0,0
0,0,0,0,0,0
0,0,0,0,0,0
0,0,0,0,0,0
0,0,0,0,0,0
0,0,0,0,0,0
0,0,0,0,0,0
0,0,0,0,0,0
0,0,0,0,0,0
0,0,0,0,0,0
0,0,0,0,0,0
0,0,0,0,0,0
0,0,0,0,0,0
0,0,0,0,0,0
0,0,0,0,0,0
0,0,0,0,0,0
0,0,0,0,0,0
0,0,0,0,0,0
0,0,0,0,0,0
0,0,0,0,0,0
