15,365,7.30434782608696,0,7.59979099310159,0.294981583144174
414,519,6.96263804059442,10.8512799804803,6.66305487783001,11.0204278240589
336,355,7.42659863824925,10.3751007052804,7.07252304620577,10.3702568050459
49,347,10.9565217391304,12,11.5156427884924,11.7166004226009
55,557,7.82608695652174,12,8.07696065424756,11.8165831689527
501,520,10.4402740907125,11.4519570581494,10.8904477188385,11.2621843245562
56,340,7.30434782608696,12,7.77936120915178,11.3034997279296
46,347,12,11.4782608695652,11.5156427884924,11.7166004226009
51,501,9.91304347826087,12,10.4402740907125,11.4519570581494
54,552,8.34782608695652,12,8.64090733119558,11.6475740276438
479,521,9.67327319886532,11.3481766072058,10.1306439486278,11.2290201961891
49,520,10.9565217391304,12,10.8904477188385,11.2621843245562
552,557,8.64090733119558,11.6475740276438,8.07696065424756,11.8165831689527
338,448,9.99245131332691,10.9352900119997,10.3836304271157,10.6309929221767
371,474,9.97873169606505,10.5014190076449,9.62866950740366,10.5410706706374
56,416,7.30434782608696,12,6.47107348845741,11.5826974786305
57,425,6.78260869565217,12,6.26342127906304,11.9181676791792
333,575,5.94873632193527,11.7219131135944,6.05126367806473,11.7219131135944
416,575,6.47107348845741,11.5826974786305,6.05126367806473,11.7219131135944
59,575,5.73913043478261,12,6.05126367806473,11.7219131135944
405,575,6.3902962360483,11.2608289119946,6.05126367806473,11.7219131135944
163,405,5.6097037639517,11.2608289119946,6.3902962360483,11.2608289119946
183,333,5.73657872093696,11.9181676791792,5.94873632193527,11.7219131135944
163,174,5.6097037639517,11.2608289119946,5.52892651154259,11.5826974786305
225,467,5.79083987572416,10.9351132707109,6.20916012427584,10.9351132707109
60,174,5.21739130434783,12,5.52892651154259,11.5826974786305
416,519,6.47107348845741,11.5826974786305,6.66305487783001,11.0204278240589
467,519,6.20916012427584,10.9351132707109,6.66305487783001,11.0204278240589
225,277,5.79083987572416,10.9351132707109,5.33694512216999,11.0204278240589
411,513,7.92116347192868,10.9004058631406,8.16691896007652,11.059741070416
61,174,4.69565217391304,12,5.52892651154259,11.5826974786305
501,521,10.4402740907125,11.4519570581494,10.1306439486278,11.2290201961891
169,271,4.07883652807132,10.9004058631406,3.83308103992348,11.059741070416
61,277,4.69565217391304,12,5.33694512216999,11.0204278240589
163,467,5.6097037639517,11.2608289119946,6.20916012427584,10.9351132707109
98,172,4.22063879084822,11.3034997279296,5.03736195940558,10.8512799804803
406,541,9.05928100908309,10.1897989124645,8.74143108254037,10.2049194070882
63,315,3.65217391304348,12,3.92303934575244,11.8165831689527
499,537,7.02548030588009,10.0370035665033,6.7134693044188,9.88111428326162
61,172,4.69565217391304,12,5.03736195940558,10.8512799804803
340,513,7.77936120915178,11.3034997279296,8.16691896007652,11.059741070416
355,414,7.07252304620577,10.3702568050459,6.96263804059442,10.8512799804803
295,537,5.2865306955812,9.88111428326162,6.7134693044188,9.88111428326162
98,315,4.22063879084822,11.3034997279296,3.92303934575244,11.8165831689527
474,527,9.62866950740366,10.5410706706374,9.23260108171184,10.5074927390727
62,98,4.17391304347826,12,4.22063879084822,11.3034997279296
336,472,7.42659863824925,10.3751007052804,7.94343207611306,10.6054815776122
336,499,7.42659863824925,10.3751007052804,7.02548030588009,10.0370035665033
94,257,4.57340136175075,10.3751007052804,4.97451969411991,10.0370035665033
271,310,3.83308103992348,11.059741070416,3.35909266880442,11.6475740276438
371,448,9.97873169606505,10.5014190076449,10.3836304271157,10.6309929221767
113,172,4.92747695379423,10.3702568050459,5.03736195940558,10.8512799804803
340,414,7.77936120915178,11.3034997279296,6.96263804059442,10.8512799804803
129,328,2.02126830393495,10.5014190076449,1.74089205304024,10.3193836994003
94,230,4.57340136175075,10.3751007052804,4.05656792388694,10.6054815776122
454,471,9.46610536283699,10.0271342539295,9.15724120251834,9.92875039036564
65,310,2.60869565217391,12,3.35909266880442,11.6475740276438
371,570,9.97873169606505,10.5014190076449,10.2591079469598,10.3193836994003
513,552,8.16691896007652,11.059741070416,8.64090733119558,11.6475740276438
259,279,1.55972590928751,11.4519570581494,1.86935605137222,11.2290201961891
94,169,4.57340136175075,10.3751007052804,4.07883652807132,10.9004058631406
355,467,7.07252304620577,10.3702568050459,6.20916012427584,10.9351132707109
163,277,5.6097037639517,11.2608289119946,5.33694512216999,11.0204278240589
113,295,4.92747695379423,10.3702568050459,5.2865306955812,9.88111428326162
257,295,4.97451969411991,10.0370035665033,5.2865306955812,9.88111428326162
342,495,6.69430938572888,9.51624428222253,7.42145898759359,9.88227407927909
447,495,7.70344909957861,10.3258281451505,7.42145898759359,9.88227407927909
237,310,2.32672680113468,11.3481766072058,3.35909266880442,11.6475740276438
52,479,9.39130434782609,12,9.67327319886532,11.3481766072058
338,491,9.99245131332691,10.9352900119997,9.42794428422454,10.8017119399445
96,279,2.00754868667309,10.9352900119997,1.86935605137222,11.2290201961891
186,230,3.2899705513909,10.8108032024881,4.05656792388694,10.6054815776122
336,447,7.42659863824925,10.3751007052804,7.70344909957861,10.3258281451505
100,342,5.30569061427112,9.51624428222253,6.69430938572888,9.51624428222253
428,472,8.7100294486091,10.8108032024881,7.94343207611306,10.6054815776122
259,278,1.55972590928751,11.4519570581494,1.10955228116148,11.2621843245562
66,259,2.08695652173913,12,1.55972590928751,11.4519570581494
338,479,9.99245131332691,10.9352900119997,9.67327319886532,11.3481766072058
428,491,8.7100294486091,10.8108032024881,9.42794428422454,10.8017119399445
129,232,2.02126830393495,10.5014190076449,2.37133049259634,10.5410706706374
205,228,4.29655090042139,10.3258281451505,3.83668892900948,10.2140795925467
476,502,7.97528467311955,9.87902127719831,8.55193174966025,9.90191737734855
164,299,2.94071899091691,10.1897989124645,3.25856891745963,10.2049194070882
470,541,8.16331107099052,10.2140795925467,8.74143108254037,10.2049194070882
94,205,4.57340136175075,10.3751007052804,4.29655090042139,10.3258281451505
186,249,3.2899705513909,10.8108032024881,2.57205571577545,10.8017119399445
497,516,10.8036018338237,9.70698593695477,10.4354614503984,9.75611166148247
68,105,1.04347826086957,12,0.484357211507566,11.7166004226009
393,508,10.6313896551237,10.1023347062117,10.097089478425,9.95889543519347
66,237,2.08695652173913,12,2.32672680113468,11.3481766072058
428,527,8.7100294486091,10.8108032024881,9.23260108171184,10.5074927390727
234,260,4.02471532688045,9.87902127719831,3.44806825033975,9.90191737734855
100,253,5.30569061427112,9.51624428222253,4.57854101240641,9.88227407927909
232,285,2.37133049259634,10.5410706706374,2.76739891828816,10.5074927390727
527,541,9.23260108171184,10.5074927390727,8.74143108254037,10.2049194070882
212,229,2.533894637163,10.0271342539295,2.84275879748166,9.92875039036564
105,278,0.484357211507566,11.7166004226009,1.10955228116148,11.2621843245562
454,508,9.46610536283699,10.0271342539295,10.097089478425,9.95889543519347
295,342,5.2865306955812,9.88111428326162,6.69430938572888,9.51624428222253
96,206,2.00754868667309,10.9352900119997,1.61636957288427,10.6309929221767
96,249,2.00754868667309,10.9352900119997,2.57205571577545,10.8017119399445
44,420,12,10.4347826086957,11.876991764522,10.1856979025527
428,552,8.7100294486091,10.8108032024881,8.64090733119558,11.6475740276438
129,206,2.02126830393495,10.5014190076449,1.61636957288427,10.6309929221767
71,105,0,11.4782608695652,0.484357211507566,11.7166004226009
508,516,10.097089478425,9.95889543519347,10.4354614503984,9.75611166148247
237,249,2.32672680113468,11.3481766072058,2.57205571577545,10.8017119399445
471,502,9.15724120251834,9.92875039036564,8.55193174966025,9.90191737734855
228,299,3.83668892900948,10.2140795925467,3.25856891745963,10.2049194070882
337,410,9.25860245040147,9.66720285168743,9.85643555651175,9.44568617919841
230,271,4.05656792388694,10.6054815776122,3.83308103992348,11.059741070416
206,238,1.61636957288427,10.6309929221767,0.639330126431477,10.9486507435876
347,480,11.5156427884924,11.7166004226009,11.3606698735685,10.9486507435876
186,228,3.2899705513909,10.8108032024881,3.83668892900948,10.2140795925467
448,480,10.3836304271157,10.6309929221767,11.3606698735685,10.9486507435876
186,285,3.2899705513909,10.8108032024881,2.76739891828816,10.5074927390727
285,299,2.76739891828816,10.5074927390727,3.25856891745963,10.2049194070882
497,504,10.8036018338237,9.70698593695477,11.3491278743727,9.60971449139636
73,178,0,10.4347826086957,0.123008235478006,10.1856979025527
446,571,7.44344304993689,9.09712900610135,6.62894908950832,9.01707754205661
446,476,7.44344304993689,9.09712900610135,7.97528467311955,9.87902127719831
229,260,2.84275879748166,9.92875039036564,3.44806825033975,9.90191737734855
476,495,7.97528467311955,9.87902127719831,7.42145898759359,9.88227407927909
151,266,1.36861034487634,10.1023347062117,1.90291052157499,9.95889543519347
491,552,9.42794428422454,10.8017119399445,8.64090733119558,11.6475740276438
266,274,1.90291052157499,9.95889543519347,1.56453854960162,9.75611166148247
255,274,1.1963981661763,9.70698593695477,1.56453854960162,9.75611166148247
193,222,3.58540477012331,9.24998070709045,4.11701264356017,9.0247745036102
212,266,2.533894637163,10.0271342539295,1.90291052157499,9.95889543519347
403,478,11.3113786517846,8.82537018705729,11.6232486195997,8.69089093396991
329,571,5.37105091049168,9.01707754205661,6.62894908950832,9.01707754205661
337,435,9.25860245040147,9.66720285168743,8.41459522987669,9.24998070709045
95,168,2.74139754959853,9.66720285168743,2.14356444348825,9.44568617919841
43,420,12,9.91304347826087,11.876991764522,10.1856979025527
204,234,4.55655695006311,9.09712900610135,4.02471532688045,9.87902127719831
435,464,8.41459522987669,9.24998070709045,7.88298735643983,9.0247745036102
255,262,1.1963981661763,9.70698593695477,0.65087212562728,9.60971449139636
470,472,8.16331107099052,10.2140795925467,7.94343207611306,10.6054815776122
151,178,1.36861034487634,10.1023347062117,0.123008235478006,10.1856979025527
410,454,9.85643555651175,9.44568617919841,9.46610536283699,10.0271342539295
204,329,4.55655695006311,9.09712900610135,5.37105091049168,9.01707754205661
470,476,8.16331107099052,10.2140795925467,7.97528467311955,9.87902127719831
95,193,2.74139754959853,9.66720285168743,3.58540477012331,9.24998070709045
361,368,11.146201386211,9.38624611172857,10.5477537857703,9.33074557204179
166,176,3.19098062544186,8.80352160439896,3.68649001803371,8.71021286777896
337,502,9.25860245040147,9.66720285168743,8.55193174966025,9.90191737734855
119,251,0.853798613789028,9.38624611172857,0.254877780229109,9.34212893133048
95,260,2.74139754959853,9.66720285168743,3.44806825033975,9.90191737734855
361,493,11.146201386211,9.38624611172857,11.7451222197709,9.34212893133048
151,238,1.36861034487634,10.1023347062117,0.639330126431477,10.9486507435876
43,504,12,9.91304347826087,11.3491278743727,9.60971449139636
408,418,8.80901937455814,8.80352160439896,8.31350998196629,8.71021286777896
234,253,4.02471532688045,9.87902127719831,4.57854101240641,9.88227407927909
360,415,10.2279620567767,8.72231975377229,9.75443911201648,8.78633094393737
270,320,4.15501726255025,8.32187459657653,3.604809609413,8.27315212287128
393,480,10.6313896551237,10.1023347062117,11.3606698735685,10.9486507435876
168,212,2.14356444348825,9.44568617919841,2.533894637163,10.0271342539295
376,514,6.61274427213816,8.53763217450337,7.43964563245562,8.58003069717689
464,514,7.88298735643983,9.0247745036102,7.43964563245562,8.58003069717689
134,376,5.38725572786184,8.53763217450337,6.61274427213816,8.53763217450337
512,562,7.84498273744975,8.32187459657653,8.395190390587,8.27315212287128
74,262,0,9.91304347826087,0.65087212562728,9.60971449139636
403,442,11.3113786517846,8.82537018705729,10.7758190123282,8.90758130044702
222,272,4.11701264356017,9.0247745036102,4.56035436754438,8.58003069717689
119,126,0.853798613789028,9.38624611172857,1.45224621422971,9.33074557204179
41,478,12,8.8695652173913,11.6232486195997,8.69089093396991
99,341,5.90514705732668,7.74827842881866,6.09485294267332,7.74827842881866
134,272,5.38725572786184,8.53763217450337,4.56035436754438,8.58003069717689
161,236,0.688621348215419,8.82537018705729,0.376751380400274,8.69089093396991
368,540,10.5477537857703,9.33074557204179,9.89239639557793,9.03578369218902
118,173,1.77203794322334,8.72231975377229,2.24556088798352,8.78633094393737
100,571,5.30569061427112,9.51624428222253,6.62894908950832,9.01707754205661
251,262,0.254877780229109,9.34212893133048,0.65087212562728,9.60971449139636
307,549,5.90016770003412,8.0353263073471,6.09983229996588,8.0353263073471
126,298,1.45224621422971,9.33074557204179,2.10760360442207,9.03578369218902
368,410,10.5477537857703,9.33074557204179,9.85643555651175,9.44568617919841
134,192,5.38725572786184,8.53763217450337,4.66955401847452,8.26139075342496
408,415,8.80901937455814,8.80352160439896,9.75443911201648,8.78633094393737
161,200,0.688621348215419,8.82537018705729,1.22418098767181,8.90758130044702
128,370,5.6720843676262,8.19718527153754,6.3279156323738,8.19718527153754
341,419,6.09485294267332,7.74827842881866,6.94357418174075,7.59265966232367
166,173,3.19098062544186,8.80352160439896,2.24556088798352,8.78633094393737
493,504,11.7451222197709,9.34212893133048,11.3491278743727,9.60971449139636
126,168,1.45224621422971,9.33074557204179,2.14356444348825,9.44568617919841
349,481,9.82860979284665,8.13944560342498,10.2188114435684,8.02558989922836
399,466,9.19987601213647,8.44392797811828,8.80510610712576,8.26869122136439
99,177,5.90514705732668,7.74827842881866,5.05642581825925,7.59265966232367
134,370,5.38725572786184,8.53763217450337,6.3279156323738,8.19718527153754
434,512,7.33044598152548,8.26139075342496,7.84498273744975,8.32187459657653
157,224,2.80012398786353,8.44392797811828,3.19489389287424,8.26869122136439
272,329,4.56035436754438,8.58003069717689,5.37105091049168,9.01707754205661
446,464,7.44344304993689,9.09712900610135,7.88298735643983,9.0247745036102
166,320,3.19098062544186,8.80352160439896,3.604809609413,8.27315212287128
500,564,7.88258435685141,7.50209906355016,7.27012833569589,7.56364727986316
418,512,8.31350998196629,8.71021286777896,7.84498273744975,8.32187459657653
192,270,4.66955401847452,8.26139075342496,4.15501726255025,8.32187459657653
258,322,4.11741564314859,7.50209906355016,4.72987166430411,7.56364727986316
403,493,11.3113786517846,8.82537018705729,11.7451222197709,9.34212893133048
76,236,0,8.8695652173913,0.376751380400274,8.69089093396991
191,321,5.20426728549881,7.35308736138515,5.82285299776629,7.12505405097529
176,270,3.68649001803371,8.71021286777896,4.15501726255025,8.32187459657653
408,562,8.80901937455814,8.80352160439896,8.395190390587,8.27315212287128
204,222,4.55655695006311,9.09712900610135,4.11701264356017,9.0247745036102
360,442,10.2279620567767,8.72231975377229,10.7758190123282,8.90758130044702
118,200,1.77203794322334,8.72231975377229,1.22418098767181,8.90758130044702
481,515,10.2188114435684,8.02558989922836,9.87592333143056,7.78108349156274
99,128,5.90514705732668,7.74827842881866,5.6720843676262,8.19718527153754
161,251,0.688621348215419,8.82537018705729,0.254877780229109,9.34212893133048
360,532,10.2279620567767,8.72231975377229,10.6615146869266,8.43369916742577
191,322,5.20426728549881,7.35308736138515,4.72987166430411,7.56364727986316
77,108,0,8.34782608695652,0.841371640817714,8.20294112425694
393,448,10.6313896551237,10.1023347062117,10.3836304271157,10.6309929221767
370,419,6.3279156323738,8.19718527153754,6.94357418174075,7.59265966232367
240,319,3.0264754155722,7.05944386721598,2.6268385093149,7.12821292626769
145,224,3.84270683425608,7.52046360121416,3.19489389287424,8.26869122136439
419,564,6.94357418174075,7.59265966232367,7.27012833569589,7.56364727986316
193,234,3.58540477012331,9.24998070709045,4.02471532688045,9.87902127719831
350,532,11.1586283591823,8.20294112425694,10.6615146869266,8.43369916742577
177,192,5.05642581825925,7.59265966232367,4.66955401847452,8.26139075342496
118,290,1.77203794322334,8.72231975377229,1.33848531307341,8.43369916742577
376,434,6.61274427213816,8.53763217450337,7.33044598152548,8.26139075342496
108,290,0.841371640817714,8.20294112425694,1.33848531307341,8.43369916742577
40,350,12,8.34782608695652,11.1586283591823,8.20294112425694
256,319,2.23870769165519,7.1222334127514,2.6268385093149,7.12821292626769
387,466,8.15729316574392,7.52046360121416,8.80510610712576,8.26869122136439
191,284,5.20426728549881,7.35308736138515,4.59431123004185,7.17354541125596
482,561,8.9735245844278,7.05944386721598,9.3731614906851,7.12821292626769
433,563,6.79573271450119,7.35308736138515,6.17714700223371,7.12505405097529
321,563,5.82285299776629,7.12505405097529,6.17714700223371,7.12505405097529
95,298,2.74139754959853,9.66720285168743,2.10760360442207,9.03578369218902
399,408,9.19987601213647,8.44392797811828,8.80901937455814,8.80352160439896
437,482,8.21668555932511,7.05478450677566,8.9735245844278,7.05944386721598
97,309,0.691303493726757,7.27770371130081,0.980268199626122,7.27732192680776
128,177,5.6720843676262,8.19718527153754,5.05642581825925,7.59265966232367
498,561,9.76129230834481,7.1222334127514,9.3731614906851,7.12821292626769
437,553,8.21668555932511,7.05478450677566,7.62723371497595,6.86371267794994
195,311,3.78331444067489,7.05478450677566,4.37276628502405,6.86371267794994
78,286,0,7.82608695652174,0.931785929955693,7.73033913983761
512,514,7.84498273744975,8.32187459657653,7.43964563245562,8.58003069717689
195,240,3.78331444067489,7.05478450677566,3.0264754155722,7.05944386721598
339,551,11.3086965062732,7.27770371130081,11.0197318003739,7.27732192680776
39,528,12,7.82608695652174,11.0682140700443,7.73033913983761
107,239,2.17139020715335,8.13944560342498,1.78118855643157,8.02558989922836
239,273,1.78118855643157,8.02558989922836,2.12407666856944,7.78108349156274
107,157,2.17139020715335,8.13944560342498,2.80012398786353,8.44392797811828
351,494,9.96572174207243,7.36374741455633,9.47961301767224,7.53415168120653
239,286,1.78118855643157,8.02558989922836,0.931785929955693,7.73033913983761
360,540,10.2279620567767,8.72231975377229,9.89239639557793,9.03578369218902
240,297,3.0264754155722,7.05944386721598,3.85734180052558,6.7858063612096
482,539,8.9735245844278,7.05944386721598,8.14265819947442,6.7858063612096
269,511,5.61660338217458,6.68293424323755,6.38339661782542,6.68293424323755
95,212,2.74139754959853,9.66720285168743,2.533894637163,10.0271342539295
481,528,10.2188114435684,8.02558989922836,11.0682140700443,7.73033913983761
74,251,0,9.91304347826087,0.254877780229109,9.34212893133048
456,553,6.8754628227754,6.54742001073758,7.62723371497595,6.86371267794994
433,526,6.79573271450119,7.35308736138515,7.40568876995815,7.17354541125596
132,244,5.5442001510214,6.109865088063,5.26466276192126,6.05675301838482
240,252,3.0264754155722,7.05944386721598,2.52038698232776,7.53415168120653
214,311,5.1245371772246,6.54742001073758,4.37276628502405,6.86371267794994
151,206,1.36861034487634,10.1023347062117,1.61636957288427,10.6309929221767
539,553,8.14265819947442,6.7858063612096,7.62723371497595,6.86371267794994
482,494,8.9735245844278,7.05944386721598,9.47961301767224,7.53415168120653
132,374,5.5442001510214,6.109865088063,6.4557998489786,6.109865088063
387,500,8.15729316574392,7.52046360121416,7.88258435685141,7.50209906355016
145,258,3.84270683425608,7.52046360121416,4.11741564314859,7.50209906355016
500,526,7.88258435685141,7.50209906355016,7.40568876995815,7.17354541125596
258,284,4.11741564314859,7.50209906355016,4.59431123004185,7.17354541125596
191,269,5.20426728549881,7.35308736138515,5.61660338217458,6.68293424323755
214,220,5.1245371772246,6.54742001073758,4.35344173957728,6.5089286593495
351,498,9.96572174207243,7.36374741455633,9.76129230834481,7.1222334127514
78,108,0,7.82608695652174,0.841371640817714,8.20294112425694
373,422,7.99206667156014,5.88445110096286,8.24029412612828,5.74797668734881
456,462,6.8754628227754,6.54742001073758,7.64655826042272,6.5089286593495
297,311,3.85734180052558,6.7858063612096,4.37276628502405,6.86371267794994
39,350,12,7.82608695652174,11.1586283591823,8.20294112425694
131,180,4.00793332843986,5.88445110096286,3.75970587387172,5.74797668734881
337,415,9.25860245040147,9.66720285168743,9.75443911201648,8.78633094393737
109,252,2.03427825792757,7.36374741455633,2.52038698232776,7.53415168120653
156,226,0.794142354516706,6.71011019517179,1.2836463259567,6.74596911332136
337,454,9.25860245040147,9.66720285168743,9.46610536283699,10.0271342539295
109,256,2.03427825792757,7.36374741455633,2.23870769165519,7.1222334127514
341,433,6.09485294267332,7.74827842881866,6.79573271450119,7.35308736138515
79,97,0,7.30434782608696,0.691303493726757,7.27770371130081
303,545,5.87181161083283,5.73785765413021,6.12818838916717,5.73785765413021
131,148,4.00793332843986,5.88445110096286,3.2193189398266,6.17572420758819
109,309,2.03427825792757,7.36374741455633,0.980268199626122,7.27732192680776
180,265,3.75970587387172,5.74797668734881,3.99942064763234,5.50322394154765
38,339,12,7.30434782608696,11.3086965062732,7.27770371130081
118,126,1.77203794322334,8.72231975377229,1.45224621422971,9.33074557204179
120,148,2.95127911384088,6.07207174019318,3.2193189398266,6.17572420758819
351,551,9.96572174207243,7.36374741455633,11.0197318003739,7.27732192680776
226,291,1.2836463259567,6.74596911332136,1.96152813653963,6.79984655883326
362,390,9.04872088615912,6.07207174019318,8.7806810601734,6.17572420758819
373,390,7.99206667156014,5.88445110096286,8.7806810601734,6.17572420758819
107,252,2.17139020715335,8.13944560342498,2.52038698232776,7.53415168120653
398,468,11.2058576454833,6.71011019517179,10.7163536740433,6.74596911332136
120,197,2.95127911384088,6.07207174019318,2.19634442914044,6.2842991825468
468,533,10.7163536740433,6.74596911332136,10.0384718634604,6.79984655883326
374,456,6.4557998489786,6.109865088063,6.8754628227754,6.54742001073758
374,486,6.4557998489786,6.109865088063,6.73533723807874,6.05675301838482
362,439,9.04872088615912,6.07207174019318,9.80365557085956,6.2842991825468
201,317,3.14312156521314,5.06707012987616,2.76304798383843,5.14804358093038
247,254,4.74172267886866,5.82498584019086,5.41796643282753,5.38825123263324
247,261,4.74172267886866,5.82498584019086,4.26035386945994,5.69253110242049
456,511,6.8754628227754,6.54742001073758,6.38339661782542,6.68293424323755
175,331,2.88432785761609,5.802105316383,1.92913465415792,5.94745641317628
443,559,8.85687843478686,5.06707012987616,9.23695201616157,5.14804358093038
417,422,9.11567214238391,5.802105316383,8.24029412612828,5.74797668734881
275,331,1.12251591248841,6.36749315030402,1.92913465415792,5.94745641317628
525,551,11.4128961721328,6.8984664351936,11.0197318003739,7.27732192680776
489,503,7.25827732113134,5.82498584019086,7.73964613054006,5.69253110242049
422,507,8.24029412612828,5.74797668734881,8.00057935236767,5.50322394154765
349,494,9.82860979284665,8.13944560342498,9.47961301767224,7.53415168120653
115,264,0.620953120988367,5.99602269737829,0.104063034595341,6.02986426908236
417,573,9.11567214238391,5.802105316383,10.0708653458421,5.94745641317628
283,309,0.587103827867236,6.8984664351936,0.980268199626122,7.27732192680776
517,573,10.8774840875116,6.36749315030402,10.0708653458421,5.94745641317628
181,323,0.942355198026428,5.65844776920674,1.5899352656694,5.78841899870302
132,511,5.5442001510214,6.109865088063,6.38339661782542,6.68293424323755
357,506,11.3790468790116,5.99602269737829,11.8959369654047,6.02986426908236
224,252,3.19489389287424,8.26869122136439,2.52038698232776,7.53415168120653
390,417,8.7806810601734,6.17572420758819,9.11567214238391,5.802105316383
489,496,7.25827732113134,5.82498584019086,6.58203356717247,5.38825123263324
384,522,7.9373662110114,5.04645326478112,7.53258125984837,5.09686830401595
265,280,3.99942064763234,5.50322394154765,4.46741874015163,5.09686830401595
142,280,4.0626337889886,5.04645326478112,4.46741874015163,5.09686830401595
496,545,6.58203356717247,5.38825123263324,6.12818838916717,5.73785765413021
175,180,2.88432785761609,5.802105316383,3.75970587387172,5.74797668734881
529,568,10.179725276743,5.02561661314499,10.5573732990388,4.95713528892022
242,280,5.18300984178406,4.98425123333557,4.46741874015163,5.09686830401595
287,326,1.82027472325697,5.02561661314499,1.44262670096118,4.95713528892022
481,532,10.2188114435684,8.02558989922836,10.6615146869266,8.43369916742577
214,269,5.1245371772246,6.54742001073758,5.61660338217458,6.68293424323755
220,297,4.35344173957728,6.5089286593495,3.85734180052558,6.7858063612096
145,270,3.84270683425608,7.52046360121416,4.15501726255025,8.32187459657653
36,357,12,6.26086956521739,11.3790468790116,5.99602269737829
507,522,8.00057935236767,5.50322394154765,7.53258125984837,5.09686830401595
402,461,9.60523117452625,4.58878058899834,9.16000084747791,4.57629597438558
462,539,7.64655826042272,6.5089286593495,8.14265819947442,6.7858063612096
434,500,7.33044598152548,8.26139075342496,7.88258435685141,7.50209906355016
148,175,3.2193189398266,6.17572420758819,2.88432785761609,5.802105316383
387,482,8.15729316574392,7.52046360121416,8.9735245844278,7.05944386721598
261,265,4.26035386945994,5.69253110242049,3.99942064763234,5.50322394154765
93,318,2.32183117226128,4.24612616122593,2.02644736864495,4.25390561285289
81,115,0,6.26086956521739,0.620953120988367,5.99602269737829
503,507,7.73964613054006,5.69253110242049,8.00057935236767,5.50322394154765
223,465,5.39137979514462,4.00352706442595,6.60862020485538,4.00352706442595
484,522,6.81699015821594,4.98425123333557,7.53258125984837,5.09686830401595
335,560,9.67816882773872,4.24612616122593,9.97355263135505,4.25390561285289
423,565,11.0576448019736,5.65844776920674,10.4100647343306,5.78841899870302
133,170,1.37416281454149,5.41376423037623,0.962595426518958,5.20055657789234
160,219,2.39476882547375,4.58878058899834,2.83999915252209,4.57629597438558
439,533,9.80365557085956,6.2842991825468,10.0384718634604,6.79984655883326
146,313,1.50438004447155,4.17314697856338,1.15958387849066,4.22880477074104
375,426,10.6258371854585,5.41376423037623,9.91620821494491,5.31758593033825
197,291,2.19634442914044,6.2842991825468,1.96152813653963,6.79984655883326
133,184,1.37416281454149,5.41376423037623,2.08379178505509,5.31758593033825
375,412,10.6258371854585,5.41376423037623,11.037404573481,5.20055657789234
523,542,8.45777527385474,3.43510915702651,9.15490883509585,3.65953484721092
239,290,1.78118855643157,8.02558989922836,1.33848531307341,8.43369916742577
388,555,10.4956199555284,4.17314697856338,10.8404161215093,4.22880477074104
282,524,5.58257411418143,4.67320164790216,6.41742588581857,4.67320164790216
242,308,5.18300984178406,4.98425123333557,5.79891425556471,5.04287070789299
308,545,5.79891425556471,5.04287070789299,6.12818838916717,5.73785765413021
484,550,6.81699015821594,4.98425123333557,6.20108574443529,5.04287070789299
281,300,3.54222472614526,3.43510915702651,2.84509116490415,3.65953484721092
81,156,0,6.26086956521739,0.794142354516706,6.71011019517179
439,573,9.80365557085956,6.2842991825468,10.0708653458421,5.94745641317628
466,494,8.80510610712576,8.26869122136439,9.47961301767224,7.53415168120653
197,331,2.19634442914044,6.2842991825468,1.92913465415792,5.94745641317628
184,317,2.08379178505509,5.31758593033825,2.76304798383843,5.14804358093038
426,559,9.91620821494491,5.31758593033825,9.23695201616157,5.14804358093038
462,489,7.64655826042272,6.5089286593495,7.25827732113134,5.82498584019086
36,398,12,6.26086956521739,11.2058576454833,6.71011019517179
139,211,2.2589266457858,3.66758516392635,1.87095069062094,3.54967570230209
220,247,4.35344173957728,6.5089286593495,4.74172267886866,5.82498584019086
217,326,0.864150034029057,4.81344770970547,1.44262670096118,4.95713528892022
308,550,5.79891425556471,5.04287070789299,6.20108574443529,5.04287070789299
159,401,5.88369423548,3.10486719458473,6.11630576452,3.10486719458473
132,214,5.5442001510214,6.109865088063,5.1245371772246,6.54742001073758
82,130,-0,5.73913043478261,0.365306277424004,5.44495918455782
127,201,3.44579598071028,4.86278775688106,3.14312156521314,5.06707012987616
130,170,0.365306277424004,5.44495918455782,0.962595426518958,5.20055657789234
35,372,12,5.73913043478261,11.634693722576,5.44495918455782
127,314,3.44579598071028,4.86278775688106,4.09514473076797,4.62555974870934
369,443,8.55420401928972,4.86278775688106,8.85687843478686,5.06707012987616
369,556,8.55420401928972,4.86278775688106,7.90485526923203,4.62555974870934
372,412,11.634693722576,5.44495918455782,11.037404573481,5.20055657789234
133,181,1.37416281454149,5.41376423037623,0.942355198026428,5.65844776920674
372,423,11.634693722576,5.44495918455782,11.0576448019736,5.65844776920674
115,275,0.620953120988367,5.99602269737829,1.12251591248841,6.36749315030402
459,568,11.1358499659709,4.81344770970547,10.5573732990388,4.95713528892022
84,106,-0,4.69565217391304,0.276230511972407,4.70077891515862
194,436,5.60466004087695,3.4465006698939,6.39533995912305,3.4465006698939
346,401,6.56397565105618,2.98280350173296,6.11630576452,3.10486719458473
248,490,5.65863391132877,2.66889830115035,6.34136608867123,2.66889830115035
468,573,10.7163536740433,6.74596911332136,10.0708653458421,5.94745641317628
130,181,0.365306277424004,5.44495918455782,0.942355198026428,5.65844776920674
124,188,5.18961329237402,3.74834819710972,4.83170514741863,3.53625571481636
426,565,9.91620821494491,5.31758593033825,10.4100647343306,5.78841899870302
106,217,0.276230511972407,4.70077891515862,0.864150034029057,4.81344770970547
144,296,5.87633207404161,1.89278745524155,5.60770304895696,1.97863923051755
160,287,2.39476882547375,4.58878058899834,1.82027472325697,5.02561661314499
187,223,5.04266908072044,4.05502903880863,5.39137979514462,4.00352706442595
187,209,5.04266908072044,4.05502903880863,4.35459257323329,4.19265483967927
156,275,0.794142354516706,6.71011019517179,1.12251591248841,6.36749315030402
184,323,2.08379178505509,5.31758593033825,1.5899352656694,5.78841899870302
34,372,12,5.21739130434783,11.634693722576,5.44495918455782
149,334,4.6073998716507,2.17671782017662,5.2556382986358,2.05466034399718
429,465,6.95733091927956,4.05502903880863,6.60862020485538,4.00352706442595
366,430,6.81038670762598,3.74834819710972,7.16829485258137,3.53625571481636
386,538,6.12366792595839,1.89278745524155,6.39229695104304,1.97863923051755
226,331,1.2836463259567,6.74596911332136,1.92913465415792,5.94745641317628
138,207,5.26602222261658,0.462795185280952,5.40479686922078,0.137439894051729
429,451,6.95733091927956,4.05502903880863,7.64540742676671,4.19265483967927
33,348,12,4.69565217391304,11.7237694880276,4.70077891515862
391,576,7.3926001283493,2.17671782017662,6.7443617013642,2.05466034399718
357,517,11.3790468790116,5.99602269737829,10.8774840875116,6.36749315030402
83,130,-0,5.21739130434783,0.365306277424004,5.44495918455782
398,517,11.2058576454833,6.71011019517179,10.8774840875116,6.36749315030402
122,289,0.641019596402358,2.81985607249006,0.299715415461039,2.76774083117916
348,459,11.7237694880276,4.70077891515862,11.1358499659709,4.81344770970547
231,305,2.06736099984531,2.35533901057986,1.80068832857966,2.24677798213491
296,334,5.60770304895696,1.97863923051755,5.2556382986358,2.05466034399718
402,529,9.60523117452625,4.58878058899834,10.179725276743,5.02561661314499
139,300,2.2589266457858,3.66758516392635,2.84509116490415,3.65953484721092
132,254,5.5442001510214,6.109865088063,5.41796643282753,5.38825123263324
397,459,10.5528457070722,4.67461745486204,11.1358499659709,4.81344770970547
140,167,2.88632172582023,0.473418384640194,3.37557556658457,0.400802718768157
378,438,9.25226674797782,2.513647748572,8.8289833298297,2.48216565461227
136,243,2.74773325202218,2.513647748572,2.39413086820114,2.56475719196511
382,409,9.11367827417977,0.473418384640194,8.62442443341543,0.400802718768157
538,576,6.39229695104304,1.97863923051755,6.7443617013642,2.05466034399718
199,441,5.69863502799099,1.57883838878521,6.30136497200901,1.57883838878521
430,546,7.16829485258137,3.53625571481636,7.867712256615,3.36742525225708
246,263,0.929426442164244,3.64452103085262,1.29835741493645,3.44129756337653
188,304,4.83170514741863,3.53625571481636,4.132287743385,3.36742525225708
473,547,9.93263900015469,2.35533901057986,10.1993116714203,2.24677798213491
518,555,11.9092999850713,4.20857193817733,10.8404161215093,4.22880477074104
124,223,5.18961329237402,3.74834819710972,5.39137979514462,4.00352706442595
104,332,5.43602434894382,2.98280350173296,5.13089936101179,2.85176588403828
242,282,5.18300984178406,4.98425123333557,5.58257411418143,4.67320164790216
155,217,1.44715429292781,4.67461745486204,0.864150034029057,4.81344770970547
375,423,10.6258371854585,5.41376423037623,11.0576448019736,5.65844776920674
194,221,5.60466004087695,3.4465006698939,5.3051387614895,3.22461073007137
223,524,5.39137979514462,4.00352706442595,6.41742588581857,4.67320164790216
381,453,9.7410733542142,3.66758516392635,10.1290493093791,3.54967570230209
381,542,9.7410733542142,3.66758516392635,9.15490883509585,3.65953484721092
211,263,1.87095069062094,3.54967570230209,1.29835741493645,3.44129756337653
364,531,11.3589804035976,2.81985607249006,11.700284584539,2.76774083117916
102,210,2.04313817947029,2.77380383900291,1.7857595885918,2.88100849414582
276,313,0.0907000149286589,4.20857193817733,1.15958387849066,4.22880477074104
369,461,8.55420401928972,4.86278775688106,9.16000084747791,4.57629597438558
461,569,9.16000084747791,4.57629597438558,8.87748456924988,3.71389669921012
102,243,2.04313817947029,2.77380383900291,2.39413086820114,2.56475719196511
453,505,10.1290493093791,3.54967570230209,10.7016425850635,3.44129756337653
111,330,0.880848700272681,2.38675212848347,1.22040820962021,2.31728930678617
101,221,4.84319327744654,3.04818114165188,5.3051387614895,3.22461073007137
346,574,6.56397565105618,2.98280350173296,6.86910063898821,2.85176588403828
348,555,11.7237694880276,4.70077891515862,10.8404161215093,4.22880477074104
155,313,1.44715429292781,4.67461745486204,1.15958387849066,4.22880477074104
484,524,6.81699015821594,4.98425123333557,6.41742588581857,4.67320164790216
344,452,9.95686182052971,2.77380383900291,10.2142404114082,2.88100849414582
179,246,0.219154627423923,3.82462964058346,0.929426442164244,3.64452103085262
397,529,10.5528457070722,4.67461745486204,10.179725276743,5.02561661314499
484,489,6.81699015821594,4.98425123333557,7.25827732113134,5.82498584019086
155,287,1.44715429292781,4.67461745486204,1.82027472325697,5.02561661314499
354,535,11.2308806957294,3.31513429122384,11.6925611052067,3.48097990665959
397,560,10.5528457070722,4.67461745486204,9.97355263135505,4.25390561285289
141,213,3.22230270317632,2.0137419744026,3.50874761427949,2.20480758753471
242,247,5.18300984178406,4.98425123333557,4.74172267886866,5.82498584019086
112,293,0.769119304270558,3.31513429122384,0.307438894793255,3.48097990665959
31,421,12,3.65217391304348,11.7808453725761,3.82462964058346
219,327,2.83999915252209,4.57629597438558,3.12251543075012,3.71389669921012
488,548,11.0705735578358,3.64452103085262,10.3894075448554,3.7554131855313
122,185,0.641019596402358,2.81985607249006,1.08570951990959,2.66787382110307
344,485,9.95686182052971,2.77380383900291,9.60586913179886,2.56475719196511
380,458,6.73397777738342,0.462795185280952,6.44405499732987,0.414643120687861
127,219,3.44579598071028,4.86278775688106,2.83999915252209,4.57629597438558
488,535,11.0705735578358,3.64452103085262,11.6925611052067,3.48097990665959
281,304,3.54222472614526,3.43510915702651,4.132287743385,3.36742525225708
117,125,4.90519195877228,1.71101684735461,5.39114358185519,1.72192311720612
488,505,11.0705735578358,3.64452103085262,10.7016425850635,3.44129756337653
85,276,-0,4.17391304347826,0.0907000149286589,4.20857193817733
147,208,3.34690530017994,1.50115557091758,2.69164375834814,1.5519457316469
364,427,11.3589804035976,2.81985607249006,10.9142904800904,2.66787382110307
246,306,0.929426442164244,3.64452103085262,1.61059245514464,3.7554131855313
436,463,6.39533995912305,3.4465006698939,6.6948612385105,3.22461073007137
343,463,7.15680672255346,3.04818114165188,6.6948612385105,3.22461073007137
116,248,5.30112053973398,2.43779432165826,5.65863391132877,2.66889830115035
32,421,12,4.17391304347826,11.7808453725761,3.82462964058346
112,292,0.769119304270558,3.31513429122384,1.50872346313226,3.06737845282766
383,455,8.77769729682368,2.0137419744026,8.49125238572051,2.20480758753471
135,377,5.83755125560494,1.28598768612385,6.16244874439506,1.28598768612385
366,436,6.81038670762598,3.74834819710972,6.39533995912305,3.4465006698939
354,534,11.2308806957294,3.31513429122384,10.4912765368677,3.06737845282766
86,293,-0,3.65217391304348,0.307438894793255,3.48097990665959
377,543,6.16244874439506,1.28598768612385,6.93066217568662,1.34244095097935
548,560,10.3894075448554,3.7554131855313,9.97355263135505,4.25390561285289
87,293,-0,3.1304347826087,0.307438894793255,3.48097990665959
353,572,11.1191512997273,2.38675212848347,10.7795917903798,2.31728930678617
179,313,0.219154627423923,3.82462964058346,1.15958387849066,4.22880477074104
352,530,7.33817582219765,1.57130607081742,7.69717473194124,1.63496819272146
523,546,8.45777527385474,3.43510915702651,7.867712256615,3.36742525225708
444,475,9.81609896872771,0.494838254728555,10.3036782457243,0.147941430675861
202,233,2.18390103127229,0.494838254728555,1.69632175427574,0.147941430675861
417,426,9.11567214238391,5.802105316383,9.91620821494491,5.31758593033825
13,449,6.26086956521739,0,6.59520313077922,0.137439894051729
141,182,3.22230270317632,2.0137419744026,2.79798792047659,2.03510253599411
359,367,7.09480804122772,1.71101684735461,6.60885641814481,1.72192311720612
196,241,3.1710166701703,2.48216565461227,4.18466460595144,2.79875876117051
29,531,12,2.60869565217391,11.700284584539,2.76774083117916
175,184,2.88432785761609,5.802105316383,2.08379178505509,5.31758593033825
346,436,6.56397565105618,2.98280350173296,6.39533995912305,3.4465006698939
421,555,11.7808453725761,3.82462964058346,10.8404161215093,4.22880477074104
306,318,1.61059245514464,3.7554131855313,2.02644736864495,4.25390561285289
147,215,3.34690530017994,1.50115557091758,3.81283967732275,1.4181474196045
101,241,4.84319327744654,3.04818114165188,4.18466460595144,2.79875876117051
547,572,10.1993116714203,2.24677798213491,10.7795917903798,2.31728930678617
154,325,1.59375334730902,1.99302570766877,1.84724315819818,1.84687256846321
194,401,5.60466004087695,3.4465006698939,6.11630576452,3.10486719458473
305,330,1.80068832857966,2.24677798213491,1.22040820962021,2.31728930678617
438,483,8.8289833298297,2.48216565461227,7.81533539404856,2.79875876117051
111,267,0.880848700272681,2.38675212848347,0.465417193278926,2.13354180670876
389,450,8.65309469982006,1.50115557091758,9.30835624165186,1.5519457316469
185,210,1.08570951990959,2.66787382110307,1.7857595885918,2.88100849414582
358,490,6.69887946026602,2.43779432165826,6.34136608867123,2.66889830115035
343,483,7.15680672255346,3.04818114165188,7.81533539404856,2.79875876117051
154,158,1.59375334730902,1.99302570766877,1.15037539966343,1.85912094486459
314,327,4.09514473076797,4.62555974870934,3.12251543075012,3.71389669921012
104,221,5.43602434894382,2.98280350173296,5.3051387614895,3.22461073007137
396,400,10.406246652691,1.99302570766877,10.8496246003366,1.85912094486459
36,525,12,6.26086956521739,11.4128961721328,6.8984664351936
110,288,4.66182417780235,1.57130607081742,4.30282526805876,1.63496819272146
367,441,6.60885641814481,1.72192311720612,6.30136497200901,1.57883838878521
457,530,8.18716032267725,1.4181474196045,7.69717473194124,1.63496819272146
182,231,2.79798792047659,2.03510253599411,2.06736099984531,2.35533901057986
26,544,12,1.04347826086957,11.7028195309648,0.848400202371918
106,313,0.276230511972407,4.70077891515862,1.15958387849066,4.22880477074104
433,456,6.79573271450119,7.35308736138515,6.8754628227754,6.54742001073758
556,569,7.90485526923203,4.62555974870934,8.87748456924988,3.71389669921012
235,301,4.79033806527645,1.17992086027791,5.06933782431338,1.34244095097935
352,543,7.33817582219765,1.57130607081742,6.93066217568662,1.34244095097935
81,283,0,6.26086956521739,0.587103827867236,6.8984664351936
30,535,12,3.1304347826087,11.6925611052067,3.48097990665959
407,558,9.49140974511716,1.17049654906999,8.89953477739813,1.08807898512543
424,473,9.20201207952341,2.03510253599411,9.93263900015469,2.35533901057986
90,250,-0,1.56521739130435,0.478621247434941,1.48192914900042
427,452,10.9142904800904,2.66787382110307,10.2142404114082,2.88100849414582
496,550,6.58203356717247,5.38825123263324,6.20108574443529,5.04287070789299
358,391,6.69887946026602,2.43779432165826,7.3926001283493,2.17671782017662
160,318,2.39476882547375,4.58878058899834,2.02644736864495,4.25390561285289
396,567,10.406246652691,1.99302570766877,10.1527568418018,1.84687256846321
167,189,3.37557556658457,0.400802718768157,3.65998666655123,0.436376988187415
27,492,12,1.56521739130435,11.5213787525651,1.48192914900042
91,302,-0,1.04347826086957,0.297180469035224,0.848400202371918
190,294,4.59387123659375,0.78470438694129,3.87055437113228,0.972678843819919
210,292,1.7857595885918,2.88100849414582,1.50872346313226,3.06737845282766
404,445,9.9971786126928,0.721619582625188,10.4193576389747,0.749873169158405
116,149,5.30112053973398,2.43779432165826,4.6073998716507,2.17671782017662
409,431,8.62442443341543,0.400802718768157,8.34001333344877,0.436376988187415
453,534,10.1290493093791,3.54967570230209,10.4912765368677,3.06737845282766
88,289,-0,2.60869565217391,0.299715415461039,2.76774083117916
125,296,5.39114358185519,1.72192311720612,5.60770304895696,1.97863923051755
335,542,9.67816882773872,4.24612616122593,9.15490883509585,3.65953484721092
162,203,2.0028213873072,0.721619582625188,1.58064236102529,0.749873169158405
353,509,11.1191512997273,2.38675212848347,11.5345828067211,2.13354180670876
139,318,2.2589266457858,3.66758516392635,2.02644736864495,4.25390561285289
345,395,10.0492516719405,1.45643336164632,10.6009425435372,1.5464105050948
137,143,0.542593337849108,0.5108517841438,0.13602524250309,0.573182952608581
150,392,5.78125631425616,0.939874407372104,6.21874368574384,0.939874407372104
103,153,1.95074832805955,1.45643336164632,1.39905745646276,1.5464105050948
379,385,11.4574066621509,0.5108517841438,11.8639747574969,0.573182952608581
104,248,5.43602434894382,2.98280350173296,5.65863391132877,2.66889830115035
187,188,5.04266908072044,4.05502903880863,4.83170514741863,3.53625571481636
528,551,11.0682140700443,7.73033913983761,11.0197318003739,7.27732192680776
158,267,1.15037539966343,1.85912094486459,0.465417193278926,2.13354180670876
487,510,11.1227922206555,0.17063388585206,11.5944178473588,0.102745105839548
383,424,8.77769729682368,2.0137419744026,9.20201207952341,2.03510253599411
149,171,4.6073998716507,2.17671782017662,3.8869340738427,2.08923197213536
424,438,9.20201207952341,2.03510253599411,8.8289833298297,2.48216565461227
110,301,4.66182417780235,1.57130607081742,5.06933782431338,1.34244095097935
121,250,0.213830915880213,1.31637797026304,0.478621247434941,1.48192914900042
101,332,4.84319327744654,3.04818114165188,5.13089936101179,2.85176588403828
218,325,2.39386336498128,1.6323324771165,1.84724315819818,1.84687256846321
391,413,7.3926001283493,2.17671782017662,8.1130659261573,2.08923197213536
245,268,0.87720777934452,0.17063388585206,0.405582152641224,0.102745105839548
400,509,10.8496246003366,1.85912094486459,11.5345828067211,2.13354180670876
198,216,5.84181964146825,0.620800284970241,5.55594500267013,0.414643120687861
248,386,5.65863391132877,2.66889830115035,6.12366792595839,1.89278745524155
103,218,1.95074832805955,1.45643336164632,2.39386336498128,1.6323324771165
522,556,7.53258125984837,5.09686830401595,7.90485526923203,4.62555974870934
208,218,2.69164375834814,1.5519457316469,2.39386336498128,1.6323324771165
114,165,1.80793498363098,0.976515637777591,2.50859025488284,1.17049654906999
363,492,11.7861690841198,1.31637797026304,11.5213787525651,1.48192914900042
450,460,9.30835624165186,1.5519457316469,9.60613663501872,1.6323324771165
356,407,10.192065016369,0.976515637777591,9.49140974511716,1.17049654906999
199,386,5.69863502799099,1.57883838878521,6.12366792595839,1.89278745524155
199,301,5.69863502799099,1.57883838878521,5.06933782431338,1.34244095097935
460,567,9.60613663501872,1.6323324771165,10.1527568418018,1.84687256846321
209,281,4.35459257323329,4.19265483967927,3.54222472614526,3.43510915702651
477,543,7.20966193472355,1.17992086027791,6.93066217568662,1.34244095097935
150,312,5.78125631425616,0.939874407372104,4.96602358486251,0.897347620011862
345,460,10.0492516719405,1.45643336164632,9.60613663501872,1.6323324771165
112,122,0.769119304270558,3.31513429122384,0.641019596402358,2.81985607249006
451,523,7.64540742676671,4.19265483967927,8.45777527385474,3.43510915702651
182,196,2.79798792047659,2.03510253599411,3.1710166701703,2.48216565461227
343,574,7.15680672255346,3.04818114165188,6.86910063898821,2.85176588403828
93,300,2.32183117226128,4.24612616122593,2.84509116490415,3.65953484721092
548,555,10.3894075448554,3.7554131855313,10.8404161215093,4.22880477074104
286,309,0.931785929955693,7.73033913983761,0.980268199626122,7.27732192680776
358,538,6.69887946026602,2.43779432165826,6.39229695104304,1.97863923051755
452,572,10.2142404114082,2.88100849414582,10.7795917903798,2.31728930678617
153,158,1.39905745646276,1.5464105050948,1.15037539966343,1.85912094486459
441,543,6.30136497200901,1.57883838878521,6.93066217568662,1.34244095097935
280,314,4.46741874015163,5.09686830401595,4.09514473076797,4.62555974870934
381,560,9.7410733542142,3.66758516392635,9.97355263135505,4.25390561285289
158,250,1.15037539966343,1.85912094486459,0.478621247434941,1.48192914900042
402,560,9.60523117452625,4.58878058899834,9.97355263135505,4.25390561285289
235,288,4.79033806527645,1.17992086027791,4.30282526805876,1.63496819272146
114,152,1.80793498363098,0.976515637777591,1.27587180337935,1.24696165671317
356,394,10.192065016369,0.976515637777591,10.7241281966207,1.24696165671317
165,316,2.50859025488284,1.17049654906999,3.10046522260187,1.08807898512543
137,227,0.542593337849108,0.5108517841438,1.39692996480014,0.531686579844747
429,430,6.95733091927956,4.05502903880863,7.16829485258137,3.53625571481636
400,492,10.8496246003366,1.85912094486459,11.5213787525651,1.48192914900042
140,202,2.88632172582023,0.473418384640194,2.18390103127229,0.494838254728555
536,558,8.12944562886772,0.972678843819919,8.89953477739813,1.08807898512543
294,316,3.87055437113228,0.972678843819919,3.10046522260187,1.08807898512543
364,535,11.3589804035976,2.81985607249006,11.6925611052067,3.48097990665959
153,325,1.39905745646276,1.5464105050948,1.84724315819818,1.84687256846321
392,554,6.21874368574384,0.939874407372104,7.03397641513749,0.897347620011862
379,469,11.4574066621509,0.5108517841438,10.6030700351999,0.531686579844747
147,171,3.34690530017994,1.50115557091758,3.8869340738427,2.08923197213536
432,536,7.40612876340625,0.78470438694129,8.12944562886772,0.972678843819919
389,413,8.65309469982006,1.50115557091758,8.1130659261573,2.08923197213536
231,243,2.06736099984531,2.35533901057986,2.39413086820114,2.56475719196511
123,324,4.40020900689841,0.294981583144174,4.02089383379298,0.711261705991935
382,444,9.11367827417977,0.473418384640194,9.81609896872771,0.494838254728555
190,324,4.59387123659375,0.78470438694129,4.02089383379298,0.711261705991935
477,530,7.20966193472355,1.17992086027791,7.69717473194124,1.63496819272146
473,485,9.93263900015469,2.35533901057986,9.60586913179886,2.56475719196511
211,306,1.87095069062094,3.54967570230209,1.61059245514464,3.7554131855313
485,542,9.60586913179886,2.56475719196511,9.15490883509585,3.65953484721092
190,312,4.59387123659375,0.78470438694129,4.96602358486251,0.897347620011862
91,143,-0,1.04347826086957,0.13602524250309,0.573182952608581
413,455,8.1130659261573,2.08923197213536,8.49125238572051,2.20480758753471
138,216,5.26602222261658,0.462795185280952,5.55594500267013,0.414643120687861
227,233,1.39692996480014,0.531686579844747,1.69632175427574,0.147941430675861
395,400,10.6009425435372,1.5464105050948,10.8496246003366,1.85912094486459
213,241,3.50874761427949,2.20480758753471,4.18466460595144,2.79875876117051
440,458,6.15818035853175,0.620800284970241,6.44405499732987,0.414643120687861
354,427,11.2308806957294,3.31513429122384,10.9142904800904,2.66787382110307
138,190,5.26602222261658,0.462795185280952,4.59387123659375,0.78470438694129
102,305,2.04313817947029,2.77380383900291,1.80068832857966,2.24677798213491
431,566,8.34001333344877,0.436376988187415,7.97910616620702,0.711261705991935
171,288,3.8869340738427,2.08923197213536,4.30282526805876,1.63496819272146
394,544,10.7241281966207,1.24696165671317,11.7028195309648,0.848400202371918
152,302,1.27587180337935,1.24696165671317,0.297180469035224,0.848400202371918
196,300,3.1710166701703,2.48216565461227,2.84509116490415,3.65953484721092
432,554,7.40612876340625,0.78470438694129,7.03397641513749,0.897347620011862
241,281,4.18466460595144,2.79875876117051,3.54222472614526,3.43510915702651
469,475,10.6030700351999,0.531686579844747,10.3036782457243,0.147941430675861
137,302,0.542593337849108,0.5108517841438,0.297180469035224,0.848400202371918
25,510,12,0.521739130434783,11.5944178473588,0.102745105839548
359,391,7.09480804122772,1.71101684735461,7.3926001283493,2.17671782017662
432,566,7.40612876340625,0.78470438694129,7.97910616620702,0.711261705991935
152,203,1.27587180337935,1.24696165671317,1.58064236102529,0.749873169158405
26,385,12,1.04347826086957,11.8639747574969,0.573182952608581
0,0,0,0,0,0
0,0,0,0,0,0
0,0,0,0,0,0
0,0,0,0,0,0
0,0,0,0,0,0
0,0,0,0,0,0
0,0,0,0,0,0
0,0,0,0,0,0
0,0,0,0,0,0
0,0,0,0,0,0
0,0,0,0,0,0
0,0,0,0,0,0
0,0,0,0,0,0
0,0,0,0,0,0
0,0,0,0,0,0
0,0,0,0,0,0
0,0,0,0,0,0
0,0,0,0,0,0
0,0,0,0,0,0
0,0,0,0,0,0
0,0,0,0,0,0
0,0,0,0,0,0
0,0,0,0,0,0
0,0,0,0,0,0
0,0,0,0,0,0
0,0,0,0,0,0
0,0,0,0,0,0
0,0,0,0,0,0
0,0,0,0,0,0
0,0,0,0,0,0
0,0,0,0,0,0
0,0,0,0,0,0
0,0,0,0,0,0
0,0,0,0,0,0
0,0,0,0,0,0
0,0,0,0,0,0
0,0,0,0,0,0
0,0,0,0,0,0
0,0,0,0,0,0
0,0,0,0,0,0
0,0,0,0,0,0
0,0,0,0,0,0
0,0,0,0,0,0
0,0,0,0,0,0
0,0,0,0,0,0
0,0,0,0,0,0
0,0,0,0,0,0
0,0,0,0,0,0
0,0,0,0,0,0
0,0,0,0,0,0
0,0,0,0,0,0
0,0,0,0,0,0
0,0,0,0,0,0
0,0,0,0,0,0
0,0,0,0,0,0
0,0,0,0,0,0
0,0,0,0,0,0
0,0,0,0,0,0
0,0,0,0,0,0
0,0,0,0,0,0
0,0,0,0,0,0
0,0,0,0,0,0
0,0,0,0,0,0
0,0,0,0,0,0
0,0,0,0,0,0
0,0,0,0,0,0
0,0,0,0,0,0
0,0,0,0,0,0
0,0,0,0,0,0
0,0,0,0,0,0
0,0,0,0,0,0
0,0,0,0,0,0
0,0,0,0,0,0
0,0,0,0,0,0
0,0,0,0,0,0
0,0,0,0,0,0
0,0,0,0,0,0
0,0,0,0,0,0
0,0,0,0,0,0
0,0,0,0,0,0
0,0,0,0,0,0
0,0,0,0,0,0
0,0,0,0,0,0
0,0,0,0,0,0
0,0,0,0,0,0
0,0,0,0,0,0
0,0,0,0,0,0
0,0,0,0,0,0
0,0,0,0,0,0
0,0,0,0,0,0
0,0,0,0,0,0
0,0,0,0,0,0
0,0,0,0,0,0
0,0,0,0,0,0
0,0,0,0,0,0
0,0,0,0,0,0
0,0,0,0,0,0
0,0,0,0,0,0
0,0,0,0,0,0
0,0,0,0,0,0
0,0,0,0,0,0
0,0,0,0,0,0
0,0,0,0,0,0
0,0,0,0,0,0
0,0,0,0,0,0
0,0,0,0,0,0
0,0,0,0,0,0
0,0,0,0,0,0
0,0,0,0,0,0
0,0,0,0,0,0
0,0,0,0,0,0
0,0,0,0,0,0
0,0,0,0,0,0
0,0,0,0,0,0
0,0,0,0,0,0
0,0,0,0,0,0
0,0,0,0,0,0
0,0,0,0,0,0
0,0,0,0,0,0
0,0,0,0,0,0
0,0,0,0,0,0
0,0,0,0,0,0
0,0,0,0,0,0
0,0,0,0,0,0
0,0,0,0,0,0
0,0,0,0,0,0
0,0,0,0,0,0
0,0,0,0,0,0
0,0,0,0,0,0
0,0,0,0,0,0
0,0,0,0,0,0
