1,268,0,0,0.405582152641224,0.102745105839548
2,245,0.521739130434783,-0,0.87720777934452,0.17063388585206
2,268,0.521739130434783,-0,0.405582152641224,0.102745105839548
3,227,1.04347826086957,-0,1.39692996480014,0.531686579844747
3,245,1.04347826086957,-0,0.87720777934452,0.17063388585206
4,227,1.56521739130435,-0,1.39692996480014,0.531686579844747
4,233,1.56521739130435,-0,1.69632175427574,0.147941430675861
5,202,2.08695652173913,-0,2.18390103127229,0.494838254728555
5,233,2.08695652173913,-0,1.69632175427574,0.147941430675861
6,140,2.60869565217391,-0,2.88632172582023,0.473418384640194
6,202,2.60869565217391,-0,2.18390103127229,0.494838254728555
7,140,3.1304347826087,-0,2.88632172582023,0.473418384640194
7,167,3.1304347826087,-0,3.37557556658457,0.400802718768157
8,167,3.65217391304348,-0,3.37557556658457,0.400802718768157
8,189,3.65217391304348,-0,3.65998666655123,0.436376988187415
9,123,4.17391304347826,-0,4.40020900689841,0.294981583144174
9,189,4.17391304347826,-0,3.65998666655123,0.436376988187415
9,324,4.17391304347826,-0,4.02089383379298,0.711261705991935
10,123,4.69565217391304,-0,4.40020900689841,0.294981583144174
10,138,4.69565217391304,-0,5.26602222261658,0.462795185280952
10,190,4.69565217391304,-0,4.59387123659375,0.78470438694129
11,138,5.21739130434783,-0,5.26602222261658,0.462795185280952
11,207,5.21739130434783,-0,5.40479686922078,0.137439894051729
12,198,5.73913043478261,-0,5.84181964146825,0.620800284970241
12,207,5.73913043478261,-0,5.40479686922078,0.137439894051729
12,216,5.73913043478261,-0,5.55594500267013,0.414643120687861
12,440,5.73913043478261,-0,6.15818035853175,0.620800284970241
13,440,6.26086956521739,0,6.15818035853175,0.620800284970241
13,458,6.26086956521739,0,6.44405499732987,0.414643120687861
14,380,6.78260869565217,0,6.73397777738342,0.462795185280952
14,449,6.78260869565217,0,6.59520313077922,0.137439894051729
15,380,7.30434782608696,0,6.73397777738342,0.462795185280952
15,432,7.30434782608696,0,7.40612876340625,0.78470438694129
16,365,7.82608695652174,0,7.59979099310159,0.294981583144174
16,431,7.82608695652174,0,8.34001333344877,0.436376988187415
16,566,7.82608695652174,0,7.97910616620702,0.711261705991935
17,409,8.34782608695652,0,8.62442443341543,0.400802718768157
17,431,8.34782608695652,0,8.34001333344877,0.436376988187415
18,382,8.8695652173913,0,9.11367827417977,0.473418384640194
18,409,8.8695652173913,0,8.62442443341543,0.400802718768157
19,382,9.39130434782609,0,9.11367827417977,0.473418384640194
19,444,9.39130434782609,0,9.81609896872771,0.494838254728555
20,444,9.91304347826087,0,9.81609896872771,0.494838254728555
20,475,9.91304347826087,0,10.3036782457243,0.147941430675861
21,469,10.4347826086957,0,10.6030700351999,0.531686579844747
21,475,10.4347826086957,0,10.3036782457243,0.147941430675861
22,469,10.9565217391304,0,10.6030700351999,0.531686579844747
22,487,10.9565217391304,0,11.1227922206555,0.17063388585206
23,487,11.4782608695652,0,11.1227922206555,0.17063388585206
23,510,11.4782608695652,0,11.5944178473588,0.102745105839548
24,510,12,0,11.5944178473588,0.102745105839548
25,385,12,0.521739130434783,11.8639747574969,0.573182952608581
26,363,12,1.04347826086957,11.7861690841198,1.31637797026304
27,363,12,1.56521739130435,11.7861690841198,1.31637797026304
27,509,12,1.56521739130435,11.5345828067211,2.13354180670876
28,509,12,2.08695652173913,11.5345828067211,2.13354180670876
29,509,12,2.60869565217391,11.5345828067211,2.13354180670876
30,531,12,3.1304347826087,11.700284584539,2.76774083117916
31,535,12,3.65217391304348,11.6925611052067,3.48097990665959
32,518,12,4.17391304347826,11.9092999850713,4.20857193817733
33,518,12,4.69565217391304,11.9092999850713,4.20857193817733
34,348,12,5.21739130434783,11.7237694880276,4.70077891515862
35,506,12,5.73913043478261,11.8959369654047,6.02986426908236
36,506,12,6.26086956521739,11.8959369654047,6.02986426908236
37,525,12,6.78260869565217,11.4128961721328,6.8984664351936
38,525,12,7.30434782608696,11.4128961721328,6.8984664351936
39,339,12,7.82608695652174,11.3086965062732,7.27770371130081
40,478,12,8.34782608695652,11.6232486195997,8.69089093396991
41,493,12,8.8695652173913,11.7451222197709,9.34212893133048
42,493,12,9.39130434782609,11.7451222197709,9.34212893133048
43,493,12,9.91304347826087,11.7451222197709,9.34212893133048
44,480,12,10.4347826086957,11.3606698735685,10.9486507435876
45,480,12,10.9565217391304,11.3606698735685,10.9486507435876
46,480,12,11.4782608695652,11.3606698735685,10.9486507435876
47,347,12,12,11.5156427884924,11.7166004226009
48,347,11.4782608695652,12,11.5156427884924,11.7166004226009
49,501,10.9565217391304,12,10.4402740907125,11.4519570581494
50,501,10.4347826086957,12,10.4402740907125,11.4519570581494
51,479,9.91304347826087,12,9.67327319886532,11.3481766072058
51,521,9.91304347826087,12,10.1306439486278,11.2290201961891
52,552,9.39130434782609,12,8.64090733119558,11.6475740276438
53,552,8.8695652173913,12,8.64090733119558,11.6475740276438
54,557,8.34782608695652,12,8.07696065424756,11.8165831689527
55,340,7.82608695652174,12,7.77936120915178,11.3034997279296
56,414,7.30434782608696,12,6.96263804059442,10.8512799804803
56,519,7.30434782608696,12,6.66305487783001,11.0204278240589
57,416,6.78260869565217,12,6.47107348845741,11.5826974786305
58,425,6.26086956521739,12,6.26342127906304,11.9181676791792
58,575,6.26086956521739,12,6.05126367806473,11.7219131135944
59,183,5.73913043478261,12,5.73657872093696,11.9181676791792
59,333,5.73913043478261,12,5.94873632193527,11.7219131135944
60,183,5.21739130434783,12,5.73657872093696,11.9181676791792
61,98,4.69565217391304,12,4.22063879084822,11.3034997279296
62,315,4.17391304347826,12,3.92303934575244,11.8165831689527
63,310,3.65217391304348,12,3.35909266880442,11.6475740276438
64,310,3.1304347826087,12,3.35909266880442,11.6475740276438
65,237,2.60869565217391,12,2.32672680113468,11.3481766072058
66,279,2.08695652173913,12,1.86935605137222,11.2290201961891
67,259,1.56521739130435,12,1.55972590928751,11.4519570581494
68,259,1.04347826086957,12,1.55972590928751,11.4519570581494
68,278,1.04347826086957,12,1.10955228116148,11.2621843245562
69,105,0.521739130434783,12,0.484357211507566,11.7166004226009
70,105,0,12,0.484357211507566,11.7166004226009
71,238,0,11.4782608695652,0.639330126431477,10.9486507435876
72,238,0,10.9565217391304,0.639330126431477,10.9486507435876
73,238,0,10.4347826086957,0.639330126431477,10.9486507435876
74,178,0,9.91304347826087,0.123008235478006,10.1856979025527
75,251,0,9.39130434782609,0.254877780229109,9.34212893133048
76,251,0,8.8695652173913,0.254877780229109,9.34212893133048
77,236,0,8.34782608695652,0.376751380400274,8.69089093396991
78,97,0,7.82608695652174,0.691303493726757,7.27770371130081
79,283,0,7.30434782608696,0.587103827867236,6.8984664351936
80,283,0,6.78260869565217,0.587103827867236,6.8984664351936
81,264,0,6.26086956521739,0.104063034595341,6.02986426908236
82,264,-0,5.73913043478261,0.104063034595341,6.02986426908236
83,106,-0,5.21739130434783,0.276230511972407,4.70077891515862
84,276,-0,4.69565217391304,0.0907000149286589,4.20857193817733
85,179,-0,4.17391304347826,0.219154627423923,3.82462964058346
86,179,-0,3.65217391304348,0.219154627423923,3.82462964058346
87,289,-0,3.1304347826087,0.299715415461039,2.76774083117916
88,267,-0,2.60869565217391,0.465417193278926,2.13354180670876
89,267,-0,2.08695652173913,0.465417193278926,2.13354180670876
90,121,-0,1.56521739130435,0.213830915880213,1.31637797026304
90,267,-0,1.56521739130435,0.465417193278926,2.13354180670876
91,121,-0,1.04347826086957,0.213830915880213,1.31637797026304
92,143,-0,0.521739130434783,0.13602524250309,0.573182952608581
92,268,-0,0.521739130434783,0.405582152641224,0.102745105839548
93,139,2.32183117226128,4.24612616122593,2.2589266457858,3.66758516392635
93,160,2.32183117226128,4.24612616122593,2.39476882547375,4.58878058899834
93,219,2.32183117226128,4.24612616122593,2.83999915252209,4.57629597438558
94,113,4.57340136175075,10.3751007052804,4.92747695379423,10.3702568050459
94,172,4.57340136175075,10.3751007052804,5.03736195940558,10.8512799804803
94,253,4.57340136175075,10.3751007052804,4.57854101240641,9.88227407927909
95,166,2.74139754959853,9.66720285168743,3.19098062544186,8.80352160439896
95,173,2.74139754959853,9.66720285168743,2.24556088798352,8.78633094393737
95,229,2.74139754959853,9.66720285168743,2.84275879748166,9.92875039036564
96,129,2.00754868667309,10.9352900119997,2.02126830393495,10.5014190076449
96,232,2.00754868667309,10.9352900119997,2.37133049259634,10.5410706706374
96,237,2.00754868667309,10.9352900119997,2.32672680113468,11.3481766072058
97,283,0.691303493726757,7.27770371130081,0.587103827867236,6.8984664351936
97,286,0.691303493726757,7.27770371130081,0.931785929955693,7.73033913983761
98,169,4.22063879084822,11.3034997279296,4.07883652807132,10.9004058631406
98,271,4.22063879084822,11.3034997279296,3.83308103992348,11.059741070416
99,191,5.90514705732668,7.74827842881866,5.20426728549881,7.35308736138515
99,307,5.90514705732668,7.74827842881866,5.90016770003412,8.0353263073471
99,321,5.90514705732668,7.74827842881866,5.82285299776629,7.12505405097529
100,204,5.30569061427112,9.51624428222253,4.55655695006311,9.09712900610135
100,257,5.30569061427112,9.51624428222253,4.97451969411991,10.0370035665033
100,295,5.30569061427112,9.51624428222253,5.2865306955812,9.88111428326162
100,329,5.30569061427112,9.51624428222253,5.37105091049168,9.01707754205661
101,149,4.84319327744654,3.04818114165188,4.6073998716507,2.17671782017662
101,188,4.84319327744654,3.04818114165188,4.83170514741863,3.53625571481636
101,304,4.84319327744654,3.04818114165188,4.132287743385,3.36742525225708
102,139,2.04313817947029,2.77380383900291,2.2589266457858,3.66758516392635
102,211,2.04313817947029,2.77380383900291,1.87095069062094,3.54967570230209
102,231,2.04313817947029,2.77380383900291,2.06736099984531,2.35533901057986
103,114,1.95074832805955,1.45643336164632,1.80793498363098,0.976515637777591
103,165,1.95074832805955,1.45643336164632,2.50859025488284,1.17049654906999
103,325,1.95074832805955,1.45643336164632,1.84724315819818,1.84687256846321
104,116,5.43602434894382,2.98280350173296,5.30112053973398,2.43779432165826
104,159,5.43602434894382,2.98280350173296,5.88369423548,3.10486719458473
104,194,5.43602434894382,2.98280350173296,5.60466004087695,3.4465006698939
105,238,0.484357211507566,11.7166004226009,0.639330126431477,10.9486507435876
106,130,0.276230511972407,4.70077891515862,0.365306277424004,5.44495918455782
106,276,0.276230511972407,4.70077891515862,0.0907000149286589,4.20857193817733
107,118,2.17139020715335,8.13944560342498,1.77203794322334,8.72231975377229
107,173,2.17139020715335,8.13944560342498,2.24556088798352,8.78633094393737
107,273,2.17139020715335,8.13944560342498,2.12407666856944,7.78108349156274
108,161,0.841371640817714,8.20294112425694,0.688621348215419,8.82537018705729
108,236,0.841371640817714,8.20294112425694,0.376751380400274,8.69089093396991
108,286,0.841371640817714,8.20294112425694,0.931785929955693,7.73033913983761
109,226,2.03427825792757,7.36374741455633,1.2836463259567,6.74596911332136
109,239,2.03427825792757,7.36374741455633,1.78118855643157,8.02558989922836
109,273,2.03427825792757,7.36374741455633,2.12407666856944,7.78108349156274
109,291,2.03427825792757,7.36374741455633,1.96152813653963,6.79984655883326
110,117,4.66182417780235,1.57130607081742,4.90519195877228,1.71101684735461
110,149,4.66182417780235,1.57130607081742,4.6073998716507,2.17671782017662
110,235,4.66182417780235,1.57130607081742,4.79033806527645,1.17992086027791
111,122,0.880848700272681,2.38675212848347,0.641019596402358,2.81985607249006
111,158,0.880848700272681,2.38675212848347,1.15037539966343,1.85912094486459
111,185,0.880848700272681,2.38675212848347,1.08570951990959,2.66787382110307
112,185,0.769119304270558,3.31513429122384,1.08570951990959,2.66787382110307
112,246,0.769119304270558,3.31513429122384,0.929426442164244,3.64452103085262
112,263,0.769119304270558,3.31513429122384,1.29835741493645,3.44129756337653
113,225,4.92747695379423,10.3702568050459,5.79083987572416,10.9351132707109
113,257,4.92747695379423,10.3702568050459,4.97451969411991,10.0370035665033
113,277,4.92747695379423,10.3702568050459,5.33694512216999,11.0204278240589
114,153,1.80793498363098,0.976515637777591,1.39905745646276,1.5464105050948
114,162,1.80793498363098,0.976515637777591,2.0028213873072,0.721619582625188
114,203,1.80793498363098,0.976515637777591,1.58064236102529,0.749873169158405
115,130,0.620953120988367,5.99602269737829,0.365306277424004,5.44495918455782
115,156,0.620953120988367,5.99602269737829,0.794142354516706,6.71011019517179
115,181,0.620953120988367,5.99602269737829,0.942355198026428,5.65844776920674
116,296,5.30112053973398,2.43779432165826,5.60770304895696,1.97863923051755
116,332,5.30112053973398,2.43779432165826,5.13089936101179,2.85176588403828
116,334,5.30112053973398,2.43779432165826,5.2556382986358,2.05466034399718
117,149,4.90519195877228,1.71101684735461,4.6073998716507,2.17671782017662
117,301,4.90519195877228,1.71101684735461,5.06933782431338,1.34244095097935
117,334,4.90519195877228,1.71101684735461,5.2556382986358,2.05466034399718
118,239,1.77203794322334,8.72231975377229,1.78118855643157,8.02558989922836
118,298,1.77203794322334,8.72231975377229,2.10760360442207,9.03578369218902
119,161,0.853798613789028,9.38624611172857,0.688621348215419,8.82537018705729
119,200,0.853798613789028,9.38624611172857,1.22418098767181,8.90758130044702
119,255,0.853798613789028,9.38624611172857,1.1963981661763,9.70698593695477
119,262,0.853798613789028,9.38624611172857,0.65087212562728,9.60971449139636
120,175,2.95127911384088,6.07207174019318,2.88432785761609,5.802105316383
120,240,2.95127911384088,6.07207174019318,3.0264754155722,7.05944386721598
120,319,2.95127911384088,6.07207174019318,2.6268385093149,7.12821292626769
121,302,0.213830915880213,1.31637797026304,0.297180469035224,0.848400202371918
122,267,0.641019596402358,2.81985607249006,0.465417193278926,2.13354180670876
122,293,0.641019596402358,2.81985607249006,0.307438894793255,3.48097990665959
123,190,4.40020900689841,0.294981583144174,4.59387123659375,0.78470438694129
124,187,5.18961329237402,3.74834819710972,5.04266908072044,4.05502903880863
124,194,5.18961329237402,3.74834819710972,5.60466004087695,3.4465006698939
124,221,5.18961329237402,3.74834819710972,5.3051387614895,3.22461073007137
125,199,5.39114358185519,1.72192311720612,5.69863502799099,1.57883838878521
125,301,5.39114358185519,1.72192311720612,5.06933782431338,1.34244095097935
125,334,5.39114358185519,1.72192311720612,5.2556382986358,2.05466034399718
126,200,1.45224621422971,9.33074557204179,1.22418098767181,8.90758130044702
126,255,1.45224621422971,9.33074557204179,1.1963981661763,9.70698593695477
126,274,1.45224621422971,9.33074557204179,1.56453854960162,9.75611166148247
127,142,3.44579598071028,4.86278775688106,4.0626337889886,5.04645326478112
127,180,3.44579598071028,4.86278775688106,3.75970587387172,5.74797668734881
127,265,3.44579598071028,4.86278775688106,3.99942064763234,5.50322394154765
127,327,3.44579598071028,4.86278775688106,3.12251543075012,3.71389669921012
128,134,5.6720843676262,8.19718527153754,5.38725572786184,8.53763217450337
128,307,5.6720843676262,8.19718527153754,5.90016770003412,8.0353263073471
128,549,5.6720843676262,8.19718527153754,6.09983229996588,8.0353263073471
129,212,2.02126830393495,10.5014190076449,2.533894637163,10.0271342539295
129,266,2.02126830393495,10.5014190076449,1.90291052157499,9.95889543519347
130,217,0.365306277424004,5.44495918455782,0.864150034029057,4.81344770970547
130,264,0.365306277424004,5.44495918455782,0.104063034595341,6.02986426908236
131,220,4.00793332843986,5.88445110096286,4.35344173957728,6.5089286593495
131,261,4.00793332843986,5.88445110096286,4.26035386945994,5.69253110242049
131,265,4.00793332843986,5.88445110096286,3.99942064763234,5.50322394154765
131,297,4.00793332843986,5.88445110096286,3.85734180052558,6.7858063612096
132,269,5.5442001510214,6.109865088063,5.61660338217458,6.68293424323755
132,303,5.5442001510214,6.109865088063,5.87181161083283,5.73785765413021
132,545,5.5442001510214,6.109865088063,6.12818838916717,5.73785765413021
133,287,1.37416281454149,5.41376423037623,1.82027472325697,5.02561661314499
133,323,1.37416281454149,5.41376423037623,1.5899352656694,5.78841899870302
133,326,1.37416281454149,5.41376423037623,1.44262670096118,4.95713528892022
134,177,5.38725572786184,8.53763217450337,5.05642581825925,7.59265966232367
134,329,5.38725572786184,8.53763217450337,5.37105091049168,9.01707754205661
135,150,5.83755125560494,1.28598768612385,5.78125631425616,0.939874407372104
135,199,5.83755125560494,1.28598768612385,5.69863502799099,1.57883838878521
135,301,5.83755125560494,1.28598768612385,5.06933782431338,1.34244095097935
136,182,2.74773325202218,2.513647748572,2.79798792047659,2.03510253599411
136,196,2.74773325202218,2.513647748572,3.1710166701703,2.48216565461227
136,300,2.74773325202218,2.513647748572,2.84509116490415,3.65953484721092
137,152,0.542593337849108,0.5108517841438,1.27587180337935,1.24696165671317
137,245,0.542593337849108,0.5108517841438,0.87720777934452,0.17063388585206
137,268,0.542593337849108,0.5108517841438,0.405582152641224,0.102745105839548
138,150,5.26602222261658,0.462795185280952,5.78125631425616,0.939874407372104
138,312,5.26602222261658,0.462795185280952,4.96602358486251,0.897347620011862
139,243,2.2589266457858,3.66758516392635,2.39413086820114,2.56475719196511
140,165,2.88632172582023,0.473418384640194,2.50859025488284,1.17049654906999
140,316,2.88632172582023,0.473418384640194,3.10046522260187,1.08807898512543
141,147,3.22230270317632,2.0137419744026,3.34690530017994,1.50115557091758
141,196,3.22230270317632,2.0137419744026,3.1710166701703,2.48216565461227
141,208,3.22230270317632,2.0137419744026,2.69164375834814,1.5519457316469
142,265,4.0626337889886,5.04645326478112,3.99942064763234,5.50322394154765
142,314,4.0626337889886,5.04645326478112,4.09514473076797,4.62555974870934
143,268,0.13602524250309,0.573182952608581,0.405582152641224,0.102745105839548
143,302,0.13602524250309,0.573182952608581,0.297180469035224,0.848400202371918
144,199,5.87633207404161,1.89278745524155,5.69863502799099,1.57883838878521
144,248,5.87633207404161,1.89278745524155,5.65863391132877,2.66889830115035
144,386,5.87633207404161,1.89278745524155,6.12366792595839,1.89278745524155
145,195,3.84270683425608,7.52046360121416,3.78331444067489,7.05478450677566
145,240,3.84270683425608,7.52046360121416,3.0264754155722,7.05944386721598
145,320,3.84270683425608,7.52046360121416,3.604809609413,8.27315212287128
146,155,1.50438004447155,4.17314697856338,1.44715429292781,4.67461745486204
146,306,1.50438004447155,4.17314697856338,1.61059245514464,3.7554131855313
146,318,1.50438004447155,4.17314697856338,2.02644736864495,4.25390561285289
147,213,3.34690530017994,1.50115557091758,3.50874761427949,2.20480758753471
147,294,3.34690530017994,1.50115557091758,3.87055437113228,0.972678843819919
147,316,3.34690530017994,1.50115557091758,3.10046522260187,1.08807898512543
148,180,3.2193189398266,6.17572420758819,3.75970587387172,5.74797668734881
148,240,3.2193189398266,6.17572420758819,3.0264754155722,7.05944386721598
148,297,3.2193189398266,6.17572420758819,3.85734180052558,6.7858063612096
149,241,4.6073998716507,2.17671782017662,4.18466460595144,2.79875876117051
149,288,4.6073998716507,2.17671782017662,4.30282526805876,1.63496819272146
149,332,4.6073998716507,2.17671782017662,5.13089936101179,2.85176588403828
150,198,5.78125631425616,0.939874407372104,5.84181964146825,0.620800284970241
150,216,5.78125631425616,0.939874407372104,5.55594500267013,0.414643120687861
150,301,5.78125631425616,0.939874407372104,5.06933782431338,1.34244095097935
150,377,5.78125631425616,0.939874407372104,6.16244874439506,1.28598768612385
150,440,5.78125631425616,0.939874407372104,6.15818035853175,0.620800284970241
151,255,1.36861034487634,10.1023347062117,1.1963981661763,9.70698593695477
151,262,1.36861034487634,10.1023347062117,0.65087212562728,9.60971449139636
151,274,1.36861034487634,10.1023347062117,1.56453854960162,9.75611166148247
151,328,1.36861034487634,10.1023347062117,1.74089205304024,10.3193836994003
152,153,1.27587180337935,1.24696165671317,1.39905745646276,1.5464105050948
152,158,1.27587180337935,1.24696165671317,1.15037539966343,1.85912094486459
152,227,1.27587180337935,1.24696165671317,1.39692996480014,0.531686579844747
152,250,1.27587180337935,1.24696165671317,0.478621247434941,1.48192914900042
153,154,1.39905745646276,1.5464105050948,1.59375334730902,1.99302570766877
154,305,1.59375334730902,1.99302570766877,1.80068832857966,2.24677798213491
154,330,1.59375334730902,1.99302570766877,1.22040820962021,2.31728930678617
155,318,1.44715429292781,4.67461745486204,2.02644736864495,4.25390561285289
155,326,1.44715429292781,4.67461745486204,1.44262670096118,4.95713528892022
156,283,0.794142354516706,6.71011019517179,0.587103827867236,6.8984664351936
156,309,0.794142354516706,6.71011019517179,0.980268199626122,7.27732192680776
157,166,2.80012398786353,8.44392797811828,3.19098062544186,8.80352160439896
157,173,2.80012398786353,8.44392797811828,2.24556088798352,8.78633094393737
157,252,2.80012398786353,8.44392797811828,2.52038698232776,7.53415168120653
158,330,1.15037539966343,1.85912094486459,1.22040820962021,2.31728930678617
159,194,5.88369423548,3.10486719458473,5.60466004087695,3.4465006698939
159,248,5.88369423548,3.10486719458473,5.65863391132877,2.66889830115035
160,184,2.39476882547375,4.58878058899834,2.08379178505509,5.31758593033825
160,317,2.39476882547375,4.58878058899834,2.76304798383843,5.14804358093038
161,290,0.688621348215419,8.82537018705729,1.33848531307341,8.43369916742577
162,165,2.0028213873072,0.721619582625188,2.50859025488284,1.17049654906999
162,202,2.0028213873072,0.721619582625188,2.18390103127229,0.494838254728555
162,233,2.0028213873072,0.721619582625188,1.69632175427574,0.147941430675861
163,225,5.6097037639517,11.2608289119946,5.79083987572416,10.9351132707109
163,333,5.6097037639517,11.2608289119946,5.94873632193527,11.7219131135944
163,575,5.6097037639517,11.2608289119946,6.05126367806473,11.7219131135944
164,212,2.94071899091691,10.1897989124645,2.533894637163,10.0271342539295
164,229,2.94071899091691,10.1897989124645,2.84275879748166,9.92875039036564
164,285,2.94071899091691,10.1897989124645,2.76739891828816,10.5074927390727
165,202,2.50859025488284,1.17049654906999,2.18390103127229,0.494838254728555
165,208,2.50859025488284,1.17049654906999,2.69164375834814,1.5519457316469
165,218,2.50859025488284,1.17049654906999,2.39386336498128,1.6323324771165
166,193,3.19098062544186,8.80352160439896,3.58540477012331,9.24998070709045
166,224,3.19098062544186,8.80352160439896,3.19489389287424,8.26869122136439
167,294,3.37557556658457,0.400802718768157,3.87055437113228,0.972678843819919
167,316,3.37557556658457,0.400802718768157,3.10046522260187,1.08807898512543
168,266,2.14356444348825,9.44568617919841,1.90291052157499,9.95889543519347
168,274,2.14356444348825,9.44568617919841,1.56453854960162,9.75611166148247
168,298,2.14356444348825,9.44568617919841,2.10760360442207,9.03578369218902
169,172,4.07883652807132,10.9004058631406,5.03736195940558,10.8512799804803
169,230,4.07883652807132,10.9004058631406,4.05656792388694,10.6054815776122
170,181,0.962595426518958,5.20055657789234,0.942355198026428,5.65844776920674
170,217,0.962595426518958,5.20055657789234,0.864150034029057,4.81344770970547
170,326,0.962595426518958,5.20055657789234,1.44262670096118,4.95713528892022
171,213,3.8869340738427,2.08923197213536,3.50874761427949,2.20480758753471
171,215,3.8869340738427,2.08923197213536,3.81283967732275,1.4181474196045
171,241,3.8869340738427,2.08923197213536,4.18466460595144,2.79875876117051
172,277,5.03736195940558,10.8512799804803,5.33694512216999,11.0204278240589
173,298,2.24556088798352,8.78633094393737,2.10760360442207,9.03578369218902
174,183,5.52892651154259,11.5826974786305,5.73657872093696,11.9181676791792
174,277,5.52892651154259,11.5826974786305,5.33694512216999,11.0204278240589
174,333,5.52892651154259,11.5826974786305,5.94873632193527,11.7219131135944
175,197,2.88432785761609,5.802105316383,2.19634442914044,6.2842991825468
175,201,2.88432785761609,5.802105316383,3.14312156521314,5.06707012987616
175,317,2.88432785761609,5.802105316383,2.76304798383843,5.14804358093038
176,193,3.68649001803371,8.71021286777896,3.58540477012331,9.24998070709045
176,222,3.68649001803371,8.71021286777896,4.11701264356017,9.0247745036102
176,320,3.68649001803371,8.71021286777896,3.604809609413,8.27315212287128
177,191,5.05642581825925,7.59265966232367,5.20426728549881,7.35308736138515
177,322,5.05642581825925,7.59265966232367,4.72987166430411,7.56364727986316
178,238,0.123008235478006,10.1856979025527,0.639330126431477,10.9486507435876
178,262,0.123008235478006,10.1856979025527,0.65087212562728,9.60971449139636
179,276,0.219154627423923,3.82462964058346,0.0907000149286589,4.20857193817733
179,293,0.219154627423923,3.82462964058346,0.307438894793255,3.48097990665959
180,201,3.75970587387172,5.74797668734881,3.14312156521314,5.06707012987616
181,275,0.942355198026428,5.65844776920674,1.12251591248841,6.36749315030402
182,208,2.79798792047659,2.03510253599411,2.69164375834814,1.5519457316469
182,218,2.79798792047659,2.03510253599411,2.39386336498128,1.6323324771165
182,243,2.79798792047659,2.03510253599411,2.39413086820114,2.56475719196511
184,287,2.08379178505509,5.31758593033825,1.82027472325697,5.02561661314499
184,331,2.08379178505509,5.31758593033825,1.92913465415792,5.94745641317628
185,292,1.08570951990959,2.66787382110307,1.50872346313226,3.06737845282766
185,330,1.08570951990959,2.66787382110307,1.22040820962021,2.31728930678617
186,271,3.2899705513909,10.8108032024881,3.83308103992348,11.059741070416
186,299,3.2899705513909,10.8108032024881,3.25856891745963,10.2049194070882
186,310,3.2899705513909,10.8108032024881,3.35909266880442,11.6475740276438
187,242,5.04266908072044,4.05502903880863,5.18300984178406,4.98425123333557
187,282,5.04266908072044,4.05502903880863,5.58257411418143,4.67320164790216
188,209,4.83170514741863,3.53625571481636,4.35459257323329,4.19265483967927
188,221,4.83170514741863,3.53625571481636,5.3051387614895,3.22461073007137
189,294,3.65998666655123,0.436376988187415,3.87055437113228,0.972678843819919
189,324,3.65998666655123,0.436376988187415,4.02089383379298,0.711261705991935
190,235,4.59387123659375,0.78470438694129,4.79033806527645,1.17992086027791
190,288,4.59387123659375,0.78470438694129,4.30282526805876,1.63496819272146
191,214,5.20426728549881,7.35308736138515,5.1245371772246,6.54742001073758
192,258,4.66955401847452,8.26139075342496,4.11741564314859,7.50209906355016
192,272,4.66955401847452,8.26139075342496,4.56035436754438,8.58003069717689
192,322,4.66955401847452,8.26139075342496,4.72987166430411,7.56364727986316
193,260,3.58540477012331,9.24998070709045,3.44806825033975,9.90191737734855
194,223,5.60466004087695,3.4465006698939,5.39137979514462,4.00352706442595
195,258,3.78331444067489,7.05478450677566,4.11741564314859,7.50209906355016
195,297,3.78331444067489,7.05478450677566,3.85734180052558,6.7858063612096
196,213,3.1710166701703,2.48216565461227,3.50874761427949,2.20480758753471
196,281,3.1710166701703,2.48216565461227,3.54222472614526,3.43510915702651
197,256,2.19634442914044,6.2842991825468,2.23870769165519,7.1222334127514
197,319,2.19634442914044,6.2842991825468,2.6268385093149,7.12821292626769
198,440,5.84181964146825,0.620800284970241,6.15818035853175,0.620800284970241
199,296,5.69863502799099,1.57883838878521,5.60770304895696,1.97863923051755
199,377,5.69863502799099,1.57883838878521,6.16244874439506,1.28598768612385
200,290,1.22418098767181,8.90758130044702,1.33848531307341,8.43369916742577
201,219,3.14312156521314,5.06707012987616,2.83999915252209,4.57629597438558
203,227,1.58064236102529,0.749873169158405,1.39692996480014,0.531686579844747
203,233,1.58064236102529,0.749873169158405,1.69632175427574,0.147941430675861
204,253,4.55655695006311,9.09712900610135,4.57854101240641,9.88227407927909
204,272,4.55655695006311,9.09712900610135,4.56035436754438,8.58003069717689
205,230,4.29655090042139,10.3258281451505,4.05656792388694,10.6054815776122
205,234,4.29655090042139,10.3258281451505,4.02471532688045,9.87902127719831
205,253,4.29655090042139,10.3258281451505,4.57854101240641,9.88227407927909
206,259,1.61636957288427,10.6309929221767,1.55972590928751,11.4519570581494
206,278,1.61636957288427,10.6309929221767,1.10955228116148,11.2621843245562
206,279,1.61636957288427,10.6309929221767,1.86935605137222,11.2290201961891
206,328,1.61636957288427,10.6309929221767,1.74089205304024,10.3193836994003
207,216,5.40479686922078,0.137439894051729,5.55594500267013,0.414643120687861
208,316,2.69164375834814,1.5519457316469,3.10046522260187,1.08807898512543
209,242,4.35459257323329,4.19265483967927,5.18300984178406,4.98425123333557
209,280,4.35459257323329,4.19265483967927,4.46741874015163,5.09686830401595
209,304,4.35459257323329,4.19265483967927,4.132287743385,3.36742525225708
209,314,4.35459257323329,4.19265483967927,4.09514473076797,4.62555974870934
210,211,1.7857595885918,2.88100849414582,1.87095069062094,3.54967570230209
210,305,1.7857595885918,2.88100849414582,1.80068832857966,2.24677798213491
210,330,1.7857595885918,2.88100849414582,1.22040820962021,2.31728930678617
211,292,1.87095069062094,3.54967570230209,1.50872346313226,3.06737845282766
211,318,1.87095069062094,3.54967570230209,2.02644736864495,4.25390561285289
212,232,2.533894637163,10.0271342539295,2.37133049259634,10.5410706706374
212,285,2.533894637163,10.0271342539295,2.76739891828816,10.5074927390727
214,244,5.1245371772246,6.54742001073758,5.26466276192126,6.05675301838482
214,247,5.1245371772246,6.54742001073758,4.74172267886866,5.82498584019086
214,284,5.1245371772246,6.54742001073758,4.59431123004185,7.17354541125596
215,288,3.81283967732275,1.4181474196045,4.30282526805876,1.63496819272146
215,294,3.81283967732275,1.4181474196045,3.87055437113228,0.972678843819919
217,313,0.864150034029057,4.81344770970547,1.15958387849066,4.22880477074104
218,231,2.39386336498128,1.6323324771165,2.06736099984531,2.35533901057986
219,300,2.83999915252209,4.57629597438558,2.84509116490415,3.65953484721092
219,317,2.83999915252209,4.57629597438558,2.76304798383843,5.14804358093038
220,261,4.35344173957728,6.5089286593495,4.26035386945994,5.69253110242049
220,311,4.35344173957728,6.5089286593495,4.37276628502405,6.86371267794994
221,332,5.3051387614895,3.22461073007137,5.13089936101179,2.85176588403828
222,234,4.11701264356017,9.0247745036102,4.02471532688045,9.87902127719831
222,270,4.11701264356017,9.0247745036102,4.15501726255025,8.32187459657653
223,282,5.39137979514462,4.00352706442595,5.58257411418143,4.67320164790216
223,436,5.39137979514462,4.00352706442595,6.39533995912305,3.4465006698939
224,240,3.19489389287424,8.26869122136439,3.0264754155722,7.05944386721598
224,320,3.19489389287424,8.26869122136439,3.604809609413,8.27315212287128
225,295,5.79083987572416,10.9351132707109,5.2865306955812,9.88111428326162
226,275,1.2836463259567,6.74596911332136,1.12251591248841,6.36749315030402
226,309,1.2836463259567,6.74596911332136,0.980268199626122,7.27732192680776
227,245,1.39692996480014,0.531686579844747,0.87720777934452,0.17063388585206
228,230,3.83668892900948,10.2140795925467,4.05656792388694,10.6054815776122
228,234,3.83668892900948,10.2140795925467,4.02471532688045,9.87902127719831
228,260,3.83668892900948,10.2140795925467,3.44806825033975,9.90191737734855
229,299,2.84275879748166,9.92875039036564,3.25856891745963,10.2049194070882
231,325,2.06736099984531,2.35533901057986,1.84724315819818,1.84687256846321
232,249,2.37133049259634,10.5410706706374,2.57205571577545,10.8017119399445
235,312,4.79033806527645,1.17992086027791,4.96602358486251,0.897347620011862
236,251,0.376751380400274,8.69089093396991,0.254877780229109,9.34212893133048
237,279,2.32672680113468,11.3481766072058,1.86935605137222,11.2290201961891
238,278,0.639330126431477,10.9486507435876,1.10955228116148,11.2621843245562
239,309,1.78118855643157,8.02558989922836,0.980268199626122,7.27732192680776
241,304,4.18466460595144,2.79875876117051,4.132287743385,3.36742525225708
242,254,5.18300984178406,4.98425123333557,5.41796643282753,5.38825123263324
243,300,2.39413086820114,2.56475719196511,2.84509116490415,3.65953484721092
244,247,5.26466276192126,6.05675301838482,4.74172267886866,5.82498584019086
244,254,5.26466276192126,6.05675301838482,5.41796643282753,5.38825123263324
246,293,0.929426442164244,3.64452103085262,0.307438894793255,3.48097990665959
246,313,0.929426442164244,3.64452103085262,1.15958387849066,4.22880477074104
247,280,4.74172267886866,5.82498584019086,4.46741874015163,5.09686830401595
248,296,5.65863391132877,2.66889830115035,5.60770304895696,1.97863923051755
248,401,5.65863391132877,2.66889830115035,6.11630576452,3.10486719458473
249,285,2.57205571577545,10.8017119399445,2.76739891828816,10.5074927390727
249,310,2.57205571577545,10.8017119399445,3.35909266880442,11.6475740276438
250,267,0.478621247434941,1.48192914900042,0.465417193278926,2.13354180670876
250,302,0.478621247434941,1.48192914900042,0.297180469035224,0.848400202371918
252,256,2.52038698232776,7.53415168120653,2.23870769165519,7.1222334127514
252,273,2.52038698232776,7.53415168120653,2.12407666856944,7.78108349156274
252,319,2.52038698232776,7.53415168120653,2.6268385093149,7.12821292626769
253,257,4.57854101240641,9.88227407927909,4.97451969411991,10.0370035665033
254,303,5.41796643282753,5.38825123263324,5.87181161083283,5.73785765413021
254,308,5.41796643282753,5.38825123263324,5.79891425556471,5.04287070789299
256,291,2.23870769165519,7.1222334127514,1.96152813653963,6.79984655883326
258,270,4.11741564314859,7.50209906355016,4.15501726255025,8.32187459657653
258,311,4.11741564314859,7.50209906355016,4.37276628502405,6.86371267794994
260,299,3.44806825033975,9.90191737734855,3.25856891745963,10.2049194070882
261,280,4.26035386945994,5.69253110242049,4.46741874015163,5.09686830401595
263,292,1.29835741493645,3.44129756337653,1.50872346313226,3.06737845282766
263,306,1.29835741493645,3.44129756337653,1.61059245514464,3.7554131855313
266,328,1.90291052157499,9.95889543519347,1.74089205304024,10.3193836994003
267,289,0.465417193278926,2.13354180670876,0.299715415461039,2.76774083117916
269,321,5.61660338217458,6.68293424323755,5.82285299776629,7.12505405097529
269,563,5.61660338217458,6.68293424323755,6.17714700223371,7.12505405097529
270,272,4.15501726255025,8.32187459657653,4.56035436754438,8.58003069717689
271,315,3.83308103992348,11.059741070416,3.92303934575244,11.8165831689527
275,323,1.12251591248841,6.36749315030402,1.5899352656694,5.78841899870302
281,314,3.54222472614526,3.43510915702651,4.09514473076797,4.62555974870934
281,327,3.54222472614526,3.43510915702651,3.12251543075012,3.71389669921012
282,308,5.58257411418143,4.67320164790216,5.79891425556471,5.04287070789299
282,550,5.58257411418143,4.67320164790216,6.20108574443529,5.04287070789299
284,311,4.59431123004185,7.17354541125596,4.37276628502405,6.86371267794994
284,322,4.59431123004185,7.17354541125596,4.72987166430411,7.56364727986316
286,290,0.931785929955693,7.73033913983761,1.33848531307341,8.43369916742577
287,318,1.82027472325697,5.02561661314499,2.02644736864495,4.25390561285289
288,294,4.30282526805876,1.63496819272146,3.87055437113228,0.972678843819919
289,293,0.299715415461039,2.76774083117916,0.307438894793255,3.48097990665959
291,331,1.96152813653963,6.79984655883326,1.92913465415792,5.94745641317628
294,324,3.87055437113228,0.972678843819919,4.02089383379298,0.711261705991935
295,467,5.2865306955812,9.88111428326162,6.20916012427584,10.9351132707109
300,327,2.84509116490415,3.65953484721092,3.12251543075012,3.71389669921012
301,312,5.06933782431338,1.34244095097935,4.96602358486251,0.897347620011862
303,308,5.87181161083283,5.73785765413021,5.79891425556471,5.04287070789299
305,325,1.80068832857966,2.24677798213491,1.84724315819818,1.84687256846321
306,313,1.61059245514464,3.7554131855313,1.15958387849066,4.22880477074104
307,341,5.90016770003412,8.0353263073471,6.09485294267332,7.74827842881866
310,315,3.35909266880442,11.6475740276438,3.92303934575244,11.8165831689527
321,341,5.82285299776629,7.12505405097529,6.09485294267332,7.74827842881866
323,331,1.5899352656694,5.78841899870302,1.92913465415792,5.94745641317628
329,376,5.37105091049168,9.01707754205661,6.61274427213816,8.53763217450337
335,381,9.67816882773872,4.24612616122593,9.7410733542142,3.66758516392635
335,402,9.67816882773872,4.24612616122593,9.60523117452625,4.58878058899834
335,461,9.67816882773872,4.24612616122593,9.16000084747791,4.57629597438558
336,411,7.42659863824925,10.3751007052804,7.92116347192868,10.9004058631406
336,414,7.42659863824925,10.3751007052804,6.96263804059442,10.8512799804803
336,495,7.42659863824925,10.3751007052804,7.42145898759359,9.88227407927909
337,408,9.25860245040147,9.66720285168743,8.80901937455814,8.80352160439896
337,471,9.25860245040147,9.66720285168743,9.15724120251834,9.92875039036564
337,540,9.25860245040147,9.66720285168743,9.89239639557793,9.03578369218902
338,371,9.99245131332691,10.9352900119997,9.97873169606505,10.5014190076449
338,474,9.99245131332691,10.9352900119997,9.62866950740366,10.5410706706374
338,521,9.99245131332691,10.9352900119997,10.1306439486278,11.2290201961891
339,525,11.3086965062732,7.27770371130081,11.4128961721328,6.8984664351936
339,528,11.3086965062732,7.27770371130081,11.0682140700443,7.73033913983761
340,411,7.77936120915178,11.3034997279296,7.92116347192868,10.9004058631406
340,557,7.77936120915178,11.3034997279296,8.07696065424756,11.8165831689527
341,370,6.09485294267332,7.74827842881866,6.3279156323738,8.19718527153754
341,549,6.09485294267332,7.74827842881866,6.09983229996588,8.0353263073471
341,563,6.09485294267332,7.74827842881866,6.17714700223371,7.12505405097529
342,446,6.69430938572888,9.51624428222253,7.44344304993689,9.09712900610135
342,499,6.69430938572888,9.51624428222253,7.02548030588009,10.0370035665033
342,537,6.69430938572888,9.51624428222253,6.7134693044188,9.88111428326162
342,571,6.69430938572888,9.51624428222253,6.62894908950832,9.01707754205661
343,391,7.15680672255346,3.04818114165188,7.3926001283493,2.17671782017662
343,430,7.15680672255346,3.04818114165188,7.16829485258137,3.53625571481636
343,546,7.15680672255346,3.04818114165188,7.867712256615,3.36742525225708
344,381,9.95686182052971,2.77380383900291,9.7410733542142,3.66758516392635
344,453,9.95686182052971,2.77380383900291,10.1290493093791,3.54967570230209
344,473,9.95686182052971,2.77380383900291,9.93263900015469,2.35533901057986
344,547,9.95686182052971,2.77380383900291,10.1993116714203,2.24677798213491
345,356,10.0492516719405,1.45643336164632,10.192065016369,0.976515637777591
345,407,10.0492516719405,1.45643336164632,9.49140974511716,1.17049654906999
345,567,10.0492516719405,1.45643336164632,10.1527568418018,1.84687256846321
346,358,6.56397565105618,2.98280350173296,6.69887946026602,2.43779432165826
346,463,6.56397565105618,2.98280350173296,6.6948612385105,3.22461073007137
346,490,6.56397565105618,2.98280350173296,6.34136608867123,2.66889830115035
347,520,11.5156427884924,11.7166004226009,10.8904477188385,11.2621843245562
348,372,11.7237694880276,4.70077891515862,11.634693722576,5.44495918455782
348,518,11.7237694880276,4.70077891515862,11.9092999850713,4.20857193817733
349,360,9.82860979284665,8.13944560342498,10.2279620567767,8.72231975377229
349,399,9.82860979284665,8.13944560342498,9.19987601213647,8.44392797811828
349,415,9.82860979284665,8.13944560342498,9.75443911201648,8.78633094393737
349,515,9.82860979284665,8.13944560342498,9.87592333143056,7.78108349156274
350,403,11.1586283591823,8.20294112425694,11.3113786517846,8.82537018705729
350,478,11.1586283591823,8.20294112425694,11.6232486195997,8.69089093396991
350,528,11.1586283591823,8.20294112425694,11.0682140700443,7.73033913983761
351,468,9.96572174207243,7.36374741455633,10.7163536740433,6.74596911332136
351,481,9.96572174207243,7.36374741455633,10.2188114435684,8.02558989922836
351,515,9.96572174207243,7.36374741455633,9.87592333143056,7.78108349156274
351,533,9.96572174207243,7.36374741455633,10.0384718634604,6.79984655883326
352,359,7.33817582219765,1.57130607081742,7.09480804122772,1.71101684735461
352,391,7.33817582219765,1.57130607081742,7.3926001283493,2.17671782017662
352,477,7.33817582219765,1.57130607081742,7.20966193472355,1.17992086027791
353,364,11.1191512997273,2.38675212848347,11.3589804035976,2.81985607249006
353,400,11.1191512997273,2.38675212848347,10.8496246003366,1.85912094486459
353,427,11.1191512997273,2.38675212848347,10.9142904800904,2.66787382110307
354,364,11.2308806957294,3.31513429122384,11.3589804035976,2.81985607249006
354,488,11.2308806957294,3.31513429122384,11.0705735578358,3.64452103085262
354,505,11.2308806957294,3.31513429122384,10.7016425850635,3.44129756337653
355,499,7.07252304620577,10.3702568050459,7.02548030588009,10.0370035665033
355,519,7.07252304620577,10.3702568050459,6.66305487783001,11.0204278240589
355,537,7.07252304620577,10.3702568050459,6.7134693044188,9.88111428326162
356,395,10.192065016369,0.976515637777591,10.6009425435372,1.5464105050948
356,404,10.192065016369,0.976515637777591,9.9971786126928,0.721619582625188
356,445,10.192065016369,0.976515637777591,10.4193576389747,0.749873169158405
357,372,11.3790468790116,5.99602269737829,11.634693722576,5.44495918455782
357,398,11.3790468790116,5.99602269737829,11.2058576454833,6.71011019517179
357,423,11.3790468790116,5.99602269737829,11.0576448019736,5.65844776920674
358,574,6.69887946026602,2.43779432165826,6.86910063898821,2.85176588403828
358,576,6.69887946026602,2.43779432165826,6.7443617013642,2.05466034399718
359,543,7.09480804122772,1.71101684735461,6.93066217568662,1.34244095097935
359,576,7.09480804122772,1.71101684735461,6.7443617013642,2.05466034399718
360,368,10.2279620567767,8.72231975377229,10.5477537857703,9.33074557204179
360,481,10.2279620567767,8.72231975377229,10.2188114435684,8.02558989922836
361,403,11.146201386211,9.38624611172857,11.3113786517846,8.82537018705729
361,442,11.146201386211,9.38624611172857,10.7758190123282,8.90758130044702
361,497,11.146201386211,9.38624611172857,10.8036018338237,9.70698593695477
361,504,11.146201386211,9.38624611172857,11.3491278743727,9.60971449139636
362,417,9.04872088615912,6.07207174019318,9.11567214238391,5.802105316383
362,482,9.04872088615912,6.07207174019318,8.9735245844278,7.05944386721598
362,561,9.04872088615912,6.07207174019318,9.3731614906851,7.12821292626769
363,544,11.7861690841198,1.31637797026304,11.7028195309648,0.848400202371918
364,509,11.3589804035976,2.81985607249006,11.5345828067211,2.13354180670876
365,432,7.59979099310159,0.294981583144174,7.40612876340625,0.78470438694129
365,566,7.59979099310159,0.294981583144174,7.97910616620702,0.711261705991935
366,429,6.81038670762598,3.74834819710972,6.95733091927956,4.05502903880863
366,463,6.81038670762598,3.74834819710972,6.6948612385105,3.22461073007137
366,465,6.81038670762598,3.74834819710972,6.60862020485538,4.00352706442595
367,538,6.60885641814481,1.72192311720612,6.39229695104304,1.97863923051755
367,543,6.60885641814481,1.72192311720612,6.93066217568662,1.34244095097935
367,576,6.60885641814481,1.72192311720612,6.7443617013642,2.05466034399718
368,442,10.5477537857703,9.33074557204179,10.7758190123282,8.90758130044702
368,497,10.5477537857703,9.33074557204179,10.8036018338237,9.70698593695477
368,516,10.5477537857703,9.33074557204179,10.4354614503984,9.75611166148247
369,384,8.55420401928972,4.86278775688106,7.9373662110114,5.04645326478112
369,422,8.55420401928972,4.86278775688106,8.24029412612828,5.74797668734881
369,507,8.55420401928972,4.86278775688106,8.00057935236767,5.50322394154765
369,569,8.55420401928972,4.86278775688106,8.87748456924988,3.71389669921012
370,376,6.3279156323738,8.19718527153754,6.61274427213816,8.53763217450337
370,549,6.3279156323738,8.19718527153754,6.09983229996588,8.0353263073471
371,454,9.97873169606505,10.5014190076449,9.46610536283699,10.0271342539295
371,508,9.97873169606505,10.5014190076449,10.097089478425,9.95889543519347
372,459,11.634693722576,5.44495918455782,11.1358499659709,4.81344770970547
372,506,11.634693722576,5.44495918455782,11.8959369654047,6.02986426908236
373,462,7.99206667156014,5.88445110096286,7.64655826042272,6.5089286593495
373,503,7.99206667156014,5.88445110096286,7.73964613054006,5.69253110242049
373,507,7.99206667156014,5.88445110096286,8.00057935236767,5.50322394154765
373,539,7.99206667156014,5.88445110096286,8.14265819947442,6.7858063612096
374,496,6.4557998489786,6.109865088063,6.58203356717247,5.38825123263324
374,511,6.4557998489786,6.109865088063,6.38339661782542,6.68293424323755
374,545,6.4557998489786,6.109865088063,6.12818838916717,5.73785765413021
375,529,10.6258371854585,5.41376423037623,10.179725276743,5.02561661314499
375,565,10.6258371854585,5.41376423037623,10.4100647343306,5.78841899870302
375,568,10.6258371854585,5.41376423037623,10.5573732990388,4.95713528892022
376,419,6.61274427213816,8.53763217450337,6.94357418174075,7.59265966232367
376,571,6.61274427213816,8.53763217450337,6.62894908950832,9.01707754205661
377,392,6.16244874439506,1.28598768612385,6.21874368574384,0.939874407372104
377,441,6.16244874439506,1.28598768612385,6.30136497200901,1.57883838878521
378,424,9.25226674797782,2.513647748572,9.20201207952341,2.03510253599411
378,485,9.25226674797782,2.513647748572,9.60586913179886,2.56475719196511
378,542,9.25226674797782,2.513647748572,9.15490883509585,3.65953484721092
379,394,11.4574066621509,0.5108517841438,10.7241281966207,1.24696165671317
379,487,11.4574066621509,0.5108517841438,11.1227922206555,0.17063388585206
379,510,11.4574066621509,0.5108517841438,11.5944178473588,0.102745105839548
379,544,11.4574066621509,0.5108517841438,11.7028195309648,0.848400202371918
380,392,6.73397777738342,0.462795185280952,6.21874368574384,0.939874407372104
380,432,6.73397777738342,0.462795185280952,7.40612876340625,0.78470438694129
380,449,6.73397777738342,0.462795185280952,6.59520313077922,0.137439894051729
380,554,6.73397777738342,0.462795185280952,7.03397641513749,0.897347620011862
381,485,9.7410733542142,3.66758516392635,9.60586913179886,2.56475719196511
382,407,9.11367827417977,0.473418384640194,9.49140974511716,1.17049654906999
382,558,9.11367827417977,0.473418384640194,8.89953477739813,1.08807898512543
383,389,8.77769729682368,2.0137419744026,8.65309469982006,1.50115557091758
383,438,8.77769729682368,2.0137419744026,8.8289833298297,2.48216565461227
383,450,8.77769729682368,2.0137419744026,9.30835624165186,1.5519457316469
384,507,7.9373662110114,5.04645326478112,8.00057935236767,5.50322394154765
384,556,7.9373662110114,5.04645326478112,7.90485526923203,4.62555974870934
385,510,11.8639747574969,0.573182952608581,11.5944178473588,0.102745105839548
385,544,11.8639747574969,0.573182952608581,11.7028195309648,0.848400202371918
386,441,6.12366792595839,1.89278745524155,6.30136497200901,1.57883838878521
386,490,6.12366792595839,1.89278745524155,6.34136608867123,2.66889830115035
387,437,8.15729316574392,7.52046360121416,8.21668555932511,7.05478450677566
387,512,8.15729316574392,7.52046360121416,7.84498273744975,8.32187459657653
387,562,8.15729316574392,7.52046360121416,8.395190390587,8.27315212287128
388,397,10.4956199555284,4.17314697856338,10.5528457070722,4.67461745486204
388,548,10.4956199555284,4.17314697856338,10.3894075448554,3.7554131855313
388,560,10.4956199555284,4.17314697856338,9.97355263135505,4.25390561285289
389,455,8.65309469982006,1.50115557091758,8.49125238572051,2.20480758753471
389,457,8.65309469982006,1.50115557091758,8.18716032267725,1.4181474196045
389,536,8.65309469982006,1.50115557091758,8.12944562886772,0.972678843819919
389,558,8.65309469982006,1.50115557091758,8.89953477739813,1.08807898512543
390,422,8.7806810601734,6.17572420758819,8.24029412612828,5.74797668734881
390,482,8.7806810601734,6.17572420758819,8.9735245844278,7.05944386721598
390,539,8.7806810601734,6.17572420758819,8.14265819947442,6.7858063612096
391,483,7.3926001283493,2.17671782017662,7.81533539404856,2.79875876117051
391,530,7.3926001283493,2.17671782017662,7.69717473194124,1.63496819272146
391,574,7.3926001283493,2.17671782017662,6.86910063898821,2.85176588403828
392,440,6.21874368574384,0.939874407372104,6.15818035853175,0.620800284970241
392,458,6.21874368574384,0.939874407372104,6.44405499732987,0.414643120687861
392,543,6.21874368574384,0.939874407372104,6.93066217568662,1.34244095097935
393,420,10.6313896551237,10.1023347062117,11.876991764522,10.1856979025527
393,497,10.6313896551237,10.1023347062117,10.8036018338237,9.70698593695477
393,504,10.6313896551237,10.1023347062117,11.3491278743727,9.60971449139636
393,516,10.6313896551237,10.1023347062117,10.4354614503984,9.75611166148247
393,570,10.6313896551237,10.1023347062117,10.2591079469598,10.3193836994003
394,395,10.7241281966207,1.24696165671317,10.6009425435372,1.5464105050948
394,400,10.7241281966207,1.24696165671317,10.8496246003366,1.85912094486459
394,445,10.7241281966207,1.24696165671317,10.4193576389747,0.749873169158405
394,469,10.7241281966207,1.24696165671317,10.6030700351999,0.531686579844747
394,492,10.7241281966207,1.24696165671317,11.5213787525651,1.48192914900042
395,396,10.6009425435372,1.5464105050948,10.406246652691,1.99302570766877
395,567,10.6009425435372,1.5464105050948,10.1527568418018,1.84687256846321
396,547,10.406246652691,1.99302570766877,10.1993116714203,2.24677798213491
396,572,10.406246652691,1.99302570766877,10.7795917903798,2.31728930678617
397,555,10.5528457070722,4.67461745486204,10.8404161215093,4.22880477074104
397,568,10.5528457070722,4.67461745486204,10.5573732990388,4.95713528892022
398,525,11.2058576454833,6.71011019517179,11.4128961721328,6.8984664351936
398,551,11.2058576454833,6.71011019517179,11.0197318003739,7.27732192680776
399,415,9.19987601213647,8.44392797811828,9.75443911201648,8.78633094393737
399,494,9.19987601213647,8.44392797811828,9.47961301767224,7.53415168120653
400,572,10.8496246003366,1.85912094486459,10.7795917903798,2.31728930678617
401,436,6.11630576452,3.10486719458473,6.39533995912305,3.4465006698939
401,490,6.11630576452,3.10486719458473,6.34136608867123,2.66889830115035
402,426,9.60523117452625,4.58878058899834,9.91620821494491,5.31758593033825
402,559,9.60523117452625,4.58878058899834,9.23695201616157,5.14804358093038
403,532,11.3113786517846,8.82537018705729,10.6615146869266,8.43369916742577
404,407,9.9971786126928,0.721619582625188,9.49140974511716,1.17049654906999
404,444,9.9971786126928,0.721619582625188,9.81609896872771,0.494838254728555
404,475,9.9971786126928,0.721619582625188,10.3036782457243,0.147941430675861
405,416,6.3902962360483,11.2608289119946,6.47107348845741,11.5826974786305
405,467,6.3902962360483,11.2608289119946,6.20916012427584,10.9351132707109
405,519,6.3902962360483,11.2608289119946,6.66305487783001,11.0204278240589
406,454,9.05928100908309,10.1897989124645,9.46610536283699,10.0271342539295
406,471,9.05928100908309,10.1897989124645,9.15724120251834,9.92875039036564
406,527,9.05928100908309,10.1897989124645,9.23260108171184,10.5074927390727
407,444,9.49140974511716,1.17049654906999,9.81609896872771,0.494838254728555
407,450,9.49140974511716,1.17049654906999,9.30835624165186,1.5519457316469
407,460,9.49140974511716,1.17049654906999,9.60613663501872,1.6323324771165
408,435,8.80901937455814,8.80352160439896,8.41459522987669,9.24998070709045
408,466,8.80901937455814,8.80352160439896,8.80510610712576,8.26869122136439
409,536,8.62442443341543,0.400802718768157,8.12944562886772,0.972678843819919
409,558,8.62442443341543,0.400802718768157,8.89953477739813,1.08807898512543
410,508,9.85643555651175,9.44568617919841,10.097089478425,9.95889543519347
410,516,9.85643555651175,9.44568617919841,10.4354614503984,9.75611166148247
410,540,9.85643555651175,9.44568617919841,9.89239639557793,9.03578369218902
411,414,7.92116347192868,10.9004058631406,6.96263804059442,10.8512799804803
411,472,7.92116347192868,10.9004058631406,7.94343207611306,10.6054815776122
412,423,11.037404573481,5.20055657789234,11.0576448019736,5.65844776920674
412,459,11.037404573481,5.20055657789234,11.1358499659709,4.81344770970547
412,568,11.037404573481,5.20055657789234,10.5573732990388,4.95713528892022
413,457,8.1130659261573,2.08923197213536,8.18716032267725,1.4181474196045
413,483,8.1130659261573,2.08923197213536,7.81533539404856,2.79875876117051
413,530,8.1130659261573,2.08923197213536,7.69717473194124,1.63496819272146
415,540,9.75443911201648,8.78633094393737,9.89239639557793,9.03578369218902
416,425,6.47107348845741,11.5826974786305,6.26342127906304,11.9181676791792
417,439,9.11567214238391,5.802105316383,9.80365557085956,6.2842991825468
417,443,9.11567214238391,5.802105316383,8.85687843478686,5.06707012987616
417,559,9.11567214238391,5.802105316383,9.23695201616157,5.14804358093038
418,435,8.31350998196629,8.71021286777896,8.41459522987669,9.24998070709045
418,464,8.31350998196629,8.71021286777896,7.88298735643983,9.0247745036102
418,562,8.31350998196629,8.71021286777896,8.395190390587,8.27315212287128
419,433,6.94357418174075,7.59265966232367,6.79573271450119,7.35308736138515
419,434,6.94357418174075,7.59265966232367,7.33044598152548,8.26139075342496
420,480,11.876991764522,10.1856979025527,11.3606698735685,10.9486507435876
420,504,11.876991764522,10.1856979025527,11.3491278743727,9.60971449139636
421,488,11.7808453725761,3.82462964058346,11.0705735578358,3.64452103085262
421,518,11.7808453725761,3.82462964058346,11.9092999850713,4.20857193817733
421,535,11.7808453725761,3.82462964058346,11.6925611052067,3.48097990665959
422,443,8.24029412612828,5.74797668734881,8.85687843478686,5.06707012987616
423,517,11.0576448019736,5.65844776920674,10.8774840875116,6.36749315030402
424,450,9.20201207952341,2.03510253599411,9.30835624165186,1.5519457316469
424,460,9.20201207952341,2.03510253599411,9.60613663501872,1.6323324771165
424,485,9.20201207952341,2.03510253599411,9.60586913179886,2.56475719196511
425,575,6.26342127906304,11.9181676791792,6.05126367806473,11.7219131135944
426,529,9.91620821494491,5.31758593033825,10.179725276743,5.02561661314499
426,573,9.91620821494491,5.31758593033825,10.0708653458421,5.94745641317628
427,534,10.9142904800904,2.66787382110307,10.4912765368677,3.06737845282766
427,572,10.9142904800904,2.66787382110307,10.7795917903798,2.31728930678617
428,470,8.7100294486091,10.8108032024881,8.16331107099052,10.2140795925467
428,513,8.7100294486091,10.8108032024881,8.16691896007652,11.059741070416
428,541,8.7100294486091,10.8108032024881,8.74143108254037,10.2049194070882
429,484,6.95733091927956,4.05502903880863,6.81699015821594,4.98425123333557
429,524,6.95733091927956,4.05502903880863,6.41742588581857,4.67320164790216
430,451,7.16829485258137,3.53625571481636,7.64540742676671,4.19265483967927
430,463,7.16829485258137,3.53625571481636,6.6948612385105,3.22461073007137
431,536,8.34001333344877,0.436376988187415,8.12944562886772,0.972678843819919
432,477,7.40612876340625,0.78470438694129,7.20966193472355,1.17992086027791
432,530,7.40612876340625,0.78470438694129,7.69717473194124,1.63496819272146
433,511,6.79573271450119,7.35308736138515,6.38339661782542,6.68293424323755
433,564,6.79573271450119,7.35308736138515,7.27012833569589,7.56364727986316
434,514,7.33044598152548,8.26139075342496,7.43964563245562,8.58003069717689
434,564,7.33044598152548,8.26139075342496,7.27012833569589,7.56364727986316
435,476,8.41459522987669,9.24998070709045,7.97528467311955,9.87902127719831
435,502,8.41459522987669,9.24998070709045,8.55193174966025,9.90191737734855
436,465,6.39533995912305,3.4465006698939,6.60862020485538,4.00352706442595
437,500,8.21668555932511,7.05478450677566,7.88258435685141,7.50209906355016
437,539,8.21668555932511,7.05478450677566,8.14265819947442,6.7858063612096
438,455,8.8289833298297,2.48216565461227,8.49125238572051,2.20480758753471
438,523,8.8289833298297,2.48216565461227,8.45777527385474,3.43510915702651
438,542,8.8289833298297,2.48216565461227,9.15490883509585,3.65953484721092
439,498,9.80365557085956,6.2842991825468,9.76129230834481,7.1222334127514
439,561,9.80365557085956,6.2842991825468,9.3731614906851,7.12821292626769
441,538,6.30136497200901,1.57883838878521,6.39229695104304,1.97863923051755
442,532,10.7758190123282,8.90758130044702,10.6615146869266,8.43369916742577
443,461,8.85687843478686,5.06707012987616,9.16000084747791,4.57629597438558
445,469,10.4193576389747,0.749873169158405,10.6030700351999,0.531686579844747
445,475,10.4193576389747,0.749873169158405,10.3036782457243,0.147941430675861
446,495,7.44344304993689,9.09712900610135,7.42145898759359,9.88227407927909
446,514,7.44344304993689,9.09712900610135,7.43964563245562,8.58003069717689
447,470,7.70344909957861,10.3258281451505,8.16331107099052,10.2140795925467
447,472,7.70344909957861,10.3258281451505,7.94343207611306,10.6054815776122
447,476,7.70344909957861,10.3258281451505,7.97528467311955,9.87902127719831
448,501,10.3836304271157,10.6309929221767,10.4402740907125,11.4519570581494
448,520,10.3836304271157,10.6309929221767,10.8904477188385,11.2621843245562
448,521,10.3836304271157,10.6309929221767,10.1306439486278,11.2290201961891
448,570,10.3836304271157,10.6309929221767,10.2591079469598,10.3193836994003
449,458,6.59520313077922,0.137439894051729,6.44405499732987,0.414643120687861
450,558,9.30835624165186,1.5519457316469,8.89953477739813,1.08807898512543
451,484,7.64540742676671,4.19265483967927,6.81699015821594,4.98425123333557
451,522,7.64540742676671,4.19265483967927,7.53258125984837,5.09686830401595
451,546,7.64540742676671,4.19265483967927,7.867712256615,3.36742525225708
451,556,7.64540742676671,4.19265483967927,7.90485526923203,4.62555974870934
452,453,10.2142404114082,2.88100849414582,10.1290493093791,3.54967570230209
452,534,10.2142404114082,2.88100849414582,10.4912765368677,3.06737845282766
452,547,10.2142404114082,2.88100849414582,10.1993116714203,2.24677798213491
453,548,10.1290493093791,3.54967570230209,10.3894075448554,3.7554131855313
453,560,10.1290493093791,3.54967570230209,9.97355263135505,4.25390561285289
454,474,9.46610536283699,10.0271342539295,9.62866950740366,10.5410706706374
454,527,9.46610536283699,10.0271342539295,9.23260108171184,10.5074927390727
455,483,8.49125238572051,2.20480758753471,7.81533539404856,2.79875876117051
456,486,6.8754628227754,6.54742001073758,6.73533723807874,6.05675301838482
456,489,6.8754628227754,6.54742001073758,7.25827732113134,5.82498584019086
456,526,6.8754628227754,6.54742001073758,7.40568876995815,7.17354541125596
457,536,8.18716032267725,1.4181474196045,8.12944562886772,0.972678843819919
459,555,11.1358499659709,4.81344770970547,10.8404161215093,4.22880477074104
460,473,9.60613663501872,1.6323324771165,9.93263900015469,2.35533901057986
461,542,9.16000084747791,4.57629597438558,9.15490883509585,3.65953484721092
461,559,9.16000084747791,4.57629597438558,9.23695201616157,5.14804358093038
462,503,7.64655826042272,6.5089286593495,7.73964613054006,5.69253110242049
462,553,7.64655826042272,6.5089286593495,7.62723371497595,6.86371267794994
463,574,6.6948612385105,3.22461073007137,6.86910063898821,2.85176588403828
464,476,7.88298735643983,9.0247745036102,7.97528467311955,9.87902127719831
464,512,7.88298735643983,9.0247745036102,7.84498273744975,8.32187459657653
465,524,6.60862020485538,4.00352706442595,6.41742588581857,4.67320164790216
466,482,8.80510610712576,8.26869122136439,8.9735245844278,7.05944386721598
466,562,8.80510610712576,8.26869122136439,8.395190390587,8.27315212287128
467,537,6.20916012427584,10.9351132707109,6.7134693044188,9.88111428326162
468,517,10.7163536740433,6.74596911332136,10.8774840875116,6.36749315030402
468,551,10.7163536740433,6.74596911332136,11.0197318003739,7.27732192680776
469,487,10.6030700351999,0.531686579844747,11.1227922206555,0.17063388585206
470,502,8.16331107099052,10.2140795925467,8.55193174966025,9.90191737734855
471,541,9.15724120251834,9.92875039036564,8.74143108254037,10.2049194070882
472,513,7.94343207611306,10.6054815776122,8.16691896007652,11.059741070416
473,567,9.93263900015469,2.35533901057986,10.1527568418018,1.84687256846321
474,491,9.62866950740366,10.5410706706374,9.42794428422454,10.8017119399445
477,554,7.20966193472355,1.17992086027791,7.03397641513749,0.897347620011862
478,493,11.6232486195997,8.69089093396991,11.7451222197709,9.34212893133048
479,491,9.67327319886532,11.3481766072058,9.42794428422454,10.8017119399445
479,552,9.67327319886532,11.3481766072058,8.64090733119558,11.6475740276438
480,520,11.3606698735685,10.9486507435876,10.8904477188385,11.2621843245562
481,551,10.2188114435684,8.02558989922836,11.0197318003739,7.27732192680776
483,523,7.81533539404856,2.79875876117051,8.45777527385474,3.43510915702651
483,546,7.81533539404856,2.79875876117051,7.867712256615,3.36742525225708
484,496,6.81699015821594,4.98425123333557,6.58203356717247,5.38825123263324
486,489,6.73533723807874,6.05675301838482,7.25827732113134,5.82498584019086
486,496,6.73533723807874,6.05675301838482,6.58203356717247,5.38825123263324
488,555,11.0705735578358,3.64452103085262,10.8404161215093,4.22880477074104
489,522,7.25827732113134,5.82498584019086,7.53258125984837,5.09686830401595
490,538,6.34136608867123,2.66889830115035,6.39229695104304,1.97863923051755
491,527,9.42794428422454,10.8017119399445,9.23260108171184,10.5074927390727
492,509,11.5213787525651,1.48192914900042,11.5345828067211,2.13354180670876
492,544,11.5213787525651,1.48192914900042,11.7028195309648,0.848400202371918
494,498,9.47961301767224,7.53415168120653,9.76129230834481,7.1222334127514
494,515,9.47961301767224,7.53415168120653,9.87592333143056,7.78108349156274
494,561,9.47961301767224,7.53415168120653,9.3731614906851,7.12821292626769
495,499,7.42145898759359,9.88227407927909,7.02548030588009,10.0370035665033
498,533,9.76129230834481,7.1222334127514,10.0384718634604,6.79984655883326
500,512,7.88258435685141,7.50209906355016,7.84498273744975,8.32187459657653
500,553,7.88258435685141,7.50209906355016,7.62723371497595,6.86371267794994
502,541,8.55193174966025,9.90191737734855,8.74143108254037,10.2049194070882
503,522,7.73964613054006,5.69253110242049,7.53258125984837,5.09686830401595
505,534,10.7016425850635,3.44129756337653,10.4912765368677,3.06737845282766
505,548,10.7016425850635,3.44129756337653,10.3894075448554,3.7554131855313
508,570,10.097089478425,9.95889543519347,10.2591079469598,10.3193836994003
509,531,11.5345828067211,2.13354180670876,11.700284584539,2.76774083117916
511,563,6.38339661782542,6.68293424323755,6.17714700223371,7.12505405097529
513,557,8.16691896007652,11.059741070416,8.07696065424756,11.8165831689527
514,571,7.43964563245562,8.58003069717689,6.62894908950832,9.01707754205661
517,565,10.8774840875116,6.36749315030402,10.4100647343306,5.78841899870302
523,556,8.45777527385474,3.43510915702651,7.90485526923203,4.62555974870934
523,569,8.45777527385474,3.43510915702651,8.87748456924988,3.71389669921012
524,550,6.41742588581857,4.67320164790216,6.20108574443529,5.04287070789299
526,553,7.40568876995815,7.17354541125596,7.62723371497595,6.86371267794994
526,564,7.40568876995815,7.17354541125596,7.27012833569589,7.56364727986316
528,532,11.0682140700443,7.73033913983761,10.6615146869266,8.43369916742577
529,560,10.179725276743,5.02561661314499,9.97355263135505,4.25390561285289
530,536,7.69717473194124,1.63496819272146,8.12944562886772,0.972678843819919
531,535,11.700284584539,2.76774083117916,11.6925611052067,3.48097990665959
533,573,10.0384718634604,6.79984655883326,10.0708653458421,5.94745641317628
536,566,8.12944562886772,0.972678843819919,7.97910616620702,0.711261705991935
542,569,9.15490883509585,3.65953484721092,8.87748456924988,3.71389669921012
543,554,6.93066217568662,1.34244095097935,7.03397641513749,0.897347620011862
545,550,6.12818838916717,5.73785765413021,6.20108574443529,5.04287070789299
547,567,10.1993116714203,2.24677798213491,10.1527568418018,1.84687256846321
565,573,10.4100647343306,5.78841899870302,10.0708653458421,5.94745641317628
1,2,0,0,0.521739130434783,-0
1,92,0,0,-0,0.521739130434783
2,3,0.521739130434783,-0,1.04347826086957,-0
3,4,1.04347826086957,-0,1.56521739130435,-0
4,5,1.56521739130435,-0,2.08695652173913,-0
5,6,2.08695652173913,-0,2.60869565217391,-0
6,7,2.60869565217391,-0,3.1304347826087,-0
7,8,3.1304347826087,-0,3.65217391304348,-0
8,9,3.65217391304348,-0,4.17391304347826,-0
9,10,4.17391304347826,-0,4.69565217391304,-0
10,11,4.69565217391304,-0,5.21739130434783,-0
11,12,5.21739130434783,-0,5.73913043478261,-0
12,13,5.73913043478261,-0,6.26086956521739,0
13,14,6.26086956521739,0,6.78260869565217,0
14,15,6.78260869565217,0,7.30434782608696,0
15,16,7.30434782608696,0,7.82608695652174,0
16,17,7.82608695652174,0,8.34782608695652,0
17,18,8.34782608695652,0,8.8695652173913,0
18,19,8.8695652173913,0,9.39130434782609,0
19,20,9.39130434782609,0,9.91304347826087,0
20,21,9.91304347826087,0,10.4347826086957,0
21,22,10.4347826086957,0,10.9565217391304,0
22,23,10.9565217391304,0,11.4782608695652,0
23,24,11.4782608695652,0,12,0
24,25,12,0,12,0.521739130434783
25,26,12,0.521739130434783,12,1.04347826086957
26,27,12,1.04347826086957,12,1.56521739130435
27,28,12,1.56521739130435,12,2.08695652173913
28,29,12,2.08695652173913,12,2.60869565217391
29,30,12,2.60869565217391,12,3.1304347826087
30,31,12,3.1304347826087,12,3.65217391304348
31,32,12,3.65217391304348,12,4.17391304347826
32,33,12,4.17391304347826,12,4.69565217391304
33,34,12,4.69565217391304,12,5.21739130434783
34,35,12,5.21739130434783,12,5.73913043478261
35,36,12,5.73913043478261,12,6.26086956521739
36,37,12,6.26086956521739,12,6.78260869565217
37,38,12,6.78260869565217,12,7.30434782608696
38,39,12,7.30434782608696,12,7.82608695652174
39,40,12,7.82608695652174,12,8.34782608695652
40,41,12,8.34782608695652,12,8.8695652173913
41,42,12,8.8695652173913,12,9.39130434782609
42,43,12,9.39130434782609,12,9.91304347826087
43,44,12,9.91304347826087,12,10.4347826086957
44,45,12,10.4347826086957,12,10.9565217391304
45,46,12,10.9565217391304,12,11.4782608695652
46,47,12,11.4782608695652,12,12
47,48,12,12,11.4782608695652,12
48,49,11.4782608695652,12,10.9565217391304,12
49,50,10.9565217391304,12,10.4347826086957,12
50,51,10.4347826086957,12,9.91304347826087,12
51,52,9.91304347826087,12,9.39130434782609,12
52,53,9.39130434782609,12,8.8695652173913,12
53,54,8.8695652173913,12,8.34782608695652,12
54,55,8.34782608695652,12,7.82608695652174,12
55,56,7.82608695652174,12,7.30434782608696,12
56,57,7.30434782608696,12,6.78260869565217,12
57,58,6.78260869565217,12,6.26086956521739,12
58,59,6.26086956521739,12,5.73913043478261,12
59,60,5.73913043478261,12,5.21739130434783,12
60,61,5.21739130434783,12,4.69565217391304,12
61,62,4.69565217391304,12,4.17391304347826,12
62,63,4.17391304347826,12,3.65217391304348,12
63,64,3.65217391304348,12,3.1304347826087,12
64,65,3.1304347826087,12,2.60869565217391,12
65,66,2.60869565217391,12,2.08695652173913,12
66,67,2.08695652173913,12,1.56521739130435,12
67,68,1.56521739130435,12,1.04347826086957,12
68,69,1.04347826086957,12,0.521739130434783,12
69,70,0.521739130434783,12,0,12
70,71,0,12,0,11.4782608695652
71,72,0,11.4782608695652,0,10.9565217391304
72,73,0,10.9565217391304,0,10.4347826086957
73,74,0,10.4347826086957,0,9.91304347826087
74,75,0,9.91304347826087,0,9.39130434782609
75,76,0,9.39130434782609,0,8.8695652173913
76,77,0,8.8695652173913,0,8.34782608695652
77,78,0,8.34782608695652,0,7.82608695652174
78,79,0,7.82608695652174,0,7.30434782608696
79,80,0,7.30434782608696,0,6.78260869565217
80,81,0,6.78260869565217,0,6.26086956521739
81,82,0,6.26086956521739,-0,5.73913043478261
82,83,-0,5.73913043478261,-0,5.21739130434783
83,84,-0,5.21739130434783,-0,4.69565217391304
84,85,-0,4.69565217391304,-0,4.17391304347826
85,86,-0,4.17391304347826,-0,3.65217391304348
86,87,-0,3.65217391304348,-0,3.1304347826087
87,88,-0,3.1304347826087,-0,2.60869565217391
88,89,-0,2.60869565217391,-0,2.08695652173913
89,90,-0,2.08695652173913,-0,1.56521739130435
90,91,-0,1.56521739130435,-0,1.04347826086957
91,92,-0,1.04347826086957,-0,0.521739130434783
