0 0
0.521739130434783 -0
1.04347826086957 -0
1.56521739130435 -0
2.08695652173913 -0
2.60869565217391 -0
3.1304347826087 -0
3.65217391304348 -0
4.17391304347826 -0
4.69565217391304 -0
5.21739130434783 -0
5.73913043478261 -0
6.26086956521739 0
6.78260869565217 0
7.30434782608696 0
7.82608695652174 0
8.34782608695652 0
8.8695652173913 0
9.39130434782609 0
9.91304347826087 0
10.4347826086957 0
10.9565217391304 0
11.4782608695652 0
12 0
12 0.521739130434783
12 1.04347826086957
12 1.56521739130435
12 2.08695652173913
12 2.60869565217391
12 3.1304347826087
12 3.65217391304348
12 4.17391304347826
12 4.69565217391304
12 5.21739130434783
12 5.73913043478261
12 6.26086956521739
12 6.78260869565217
12 7.30434782608696
12 7.82608695652174
12 8.34782608695652
12 8.8695652173913
12 9.39130434782609
12 9.91304347826087
12 10.4347826086957
12 10.9565217391304
12 11.4782608695652
12 12
11.4782608695652 12
10.9565217391304 12
10.4347826086957 12
9.91304347826087 12
9.39130434782609 12
8.8695652173913 12
8.34782608695652 12
7.82608695652174 12
7.30434782608696 12
6.78260869565217 12
6.26086956521739 12
5.73913043478261 12
5.21739130434783 12
4.69565217391304 12
4.17391304347826 12
3.65217391304348 12
3.1304347826087 12
2.60869565217391 12
2.08695652173913 12
1.56521739130435 12
1.04347826086957 12
0.521739130434783 12
0 12
0 11.4782608695652
0 10.9565217391304
0 10.4347826086957
0 9.91304347826087
0 9.39130434782609
0 8.8695652173913
0 8.34782608695652
0 7.82608695652174
0 7.30434782608696
0 6.78260869565217
0 6.26086956521739
-0 5.73913043478261
-0 5.21739130434783
-0 4.69565217391304
-0 4.17391304347826
-0 3.65217391304348
-0 3.1304347826087
-0 2.60869565217391
-0 2.08695652173913
-0 1.56521739130435
-0 1.04347826086957
-0 0.521739130434783
2.32183117226128 4.24612616122593
4.57340136175075 10.3751007052804
2.74139754959853 9.66720285168743
2.00754868667309 10.9352900119997
0.691303493726757 7.27770371130081
4.22063879084822 11.3034997279296
5.90514705732668 7.74827842881866
5.30569061427112 9.51624428222253
4.84319327744654 3.04818114165188
2.04313817947029 2.77380383900291
1.95074832805955 1.45643336164632
5.43602434894382 2.98280350173296
0.484357211507566 11.7166004226009
0.276230511972407 4.70077891515862
2.17139020715335 8.13944560342498
0.841371640817714 8.20294112425694
2.03427825792757 7.36374741455633
4.66182417780235 1.57130607081742
0.880848700272681 2.38675212848347
0.769119304270558 3.31513429122384
4.92747695379423 10.3702568050459
1.80793498363098 0.976515637777591
0.620953120988367 5.99602269737829
5.30112053973398 2.43779432165826
4.90519195877228 1.71101684735461
1.77203794322334 8.72231975377229
0.853798613789028 9.38624611172857
2.95127911384088 6.07207174019318
0.213830915880213 1.31637797026304
0.641019596402358 2.81985607249006
4.40020900689841 0.294981583144174
5.18961329237402 3.74834819710972
5.39114358185519 1.72192311720612
1.45224621422971 9.33074557204179
3.44579598071028 4.86278775688106
5.6720843676262 8.19718527153754
2.02126830393495 10.5014190076449
0.365306277424004 5.44495918455782
4.00793332843986 5.88445110096286
5.5442001510214 6.109865088063
1.37416281454149 5.41376423037623
5.38725572786184 8.53763217450337
5.83755125560494 1.28598768612385
2.74773325202218 2.513647748572
0.542593337849108 0.5108517841438
5.26602222261658 0.462795185280952
2.2589266457858 3.66758516392635
2.88632172582023 0.473418384640194
3.22230270317632 2.0137419744026
4.0626337889886 5.04645326478112
0.13602524250309 0.573182952608581
5.87633207404161 1.89278745524155
3.84270683425608 7.52046360121416
1.50438004447155 4.17314697856338
3.34690530017994 1.50115557091758
3.2193189398266 6.17572420758819
4.6073998716507 2.17671782017662
5.78125631425616 0.939874407372104
1.36861034487634 10.1023347062117
1.27587180337935 1.24696165671317
1.39905745646276 1.5464105050948
1.59375334730902 1.99302570766877
1.44715429292781 4.67461745486204
0.794142354516706 6.71011019517179
2.80012398786353 8.44392797811828
1.15037539966343 1.85912094486459
5.88369423548 3.10486719458473
2.39476882547375 4.58878058899834
0.688621348215419 8.82537018705729
2.0028213873072 0.721619582625188
5.6097037639517 11.2608289119946
2.94071899091691 10.1897989124645
2.50859025488284 1.17049654906999
3.19098062544186 8.80352160439896
3.37557556658457 0.400802718768157
2.14356444348825 9.44568617919841
4.07883652807132 10.9004058631406
0.962595426518958 5.20055657789234
3.8869340738427 2.08923197213536
5.03736195940558 10.8512799804803
2.24556088798352 8.78633094393737
5.52892651154259 11.5826974786305
2.88432785761609 5.802105316383
3.68649001803371 8.71021286777896
5.05642581825925 7.59265966232367
0.123008235478006 10.1856979025527
0.219154627423923 3.82462964058346
3.75970587387172 5.74797668734881
0.942355198026428 5.65844776920674
2.79798792047659 2.03510253599411
5.73657872093696 11.9181676791792
2.08379178505509 5.31758593033825
1.08570951990959 2.66787382110307
3.2899705513909 10.8108032024881
5.04266908072044 4.05502903880863
4.83170514741863 3.53625571481636
3.65998666655123 0.436376988187415
4.59387123659375 0.78470438694129
5.20426728549881 7.35308736138515
4.66955401847452 8.26139075342496
3.58540477012331 9.24998070709045
5.60466004087695 3.4465006698939
3.78331444067489 7.05478450677566
3.1710166701703 2.48216565461227
2.19634442914044 6.2842991825468
5.84181964146825 0.620800284970241
5.69863502799099 1.57883838878521
1.22418098767181 8.90758130044702
3.14312156521314 5.06707012987616
2.18390103127229 0.494838254728555
1.58064236102529 0.749873169158405
4.55655695006311 9.09712900610135
4.29655090042139 10.3258281451505
1.61636957288427 10.6309929221767
5.40479686922078 0.137439894051729
2.69164375834814 1.5519457316469
4.35459257323329 4.19265483967927
1.7857595885918 2.88100849414582
1.87095069062094 3.54967570230209
2.533894637163 10.0271342539295
3.50874761427949 2.20480758753471
5.1245371772246 6.54742001073758
3.81283967732275 1.4181474196045
5.55594500267013 0.414643120687861
0.864150034029057 4.81344770970547
2.39386336498128 1.6323324771165
2.83999915252209 4.57629597438558
4.35344173957728 6.5089286593495
5.3051387614895 3.22461073007137
4.11701264356017 9.0247745036102
5.39137979514462 4.00352706442595
3.19489389287424 8.26869122136439
5.79083987572416 10.9351132707109
1.2836463259567 6.74596911332136
1.39692996480014 0.531686579844747
3.83668892900948 10.2140795925467
2.84275879748166 9.92875039036564
4.05656792388694 10.6054815776122
2.06736099984531 2.35533901057986
2.37133049259634 10.5410706706374
1.69632175427574 0.147941430675861
4.02471532688045 9.87902127719831
4.79033806527645 1.17992086027791
0.376751380400274 8.69089093396991
2.32672680113468 11.3481766072058
0.639330126431477 10.9486507435876
1.78118855643157 8.02558989922836
3.0264754155722 7.05944386721598
4.18466460595144 2.79875876117051
5.18300984178406 4.98425123333557
2.39413086820114 2.56475719196511
5.26466276192126 6.05675301838482
0.87720777934452 0.17063388585206
0.929426442164244 3.64452103085262
4.74172267886866 5.82498584019086
5.65863391132877 2.66889830115035
2.57205571577545 10.8017119399445
0.478621247434941 1.48192914900042
0.254877780229109 9.34212893133048
2.52038698232776 7.53415168120653
4.57854101240641 9.88227407927909
5.41796643282753 5.38825123263324
1.1963981661763 9.70698593695477
2.23870769165519 7.1222334127514
4.97451969411991 10.0370035665033
4.11741564314859 7.50209906355016
1.55972590928751 11.4519570581494
3.44806825033975 9.90191737734855
4.26035386945994 5.69253110242049
0.65087212562728 9.60971449139636
1.29835741493645 3.44129756337653
0.104063034595341 6.02986426908236
3.99942064763234 5.50322394154765
1.90291052157499 9.95889543519347
0.465417193278926 2.13354180670876
0.405582152641224 0.102745105839548
5.61660338217458 6.68293424323755
4.15501726255025 8.32187459657653
3.83308103992348 11.059741070416
4.56035436754438 8.58003069717689
2.12407666856944 7.78108349156274
1.56453854960162 9.75611166148247
1.12251591248841 6.36749315030402
0.0907000149286589 4.20857193817733
5.33694512216999 11.0204278240589
1.10955228116148 11.2621843245562
1.86935605137222 11.2290201961891
4.46741874015163 5.09686830401595
3.54222472614526 3.43510915702651
5.58257411418143 4.67320164790216
0.587103827867236 6.8984664351936
4.59431123004185 7.17354541125596
2.76739891828816 10.5074927390727
0.931785929955693 7.73033913983761
1.82027472325697 5.02561661314499
4.30282526805876 1.63496819272146
0.299715415461039 2.76774083117916
1.33848531307341 8.43369916742577
1.96152813653963 6.79984655883326
1.50872346313226 3.06737845282766
0.307438894793255 3.48097990665959
3.87055437113228 0.972678843819919
5.2865306955812 9.88111428326162
5.60770304895696 1.97863923051755
3.85734180052558 6.7858063612096
2.10760360442207 9.03578369218902
3.25856891745963 10.2049194070882
2.84509116490415 3.65953484721092
5.06933782431338 1.34244095097935
0.297180469035224 0.848400202371918
5.87181161083283 5.73785765413021
4.132287743385 3.36742525225708
1.80068832857966 2.24677798213491
1.61059245514464 3.7554131855313
5.90016770003412 8.0353263073471
5.79891425556471 5.04287070789299
0.980268199626122 7.27732192680776
3.35909266880442 11.6475740276438
4.37276628502405 6.86371267794994
4.96602358486251 0.897347620011862
1.15958387849066 4.22880477074104
4.09514473076797 4.62555974870934
3.92303934575244 11.8165831689527
3.10046522260187 1.08807898512543
2.76304798383843 5.14804358093038
2.02644736864495 4.25390561285289
2.6268385093149 7.12821292626769
3.604809609413 8.27315212287128
5.82285299776629 7.12505405097529
4.72987166430411 7.56364727986316
1.5899352656694 5.78841899870302
4.02089383379298 0.711261705991935
1.84724315819818 1.84687256846321
1.44262670096118 4.95713528892022
3.12251543075012 3.71389669921012
1.74089205304024 10.3193836994003
5.37105091049168 9.01707754205661
1.22040820962021 2.31728930678617
1.92913465415792 5.94745641317628
5.13089936101179 2.85176588403828
5.94873632193527 11.7219131135944
5.2556382986358 2.05466034399718
9.67816882773872 4.24612616122593
7.42659863824925 10.3751007052804
9.25860245040147 9.66720285168743
9.99245131332691 10.9352900119997
11.3086965062732 7.27770371130081
7.77936120915178 11.3034997279296
6.09485294267332 7.74827842881866
6.69430938572888 9.51624428222253
7.15680672255346 3.04818114165188
9.95686182052971 2.77380383900291
10.0492516719405 1.45643336164632
6.56397565105618 2.98280350173296
11.5156427884924 11.7166004226009
11.7237694880276 4.70077891515862
9.82860979284665 8.13944560342498
11.1586283591823 8.20294112425694
9.96572174207243 7.36374741455633
7.33817582219765 1.57130607081742
11.1191512997273 2.38675212848347
11.2308806957294 3.31513429122384
7.07252304620577 10.3702568050459
10.192065016369 0.976515637777591
11.3790468790116 5.99602269737829
6.69887946026602 2.43779432165826
7.09480804122772 1.71101684735461
10.2279620567767 8.72231975377229
11.146201386211 9.38624611172857
9.04872088615912 6.07207174019318
11.7861690841198 1.31637797026304
11.3589804035976 2.81985607249006
7.59979099310159 0.294981583144174
6.81038670762598 3.74834819710972
6.60885641814481 1.72192311720612
10.5477537857703 9.33074557204179
8.55420401928972 4.86278775688106
6.3279156323738 8.19718527153754
9.97873169606505 10.5014190076449
11.634693722576 5.44495918455782
7.99206667156014 5.88445110096286
6.4557998489786 6.109865088063
10.6258371854585 5.41376423037623
6.61274427213816 8.53763217450337
6.16244874439506 1.28598768612385
9.25226674797782 2.513647748572
11.4574066621509 0.5108517841438
6.73397777738342 0.462795185280952
9.7410733542142 3.66758516392635
9.11367827417977 0.473418384640194
8.77769729682368 2.0137419744026
7.9373662110114 5.04645326478112
11.8639747574969 0.573182952608581
6.12366792595839 1.89278745524155
8.15729316574392 7.52046360121416
10.4956199555284 4.17314697856338
8.65309469982006 1.50115557091758
8.7806810601734 6.17572420758819
7.3926001283493 2.17671782017662
6.21874368574384 0.939874407372104
10.6313896551237 10.1023347062117
10.7241281966207 1.24696165671317
10.6009425435372 1.5464105050948
10.406246652691 1.99302570766877
10.5528457070722 4.67461745486204
11.2058576454833 6.71011019517179
9.19987601213647 8.44392797811828
10.8496246003366 1.85912094486459
6.11630576452 3.10486719458473
9.60523117452625 4.58878058899834
11.3113786517846 8.82537018705729
9.9971786126928 0.721619582625188
6.3902962360483 11.2608289119946
9.05928100908309 10.1897989124645
9.49140974511716 1.17049654906999
8.80901937455814 8.80352160439896
8.62442443341543 0.400802718768157
9.85643555651175 9.44568617919841
7.92116347192868 10.9004058631406
11.037404573481 5.20055657789234
8.1130659261573 2.08923197213536
6.96263804059442 10.8512799804803
9.75443911201648 8.78633094393737
6.47107348845741 11.5826974786305
9.11567214238391 5.802105316383
8.31350998196629 8.71021286777896
6.94357418174075 7.59265966232367
11.876991764522 10.1856979025527
11.7808453725761 3.82462964058346
8.24029412612828 5.74797668734881
11.0576448019736 5.65844776920674
9.20201207952341 2.03510253599411
6.26342127906304 11.9181676791792
9.91620821494491 5.31758593033825
10.9142904800904 2.66787382110307
8.7100294486091 10.8108032024881
6.95733091927956 4.05502903880863
7.16829485258137 3.53625571481636
8.34001333344877 0.436376988187415
7.40612876340625 0.78470438694129
6.79573271450119 7.35308736138515
7.33044598152548 8.26139075342496
8.41459522987669 9.24998070709045
6.39533995912305 3.4465006698939
8.21668555932511 7.05478450677566
8.8289833298297 2.48216565461227
9.80365557085956 6.2842991825468
6.15818035853175 0.620800284970241
6.30136497200901 1.57883838878521
10.7758190123282 8.90758130044702
8.85687843478686 5.06707012987616
9.81609896872771 0.494838254728555
10.4193576389747 0.749873169158405
7.44344304993689 9.09712900610135
7.70344909957861 10.3258281451505
10.3836304271157 10.6309929221767
6.59520313077922 0.137439894051729
9.30835624165186 1.5519457316469
7.64540742676671 4.19265483967927
10.2142404114082 2.88100849414582
10.1290493093791 3.54967570230209
9.46610536283699 10.0271342539295
8.49125238572051 2.20480758753471
6.8754628227754 6.54742001073758
8.18716032267725 1.4181474196045
6.44405499732987 0.414643120687861
11.1358499659709 4.81344770970547
9.60613663501872 1.6323324771165
9.16000084747791 4.57629597438558
7.64655826042272 6.5089286593495
6.6948612385105 3.22461073007137
7.88298735643983 9.0247745036102
6.60862020485538 4.00352706442595
8.80510610712576 8.26869122136439
6.20916012427584 10.9351132707109
10.7163536740433 6.74596911332136
10.6030700351999 0.531686579844747
8.16331107099052 10.2140795925467
9.15724120251834 9.92875039036564
7.94343207611306 10.6054815776122
9.93263900015469 2.35533901057986
9.62866950740366 10.5410706706374
10.3036782457243 0.147941430675861
7.97528467311955 9.87902127719831
7.20966193472355 1.17992086027791
11.6232486195997 8.69089093396991
9.67327319886532 11.3481766072058
11.3606698735685 10.9486507435876
10.2188114435684 8.02558989922836
8.9735245844278 7.05944386721598
7.81533539404856 2.79875876117051
6.81699015821594 4.98425123333557
9.60586913179886 2.56475719196511
6.73533723807874 6.05675301838482
11.1227922206555 0.17063388585206
11.0705735578358 3.64452103085262
7.25827732113134 5.82498584019086
6.34136608867123 2.66889830115035
9.42794428422454 10.8017119399445
11.5213787525651 1.48192914900042
11.7451222197709 9.34212893133048
9.47961301767224 7.53415168120653
7.42145898759359 9.88227407927909
6.58203356717247 5.38825123263324
10.8036018338237 9.70698593695477
9.76129230834481 7.1222334127514
7.02548030588009 10.0370035665033
7.88258435685141 7.50209906355016
10.4402740907125 11.4519570581494
8.55193174966025 9.90191737734855
7.73964613054006 5.69253110242049
11.3491278743727 9.60971449139636
10.7016425850635 3.44129756337653
11.8959369654047 6.02986426908236
8.00057935236767 5.50322394154765
10.097089478425 9.95889543519347
11.5345828067211 2.13354180670876
11.5944178473588 0.102745105839548
6.38339661782542 6.68293424323755
7.84498273744975 8.32187459657653
8.16691896007652 11.059741070416
7.43964563245562 8.58003069717689
9.87592333143056 7.78108349156274
10.4354614503984 9.75611166148247
10.8774840875116 6.36749315030402
11.9092999850713 4.20857193817733
6.66305487783001 11.0204278240589
10.8904477188385 11.2621843245562
10.1306439486278 11.2290201961891
7.53258125984837 5.09686830401595
8.45777527385474 3.43510915702651
6.41742588581857 4.67320164790216
11.4128961721328 6.8984664351936
7.40568876995815 7.17354541125596
9.23260108171184 10.5074927390727
11.0682140700443 7.73033913983761
10.179725276743 5.02561661314499
7.69717473194124 1.63496819272146
11.700284584539 2.76774083117916
10.6615146869266 8.43369916742577
10.0384718634604 6.79984655883326
10.4912765368677 3.06737845282766
11.6925611052067 3.48097990665959
8.12944562886772 0.972678843819919
6.7134693044188 9.88111428326162
6.39229695104304 1.97863923051755
8.14265819947442 6.7858063612096
9.89239639557793 9.03578369218902
8.74143108254037 10.2049194070882
9.15490883509585 3.65953484721092
6.93066217568662 1.34244095097935
11.7028195309648 0.848400202371918
6.12818838916717 5.73785765413021
7.867712256615 3.36742525225708
10.1993116714203 2.24677798213491
10.3894075448554 3.7554131855313
6.09983229996588 8.0353263073471
6.20108574443529 5.04287070789299
11.0197318003739 7.27732192680776
8.64090733119558 11.6475740276438
7.62723371497595 6.86371267794994
7.03397641513749 0.897347620011862
10.8404161215093 4.22880477074104
7.90485526923203 4.62555974870934
8.07696065424756 11.8165831689527
8.89953477739813 1.08807898512543
9.23695201616157 5.14804358093038
9.97355263135505 4.25390561285289
9.3731614906851 7.12821292626769
8.395190390587 8.27315212287128
6.17714700223371 7.12505405097529
7.27012833569589 7.56364727986316
10.4100647343306 5.78841899870302
7.97910616620702 0.711261705991935
10.1527568418018 1.84687256846321
10.5573732990388 4.95713528892022
8.87748456924988 3.71389669921012
10.2591079469598 10.3193836994003
6.62894908950832 9.01707754205661
10.7795917903798 2.31728930678617
10.0708653458421 5.94745641317628
6.86910063898821 2.85176588403828
6.05126367806473 11.7219131135944
6.7443617013642 2.05466034399718
