1 2 0 0 0.8 -0
1 60 0 0 -0 0.8
1 157 0 0 0.115313527305933 0.423469988251248
2 3 0.8 -0 1.6 -0
2 122 0.8 -0 0.949598218160254 0.23864475546065
2 157 0.8 -0 0.115313527305933 0.423469988251248
3 4 1.6 -0 2.4 -0
3 75 1.6 -0 2.23734494461567 0.540365792423669
3 105 1.6 -0 1.43497823269672 0.894190454081156
3 122 1.6 -0 0.949598218160254 0.23864475546065
4 5 2.4 -0 3.2 -0
4 75 2.4 -0 2.23734494461567 0.540365792423669
4 111 2.4 -0 2.75825408074627 0.246182609317325
5 6 3.2 -0 4 -0
5 111 3.2 -0 2.75825408074627 0.246182609317325
5 141 3.2 -0 3.81546604269367 0.212458468818049
6 7 4 -0 4.8 -0
6 94 4 -0 4.41899375747881 1.0621308760557
6 141 4 -0 3.81546604269367 0.212458468818049
7 8 4.8 -0 5.6 -0
7 94 4.8 -0 4.41899375747881 1.0621308760557
7 150 4.8 -0 5.01901429932125 0.449067195150401
8 9 5.6 -0 6.4 0
8 133 5.6 -0 5.64283817689902 0.280492566398004
8 150 5.6 -0 5.01901429932125 0.449067195150401
8 231 5.6 -0 6.35716182310098 0.280492566398004
9 10 6.4 0 7.2 0
9 231 6.4 0 6.35716182310098 0.280492566398004
9 248 6.4 0 6.98098570067875 0.449067195150401
10 11 7.2 0 8 0
10 192 7.2 0 7.58100624252119 1.0621308760557
10 248 7.2 0 6.98098570067875 0.449067195150401
11 12 8 0 8.8 0
11 192 8 0 7.58100624252119 1.0621308760557
11 239 8 0 8.18453395730633 0.212458468818049
12 13 8.8 0 9.6 0
12 209 8.8 0 9.24174591925373 0.246182609317325
12 239 8.8 0 8.18453395730633 0.212458468818049
13 14 9.6 0 10.4 0
13 173 9.6 0 9.76265505538433 0.540365792423669
13 209 9.6 0 9.24174591925373 0.246182609317325
14 15 10.4 0 11.2 0
14 173 10.4 0 9.76265505538433 0.540365792423669
14 203 10.4 0 10.5650217673033 0.894190454081156
14 220 10.4 0 11.0504017818397 0.23864475546065
15 16 11.2 0 12 0
15 220 11.2 0 11.0504017818397 0.23864475546065
15 255 11.2 0 11.8846864726941 0.423469988251248
16 17 12 0 12 0.8
16 255 12 0 11.8846864726941 0.423469988251248
17 18 12 0.8 12 1.6
17 226 12 0.8 11.4644230539621 0.821719618898087
17 255 12 0.8 11.8846864726941 0.423469988251248
18 19 12 1.6 12 2.4
18 214 12 1.6 11.0258779602613 1.84819365535243
18 226 12 1.6 11.4644230539621 0.821719618898087
18 245 12 1.6 11.2218869723983 2.22986402397198
19 20 12 2.4 12 3.2
19 205 12 2.4 11.9111903349172 2.47622280313682
19 245 12 2.4 11.2218869723983 2.22986402397198
20 21 12 3.2 12 4
20 175 12 3.2 11.1408966977756 3.19847579907328
20 205 12 3.2 11.9111903349172 2.47622280313682
20 237 12 3.2 11.7937670247477 4.03901407664879
21 22 12 4 12 4.8
21 237 12 4 11.7937670247477 4.03901407664879
22 23 12 4.8 12 5.6
22 201 12 4.8 10.7702120353227 4.6414955201619
22 237 12 4.8 11.7937670247477 4.03901407664879
22 243 12 4.8 11.129860378532 5.25970045161464
22 247 12 4.8 11.6743885908693 5.2983209550954
23 24 12 5.6 12 6.4
23 167 12 5.6 11.5986624559907 6.4647272109326
23 217 12 5.6 11.055658978686 5.77749716934465
23 247 12 5.6 11.6743885908693 5.2983209550954
24 25 12 6.4 12 7.2
24 167 12 6.4 11.5986624559907 6.4647272109326
24 235 12 6.4 11.5246658523797 6.93651824857819
25 26 12 7.2 12 8
25 161 12 7.2 11.5850749061208 7.38882189077548
25 235 12 7.2 11.5246658523797 6.93651824857819
26 27 12 8 12 8.8
26 161 12 8 11.5850749061208 7.38882189077548
26 198 12 8 11.7209092866129 8.35891713669265
27 28 12 8.8 12 9.6
27 198 12 8.8 11.7209092866129 8.35891713669265
27 229 12 8.8 11.8915492199712 9.12386490353278
28 29 12 9.6 12 10.4
28 174 12 9.6 11.7903691630047 10.3541447320702
28 229 12 9.6 11.8915492199712 9.12386490353278
28 253 12 9.6 11.6385017088548 9.75405443423928
29 30 12 10.4 12 11.2
29 174 12 10.4 11.7903691630047 10.3541447320702
30 31 12 11.2 12 12
30 166 12 11.2 11.1912949474874 11.8371259623034
30 174 12 11.2 11.7903691630047 10.3541447320702
30 218 12 11.2 11.2527445763405 10.098676321003
31 32 12 12 11.2 12
31 166 12 12 11.1912949474874 11.8371259623034
32 33 11.2 12 10.4 12
32 166 11.2 12 11.1912949474874 11.8371259623034
33 34 10.4 12 9.6 12
33 160 10.4 12 9.54115423033949 11.4719866740406
33 166 10.4 12 11.1912949474874 11.8371259623034
33 182 10.4 12 10.4866583569072 11.5336017257127
34 35 9.6 12 8.8 12
34 160 9.6 12 9.54115423033949 11.4719866740406
34 254 9.6 12 9.16107205207032 11.7856696619927
35 36 8.8 12 8 12
35 177 8.8 12 8.66401817198367 10.7482834539652
35 254 8.8 12 9.16107205207032 11.7856696619927
36 37 8 12 7.2 12
36 177 8 12 8.66401817198367 10.7482834539652
36 215 8 12 7.41507220983801 10.8717269374487
37 38 7.2 12 6.4 12
37 215 7.2 12 7.41507220983801 10.8717269374487
37 225 7.2 12 6.38118802190848 11.6935036106455
38 39 6.4 12 5.6 12
38 225 6.4 12 6.38118802190848 11.6935036106455
39 40 5.6 12 4.8 12
39 127 5.6 12 5.61881197809152 11.6935036106455
39 225 5.6 12 6.38118802190848 11.6935036106455
40 41 4.8 12 4 12
40 117 4.8 12 4.58492779016199 10.8717269374487
40 127 4.8 12 5.61881197809152 11.6935036106455
41 42 4 12 3.2 12
41 79 4 12 3.33598182801633 10.7482834539652
41 117 4 12 4.58492779016199 10.8717269374487
42 43 3.2 12 2.4 12
42 79 3.2 12 3.33598182801633 10.7482834539652
42 156 3.2 12 2.83892794792968 11.7856696619927
43 44 2.4 12 1.6 12
43 62 2.4 12 2.45884576966051 11.4719866740406
43 156 2.4 12 2.83892794792968 11.7856696619927
44 45 1.6 12 0.8 12
44 62 1.6 12 2.45884576966051 11.4719866740406
44 68 1.6 12 0.808705052512626 11.8371259623034
44 84 1.6 12 1.51334164309282 11.5336017257127
45 46 0.8 12 0 12
45 68 0.8 12 0.808705052512626 11.8371259623034
46 47 0 12 0 11.2
46 68 0 12 0.808705052512626 11.8371259623034
47 48 0 11.2 0 10.4
47 68 0 11.2 0.808705052512626 11.8371259623034
47 76 0 11.2 0.20963083699534 10.3541447320702
47 120 0 11.2 0.747255423659515 10.098676321003
48 49 0 10.4 0 9.6
48 76 0 10.4 0.20963083699534 10.3541447320702
49 50 0 9.6 0 8.8
49 76 0 9.6 0.20963083699534 10.3541447320702
49 131 0 9.6 0.10845078002883 9.12386490353278
49 155 0 9.6 0.361498291145196 9.75405443423928
50 51 0 8.8 0 8
50 100 0 8.8 0.279090713387139 8.35891713669265
50 131 0 8.8 0.10845078002883 9.12386490353278
51 52 0 8 0 7.2
51 63 0 8 0.414925093879229 7.38882189077548
51 100 0 8 0.279090713387139 8.35891713669265
52 53 0 7.2 0 6.4
52 63 0 7.2 0.414925093879229 7.38882189077548
52 137 0 7.2 0.475334147620312 6.93651824857819
53 54 0 6.4 -0 5.6
53 69 0 6.4 0.401337544009272 6.4647272109326
53 137 0 6.4 0.475334147620312 6.93651824857819
54 55 -0 5.6 -0 4.8
54 69 -0 5.6 0.401337544009272 6.4647272109326
54 119 -0 5.6 0.944341021313957 5.77749716934465
54 149 -0 5.6 0.325611409130742 5.2983209550954
55 56 -0 4.8 -0 4
55 103 -0 4.8 1.22978796467728 4.6414955201619
55 139 -0 4.8 0.206232975252274 4.03901407664879
55 145 -0 4.8 0.870139621467987 5.25970045161464
55 149 -0 4.8 0.325611409130742 5.2983209550954
56 57 -0 4 -0 3.2
56 139 -0 4 0.206232975252274 4.03901407664879
57 58 -0 3.2 -0 2.4
57 77 -0 3.2 0.859103302224415 3.19847579907328
57 107 -0 3.2 0.0888096650828079 2.47622280313682
57 139 -0 3.2 0.206232975252274 4.03901407664879
58 59 -0 2.4 -0 1.6
58 107 -0 2.4 0.0888096650828079 2.47622280313682
58 147 -0 2.4 0.778113027601742 2.22986402397198
59 60 -0 1.6 -0 0.8
59 116 -0 1.6 0.974122039738669 1.84819365535243
59 128 -0 1.6 0.535576946037942 0.821719618898087
59 147 -0 1.6 0.778113027601742 2.22986402397198
60 128 -0 0.8 0.535576946037942 0.821719618898087
60 157 -0 0.8 0.115313527305933 0.423469988251248
61 94 4.82147579750974 1.3189927164518 4.41899375747881 1.0621308760557
61 95 4.82147579750974 1.3189927164518 4.84039923138385 2.4696635845438
61 102 4.82147579750974 1.3189927164518 5.89489300960456 1.48335974966068
61 109 4.82147579750974 1.3189927164518 4.49062029107105 1.71419344798415
61 114 4.82147579750974 1.3189927164518 5.58897359679315 1.16827713097323
61 150 4.82147579750974 1.3189927164518 5.01901429932125 0.449067195150401
62 84 2.45884576966051 11.4719866740406 1.51334164309282 11.5336017257127
62 104 2.45884576966051 11.4719866740406 2.7350560710273 10.4199672537483
62 132 2.45884576966051 11.4719866740406 2.33385872109544 10.0012656517813
62 154 2.45884576966051 11.4719866740406 2.79464619247243 10.9801403268785
62 156 2.45884576966051 11.4719866740406 2.83892794792968 11.7856696619927
63 83 0.414925093879229 7.38882189077548 0.889911101368611 7.08816387006901
63 100 0.414925093879229 7.38882189077548 0.279090713387139 8.35891713669265
63 126 0.414925093879229 7.38882189077548 1.39952586738927 8.13295013957702
63 137 0.414925093879229 7.38882189077548 0.475334147620312 6.93651824857819
64 80 5.67592843137016 3.24785197866191 5.52290164616646 3.85557581200245
64 99 5.67592843137016 3.24785197866191 5.24201468731564 2.97309100730205
64 140 5.67592843137016 3.24785197866191 5.96010234604231 2.19795269582744
64 162 5.67592843137016 3.24785197866191 6.32407156862984 3.24785197866191
64 238 5.67592843137016 3.24785197866191 6.03989765395769 2.19795269582744
65 84 1.16874739302133 9.76867316002193 1.51334164309282 11.5336017257127
65 86 1.16874739302133 9.76867316002193 1.1216995981612 8.83338336047332
65 120 1.16874739302133 9.76867316002193 0.747255423659515 10.098676321003
65 121 1.16874739302133 9.76867316002193 2.4367055861525 9.12887492944943
65 132 1.16874739302133 9.76867316002193 2.33385872109544 10.0012656517813
65 155 1.16874739302133 9.76867316002193 0.361498291145196 9.75405443423928
66 72 4.33669234140215 5.09849192424957 3.44666885894352 5.97145494278221
66 80 4.33669234140215 5.09849192424957 5.52290164616646 3.85557581200245
66 85 4.33669234140215 5.09849192424957 4.35320939836082 6.03921848883349
66 92 4.33669234140215 5.09849192424957 3.60800262070006 4.24471445952844
66 96 4.33669234140215 5.09849192424957 4.27605346248548 4.61499416423519
66 123 4.33669234140215 5.09849192424957 4.83493148818994 6.11754926922253
67 94 4.09709128952269 1.46733547009105 4.41899375747881 1.0621308760557
67 109 4.09709128952269 1.46733547009105 4.49062029107105 1.71419344798415
67 110 4.09709128952269 1.46733547009105 3.3564450672711 2.91930343077159
67 124 4.09709128952269 1.46733547009105 3.03391591981948 1.84706712757517
67 141 4.09709128952269 1.46733547009105 3.81546604269367 0.212458468818049
67 151 4.09709128952269 1.46733547009105 4.17820935436833 2.98063877454053
68 84 0.808705052512626 11.8371259623034 1.51334164309282 11.5336017257127
68 120 0.808705052512626 11.8371259623034 0.747255423659515 10.098676321003
69 83 0.401337544009272 6.4647272109326 0.889911101368611 7.08816387006901
69 119 0.401337544009272 6.4647272109326 0.944341021313957 5.77749716934465
69 137 0.401337544009272 6.4647272109326 0.475334147620312 6.93651824857819
70 71 3.09515863960892 10.175668356791 3.47890630364026 9.52184349967034
70 79 3.09515863960892 10.175668356791 3.33598182801633 10.7482834539652
70 87 3.09515863960892 10.175668356791 3.76593769428571 10.4908987898187
70 104 3.09515863960892 10.175668356791 2.7350560710273 10.4199672537483
70 132 3.09515863960892 10.175668356791 2.33385872109544 10.0012656517813
70 142 3.09515863960892 10.175668356791 3.0059366185914 9.68022597478329
71 87 3.47890630364026 9.52184349967034 3.76593769428571 10.4908987898187
71 98 3.47890630364026 9.52184349967034 3.51895513137613 8.74944573652768
71 115 3.47890630364026 9.52184349967034 3.91951786787867 9.5562370380091
71 142 3.47890630364026 9.52184349967034 3.0059366185914 9.68022597478329
72 85 3.44666885894352 5.97145494278221 4.35320939836082 6.03921848883349
72 89 3.44666885894352 5.97145494278221 4.57519863110934 6.94231419093972
72 91 3.44666885894352 5.97145494278221 2.87961996934685 6.94116236622082
72 92 3.44666885894352 5.97145494278221 3.60800262070006 4.24471445952844
72 113 3.44666885894352 5.97145494278221 2.73478745817501 6.02154453958262
72 134 3.44666885894352 5.97145494278221 2.56122853762657 4.61250209052584
73 78 2.33639148329646 3.74927562180848 2.912594578719 3.7072597833547
73 101 2.33639148329646 3.74927562180848 1.58378146211305 3.77614942846508
73 112 2.33639148329646 3.74927562180848 1.95636227020771 4.82333753472512
73 125 2.33639148329646 3.74927562180848 1.52819756803927 3.2496779640313
73 134 2.33639148329646 3.74927562180848 2.56122853762657 4.61250209052584
73 148 2.33639148329646 3.74927562180848 2.85800737230792 3.18817888583736
74 81 1.43475423024667 1.57059716607838 0.980096667182036 0.760833296734388
74 105 1.43475423024667 1.57059716607838 1.43497823269672 0.894190454081156
74 116 1.43475423024667 1.57059716607838 0.974122039738669 1.84819365535243
74 129 1.43475423024667 1.57059716607838 1.79698667099736 1.23454759996431
74 143 1.43475423024667 1.57059716607838 2.24969862006005 1.35955518782189
74 158 1.43475423024667 1.57059716607838 1.86284321266158 2.29775088216107
75 105 2.23734494461567 0.540365792423669 1.43497823269672 0.894190454081156
75 111 2.23734494461567 0.540365792423669 2.75825408074627 0.246182609317325
75 129 2.23734494461567 0.540365792423669 1.79698667099736 1.23454759996431
75 143 2.23734494461567 0.540365792423669 2.24969862006005 1.35955518782189
76 120 0.20963083699534 10.3541447320702 0.747255423659515 10.098676321003
76 155 0.20963083699534 10.3541447320702 0.361498291145196 9.75405443423928
77 107 0.859103302224415 3.19847579907328 0.0888096650828079 2.47622280313682
77 118 0.859103302224415 3.19847579907328 0.993491620460768 2.76977096502949
77 125 0.859103302224415 3.19847579907328 1.52819756803927 3.2496779640313
77 136 0.859103302224415 3.19847579907328 0.964752519054237 3.65943894579606
77 139 0.859103302224415 3.19847579907328 0.206232975252274 4.03901407664879
78 92 2.912594578719 3.7072597833547 3.60800262070006 4.24471445952844
78 110 2.912594578719 3.7072597833547 3.3564450672711 2.91930343077159
78 134 2.912594578719 3.7072597833547 2.56122853762657 4.61250209052584
78 148 2.912594578719 3.7072597833547 2.85800737230792 3.18817888583736
79 87 3.33598182801633 10.7482834539652 3.76593769428571 10.4908987898187
79 104 3.33598182801633 10.7482834539652 2.7350560710273 10.4199672537483
79 117 3.33598182801633 10.7482834539652 4.58492779016199 10.8717269374487
79 154 3.33598182801633 10.7482834539652 2.79464619247243 10.9801403268785
79 156 3.33598182801633 10.7482834539652 2.83892794792968 11.7856696619927
80 96 5.52290164616646 3.85557581200245 4.27605346248548 4.61499416423519
80 99 5.52290164616646 3.85557581200245 5.24201468731564 2.97309100730205
80 123 5.52290164616646 3.85557581200245 4.83493148818994 6.11754926922253
80 130 5.52290164616646 3.85557581200245 4.22965468590203 3.97830390092173
80 138 5.52290164616646 3.85557581200245 4.65958100917469 3.53421739553516
80 162 5.52290164616646 3.85557581200245 6.32407156862984 3.24785197866191
80 178 5.52290164616646 3.85557581200245 6.47709835383354 3.85557581200245
81 105 0.980096667182036 0.760833296734388 1.43497823269672 0.894190454081156
81 116 0.980096667182036 0.760833296734388 0.974122039738669 1.84819365535243
81 122 0.980096667182036 0.760833296734388 0.949598218160254 0.23864475546065
81 128 0.980096667182036 0.760833296734388 0.535576946037942 0.821719618898087
82 91 2.43123833636556 7.77457991976085 2.87961996934685 6.94116236622082
82 98 2.43123833636556 7.77457991976085 3.51895513137613 8.74944573652768
82 106 2.43123833636556 7.77457991976085 2.97640963359673 7.61345762480528
82 121 2.43123833636556 7.77457991976085 2.4367055861525 9.12887492944943
82 126 2.43123833636556 7.77457991976085 1.39952586738927 8.13295013957702
82 152 2.43123833636556 7.77457991976085 1.8586055426209 6.70367491245496
83 119 0.889911101368611 7.08816387006901 0.944341021313957 5.77749716934465
83 126 0.889911101368611 7.08816387006901 1.39952586738927 8.13295013957702
83 137 0.889911101368611 7.08816387006901 0.475334147620312 6.93651824857819
83 152 0.889911101368611 7.08816387006901 1.8586055426209 6.70367491245496
84 120 1.51334164309282 11.5336017257127 0.747255423659515 10.098676321003
84 132 1.51334164309282 11.5336017257127 2.33385872109544 10.0012656517813
85 89 4.35320939836082 6.03921848883349 4.57519863110934 6.94231419093972
85 123 4.35320939836082 6.03921848883349 4.83493148818994 6.11754926922253
86 100 1.1216995981612 8.83338336047332 0.279090713387139 8.35891713669265
86 121 1.1216995981612 8.83338336047332 2.4367055861525 9.12887492944943
86 126 1.1216995981612 8.83338336047332 1.39952586738927 8.13295013957702
86 131 1.1216995981612 8.83338336047332 0.10845078002883 9.12386490353278
86 155 1.1216995981612 8.83338336047332 0.361498291145196 9.75405443423928
87 88 3.76593769428571 10.4908987898187 4.80822986517736 10.3045626348391
87 115 3.76593769428571 10.4908987898187 3.91951786787867 9.5562370380091
87 117 3.76593769428571 10.4908987898187 4.58492779016199 10.8717269374487
88 115 4.80822986517736 10.3045626348391 3.91951786787867 9.5562370380091
88 117 4.80822986517736 10.3045626348391 4.58492779016199 10.8717269374487
88 127 4.80822986517736 10.3045626348391 5.61881197809152 11.6935036106455
88 146 4.80822986517736 10.3045626348391 4.99776045728018 9.80261647801102
88 186 4.80822986517736 10.3045626348391 7.19177013482264 10.3045626348391
88 225 4.80822986517736 10.3045626348391 6.38118802190848 11.6935036106455
88 244 4.80822986517736 10.3045626348391 7.00223954271982 9.80261647801102
89 90 4.57519863110934 6.94231419093972 4.97736215800829 6.7158394634244
89 91 4.57519863110934 6.94231419093972 2.87961996934685 6.94116236622082
89 106 4.57519863110934 6.94231419093972 2.97640963359673 7.61345762480528
89 123 4.57519863110934 6.94231419093972 4.83493148818994 6.11754926922253
89 135 4.57519863110934 6.94231419093972 4.67674867244911 7.46466746479964
90 123 4.97736215800829 6.7158394634244 4.83493148818994 6.11754926922253
90 135 4.97736215800829 6.7158394634244 4.67674867244911 7.46466746479964
90 153 4.97736215800829 6.7158394634244 5.75116241248302 8.80657055927933
90 188 4.97736215800829 6.7158394634244 7.02263784199171 6.7158394634244
90 251 4.97736215800829 6.7158394634244 6.24883758751698 8.80657055927933
91 106 2.87961996934685 6.94116236622082 2.97640963359673 7.61345762480528
91 113 2.87961996934685 6.94116236622082 2.73478745817501 6.02154453958262
91 144 2.87961996934685 6.94116236622082 2.4834192982478 6.46496255189621
91 152 2.87961996934685 6.94116236622082 1.8586055426209 6.70367491245496
92 96 3.60800262070006 4.24471445952844 4.27605346248548 4.61499416423519
92 110 3.60800262070006 4.24471445952844 3.3564450672711 2.91930343077159
92 130 3.60800262070006 4.24471445952844 4.22965468590203 3.97830390092173
92 134 3.60800262070006 4.24471445952844 2.56122853762657 4.61250209052584
93 112 2.12028375134286 5.86730471425578 1.95636227020771 4.82333753472512
93 113 2.12028375134286 5.86730471425578 2.73478745817501 6.02154453958262
93 119 2.12028375134286 5.86730471425578 0.944341021313957 5.77749716934465
93 134 2.12028375134286 5.86730471425578 2.56122853762657 4.61250209052584
93 144 2.12028375134286 5.86730471425578 2.4834192982478 6.46496255189621
93 145 2.12028375134286 5.86730471425578 0.870139621467987 5.25970045161464
93 152 2.12028375134286 5.86730471425578 1.8586055426209 6.70367491245496
94 109 4.41899375747881 1.0621308760557 4.49062029107105 1.71419344798415
94 141 4.41899375747881 1.0621308760557 3.81546604269367 0.212458468818049
94 150 4.41899375747881 1.0621308760557 5.01901429932125 0.449067195150401
95 99 4.84039923138385 2.4696635845438 5.24201468731564 2.97309100730205
95 102 4.84039923138385 2.4696635845438 5.89489300960456 1.48335974966068
95 109 4.84039923138385 2.4696635845438 4.49062029107105 1.71419344798415
95 140 4.84039923138385 2.4696635845438 5.96010234604231 2.19795269582744
95 151 4.84039923138385 2.4696635845438 4.17820935436833 2.98063877454053
96 130 4.27605346248548 4.61499416423519 4.22965468590203 3.97830390092173
97 110 2.42650188937514 2.35179115258554 3.3564450672711 2.91930343077159
97 124 2.42650188937514 2.35179115258554 3.03391591981948 1.84706712757517
97 125 2.42650188937514 2.35179115258554 1.52819756803927 3.2496779640313
97 143 2.42650188937514 2.35179115258554 2.24969862006005 1.35955518782189
97 148 2.42650188937514 2.35179115258554 2.85800737230792 3.18817888583736
97 158 2.42650188937514 2.35179115258554 1.86284321266158 2.29775088216107
98 106 3.51895513137613 8.74944573652768 2.97640963359673 7.61345762480528
98 108 3.51895513137613 8.74944573652768 5.11488512314217 8.93929770786431
98 115 3.51895513137613 8.74944573652768 3.91951786787867 9.5562370380091
98 121 3.51895513137613 8.74944573652768 2.4367055861525 9.12887492944943
98 135 3.51895513137613 8.74944573652768 4.67674867244911 7.46466746479964
98 142 3.51895513137613 8.74944573652768 3.0059366185914 9.68022597478329
99 138 5.24201468731564 2.97309100730205 4.65958100917469 3.53421739553516
99 140 5.24201468731564 2.97309100730205 5.96010234604231 2.19795269582744
99 151 5.24201468731564 2.97309100730205 4.17820935436833 2.98063877454053
100 126 0.279090713387139 8.35891713669265 1.39952586738927 8.13295013957702
100 131 0.279090713387139 8.35891713669265 0.10845078002883 9.12386490353278
101 103 1.58378146211305 3.77614942846508 1.22978796467728 4.6414955201619
101 112 1.58378146211305 3.77614942846508 1.95636227020771 4.82333753472512
101 125 1.58378146211305 3.77614942846508 1.52819756803927 3.2496779640313
101 136 1.58378146211305 3.77614942846508 0.964752519054237 3.65943894579606
102 114 5.89489300960456 1.48335974966068 5.58897359679315 1.16827713097323
102 140 5.89489300960456 1.48335974966068 5.96010234604231 2.19795269582744
102 200 5.89489300960456 1.48335974966068 6.10510699039544 1.48335974966068
102 238 5.89489300960456 1.48335974966068 6.03989765395769 2.19795269582744
103 112 1.22978796467728 4.6414955201619 1.95636227020771 4.82333753472512
103 136 1.22978796467728 4.6414955201619 0.964752519054237 3.65943894579606
103 139 1.22978796467728 4.6414955201619 0.206232975252274 4.03901407664879
103 145 1.22978796467728 4.6414955201619 0.870139621467987 5.25970045161464
104 132 2.7350560710273 10.4199672537483 2.33385872109544 10.0012656517813
104 154 2.7350560710273 10.4199672537483 2.79464619247243 10.9801403268785
105 122 1.43497823269672 0.894190454081156 0.949598218160254 0.23864475546065
105 129 1.43497823269672 0.894190454081156 1.79698667099736 1.23454759996431
106 135 2.97640963359673 7.61345762480528 4.67674867244911 7.46466746479964
107 118 0.0888096650828079 2.47622280313682 0.993491620460768 2.76977096502949
107 147 0.0888096650828079 2.47622280313682 0.778113027601742 2.22986402397198
108 115 5.11488512314217 8.93929770786431 3.91951786787867 9.5562370380091
108 135 5.11488512314217 8.93929770786431 4.67674867244911 7.46466746479964
108 146 5.11488512314217 8.93929770786431 4.99776045728018 9.80261647801102
108 153 5.11488512314217 8.93929770786431 5.75116241248302 8.80657055927933
109 151 4.49062029107105 1.71419344798415 4.17820935436833 2.98063877454053
110 124 3.3564450672711 2.91930343077159 3.03391591981948 1.84706712757517
110 130 3.3564450672711 2.91930343077159 4.22965468590203 3.97830390092173
110 148 3.3564450672711 2.91930343077159 2.85800737230792 3.18817888583736
110 151 3.3564450672711 2.91930343077159 4.17820935436833 2.98063877454053
111 124 2.75825408074627 0.246182609317325 3.03391591981948 1.84706712757517
111 141 2.75825408074627 0.246182609317325 3.81546604269367 0.212458468818049
111 143 2.75825408074627 0.246182609317325 2.24969862006005 1.35955518782189
112 134 1.95636227020771 4.82333753472512 2.56122853762657 4.61250209052584
112 145 1.95636227020771 4.82333753472512 0.870139621467987 5.25970045161464
113 134 2.73478745817501 6.02154453958262 2.56122853762657 4.61250209052584
113 144 2.73478745817501 6.02154453958262 2.4834192982478 6.46496255189621
114 133 5.58897359679315 1.16827713097323 5.64283817689902 0.280492566398004
114 150 5.58897359679315 1.16827713097323 5.01901429932125 0.449067195150401
114 200 5.58897359679315 1.16827713097323 6.10510699039544 1.48335974966068
114 212 5.58897359679315 1.16827713097323 6.41102640320685 1.16827713097323
114 231 5.58897359679315 1.16827713097323 6.35716182310098 0.280492566398004
115 146 3.91951786787867 9.5562370380091 4.99776045728018 9.80261647801102
116 128 0.974122039738669 1.84819365535243 0.535576946037942 0.821719618898087
116 147 0.974122039738669 1.84819365535243 0.778113027601742 2.22986402397198
116 158 0.974122039738669 1.84819365535243 1.86284321266158 2.29775088216107
117 127 4.58492779016199 10.8717269374487 5.61881197809152 11.6935036106455
118 125 0.993491620460768 2.76977096502949 1.52819756803927 3.2496779640313
118 147 0.993491620460768 2.76977096502949 0.778113027601742 2.22986402397198
118 158 0.993491620460768 2.76977096502949 1.86284321266158 2.29775088216107
119 145 0.944341021313957 5.77749716934465 0.870139621467987 5.25970045161464
119 149 0.944341021313957 5.77749716934465 0.325611409130742 5.2983209550954
119 152 0.944341021313957 5.77749716934465 1.8586055426209 6.70367491245496
120 155 0.747255423659515 10.098676321003 0.361498291145196 9.75405443423928
121 126 2.4367055861525 9.12887492944943 1.39952586738927 8.13295013957702
121 132 2.4367055861525 9.12887492944943 2.33385872109544 10.0012656517813
121 142 2.4367055861525 9.12887492944943 3.0059366185914 9.68022597478329
122 128 0.949598218160254 0.23864475546065 0.535576946037942 0.821719618898087
122 157 0.949598218160254 0.23864475546065 0.115313527305933 0.423469988251248
123 178 4.83493148818994 6.11754926922253 6.47709835383354 3.85557581200245
123 188 4.83493148818994 6.11754926922253 7.02263784199171 6.7158394634244
123 221 4.83493148818994 6.11754926922253 7.16506851181006 6.11754926922253
124 141 3.03391591981948 1.84706712757517 3.81546604269367 0.212458468818049
124 143 3.03391591981948 1.84706712757517 2.24969862006005 1.35955518782189
125 136 1.52819756803927 3.2496779640313 0.964752519054237 3.65943894579606
125 148 1.52819756803927 3.2496779640313 2.85800737230792 3.18817888583736
125 158 1.52819756803927 3.2496779640313 1.86284321266158 2.29775088216107
126 152 1.39952586738927 8.13295013957702 1.8586055426209 6.70367491245496
127 225 5.61881197809152 11.6935036106455 6.38118802190848 11.6935036106455
128 157 0.535576946037942 0.821719618898087 0.115313527305933 0.423469988251248
129 143 1.79698667099736 1.23454759996431 2.24969862006005 1.35955518782189
130 138 4.22965468590203 3.97830390092173 4.65958100917469 3.53421739553516
130 151 4.22965468590203 3.97830390092173 4.17820935436833 2.98063877454053
131 155 0.10845078002883 9.12386490353278 0.361498291145196 9.75405443423928
132 142 2.33385872109544 10.0012656517813 3.0059366185914 9.68022597478329
133 150 5.64283817689902 0.280492566398004 5.01901429932125 0.449067195150401
133 231 5.64283817689902 0.280492566398004 6.35716182310098 0.280492566398004
135 153 4.67674867244911 7.46466746479964 5.75116241248302 8.80657055927933
136 139 0.964752519054237 3.65943894579606 0.206232975252274 4.03901407664879
138 151 4.65958100917469 3.53421739553516 4.17820935436833 2.98063877454053
140 238 5.96010234604231 2.19795269582744 6.03989765395769 2.19795269582744
143 158 2.24969862006005 1.35955518782189 1.86284321266158 2.29775088216107
144 152 2.4834192982478 6.46496255189621 1.8586055426209 6.70367491245496
145 149 0.870139621467987 5.25970045161464 0.325611409130742 5.2983209550954
146 153 4.99776045728018 9.80261647801102 5.75116241248302 8.80657055927933
146 244 4.99776045728018 9.80261647801102 7.00223954271982 9.80261647801102
146 251 4.99776045728018 9.80261647801102 6.24883758751698 8.80657055927933
147 158 0.778113027601742 2.22986402397198 1.86284321266158 2.29775088216107
153 251 5.75116241248302 8.80657055927933 6.24883758751698 8.80657055927933
154 156 2.79464619247243 10.9801403268785 2.83892794792968 11.7856696619927
159 192 7.17852420249026 1.3189927164518 7.58100624252119 1.0621308760557
159 193 7.17852420249026 1.3189927164518 7.15960076861615 2.4696635845438
159 200 7.17852420249026 1.3189927164518 6.10510699039544 1.48335974966068
159 207 7.17852420249026 1.3189927164518 7.50937970892895 1.71419344798415
159 212 7.17852420249026 1.3189927164518 6.41102640320685 1.16827713097323
159 248 7.17852420249026 1.3189927164518 6.98098570067875 0.449067195150401
160 182 9.54115423033949 11.4719866740406 10.4866583569072 11.5336017257127
160 202 9.54115423033949 11.4719866740406 9.26494392897269 10.4199672537483
160 230 9.54115423033949 11.4719866740406 9.66614127890456 10.0012656517813
160 252 9.54115423033949 11.4719866740406 9.20535380752757 10.9801403268785
160 254 9.54115423033949 11.4719866740406 9.16107205207032 11.7856696619927
161 181 11.5850749061208 7.38882189077548 11.1100888986314 7.08816387006901
161 198 11.5850749061208 7.38882189077548 11.7209092866129 8.35891713669265
161 224 11.5850749061208 7.38882189077548 10.6004741326107 8.13295013957702
161 235 11.5850749061208 7.38882189077548 11.5246658523797 6.93651824857819
162 178 6.32407156862984 3.24785197866191 6.47709835383354 3.85557581200245
162 197 6.32407156862984 3.24785197866191 6.75798531268436 2.97309100730205
162 238 6.32407156862984 3.24785197866191 6.03989765395769 2.19795269582744
163 182 10.8312526069787 9.76867316002193 10.4866583569072 11.5336017257127
163 184 10.8312526069787 9.76867316002193 10.8783004018388 8.83338336047332
163 218 10.8312526069787 9.76867316002193 11.2527445763405 10.098676321003
163 219 10.8312526069787 9.76867316002193 9.5632944138475 9.12887492944943
163 230 10.8312526069787 9.76867316002193 9.66614127890456 10.0012656517813
163 253 10.8312526069787 9.76867316002193 11.6385017088548 9.75405443423928
164 170 7.66330765859785 5.09849192424957 8.55333114105648 5.97145494278221
164 178 7.66330765859785 5.09849192424957 6.47709835383354 3.85557581200245
164 183 7.66330765859785 5.09849192424957 7.64679060163918 6.03921848883349
164 190 7.66330765859785 5.09849192424957 8.39199737929994 4.24471445952844
164 194 7.66330765859785 5.09849192424957 7.72394653751452 4.61499416423519
164 221 7.66330765859785 5.09849192424957 7.16506851181006 6.11754926922253
165 192 7.90290871047731 1.46733547009105 7.58100624252119 1.0621308760557
165 207 7.90290871047731 1.46733547009105 7.50937970892895 1.71419344798415
165 208 7.90290871047731 1.46733547009105 8.6435549327289 2.91930343077159
165 222 7.90290871047731 1.46733547009105 8.96608408018052 1.84706712757517
165 239 7.90290871047731 1.46733547009105 8.18453395730633 0.212458468818049
165 249 7.90290871047731 1.46733547009105 7.82179064563167 2.98063877454053
166 182 11.1912949474874 11.8371259623034 10.4866583569072 11.5336017257127
166 218 11.1912949474874 11.8371259623034 11.2527445763405 10.098676321003
167 181 11.5986624559907 6.4647272109326 11.1100888986314 7.08816387006901
167 217 11.5986624559907 6.4647272109326 11.055658978686 5.77749716934465
167 235 11.5986624559907 6.4647272109326 11.5246658523797 6.93651824857819
168 169 8.90484136039108 10.175668356791 8.52109369635974 9.52184349967034
168 177 8.90484136039108 10.175668356791 8.66401817198367 10.7482834539652
168 185 8.90484136039108 10.175668356791 8.23406230571429 10.4908987898187
168 202 8.90484136039108 10.175668356791 9.26494392897269 10.4199672537483
168 230 8.90484136039108 10.175668356791 9.66614127890456 10.0012656517813
168 240 8.90484136039108 10.175668356791 8.9940633814086 9.68022597478329
169 185 8.52109369635974 9.52184349967034 8.23406230571429 10.4908987898187
169 196 8.52109369635974 9.52184349967034 8.48104486862387 8.74944573652768
169 213 8.52109369635974 9.52184349967034 8.08048213212133 9.5562370380091
169 240 8.52109369635974 9.52184349967034 8.9940633814086 9.68022597478329
170 183 8.55333114105648 5.97145494278221 7.64679060163918 6.03921848883349
170 187 8.55333114105648 5.97145494278221 7.42480136889066 6.94231419093972
170 189 8.55333114105648 5.97145494278221 9.12038003065316 6.94116236622082
170 190 8.55333114105648 5.97145494278221 8.39199737929994 4.24471445952844
170 211 8.55333114105648 5.97145494278221 9.26521254182499 6.02154453958262
170 232 8.55333114105648 5.97145494278221 9.43877146237343 4.61250209052584
171 176 9.66360851670354 3.74927562180848 9.087405421281 3.7072597833547
171 199 9.66360851670354 3.74927562180848 10.4162185378869 3.77614942846508
171 210 9.66360851670354 3.74927562180848 10.0436377297923 4.82333753472512
171 223 9.66360851670354 3.74927562180848 10.4718024319607 3.2496779640313
171 232 9.66360851670354 3.74927562180848 9.43877146237343 4.61250209052584
171 246 9.66360851670354 3.74927562180848 9.14199262769209 3.18817888583736
172 179 10.5652457697533 1.57059716607838 11.019903332818 0.760833296734388
172 203 10.5652457697533 1.57059716607838 10.5650217673033 0.894190454081156
172 214 10.5652457697533 1.57059716607838 11.0258779602613 1.84819365535243
172 227 10.5652457697533 1.57059716607838 10.2030133290026 1.23454759996431
172 241 10.5652457697533 1.57059716607838 9.75030137993995 1.35955518782189
172 256 10.5652457697533 1.57059716607838 10.1371567873384 2.29775088216107
173 203 9.76265505538433 0.540365792423669 10.5650217673033 0.894190454081156
173 209 9.76265505538433 0.540365792423669 9.24174591925373 0.246182609317325
173 227 9.76265505538433 0.540365792423669 10.2030133290026 1.23454759996431
173 241 9.76265505538433 0.540365792423669 9.75030137993995 1.35955518782189
174 218 11.7903691630047 10.3541447320702 11.2527445763405 10.098676321003
174 253 11.7903691630047 10.3541447320702 11.6385017088548 9.75405443423928
175 205 11.1408966977756 3.19847579907328 11.9111903349172 2.47622280313682
175 216 11.1408966977756 3.19847579907328 11.0065083795392 2.76977096502949
175 223 11.1408966977756 3.19847579907328 10.4718024319607 3.2496779640313
175 234 11.1408966977756 3.19847579907328 11.0352474809458 3.65943894579606
175 237 11.1408966977756 3.19847579907328 11.7937670247477 4.03901407664879
176 190 9.087405421281 3.7072597833547 8.39199737929994 4.24471445952844
176 208 9.087405421281 3.7072597833547 8.6435549327289 2.91930343077159
176 232 9.087405421281 3.7072597833547 9.43877146237343 4.61250209052584
176 246 9.087405421281 3.7072597833547 9.14199262769209 3.18817888583736
177 185 8.66401817198367 10.7482834539652 8.23406230571429 10.4908987898187
177 202 8.66401817198367 10.7482834539652 9.26494392897269 10.4199672537483
177 215 8.66401817198367 10.7482834539652 7.41507220983801 10.8717269374487
177 252 8.66401817198367 10.7482834539652 9.20535380752757 10.9801403268785
177 254 8.66401817198367 10.7482834539652 9.16107205207032 11.7856696619927
178 194 6.47709835383354 3.85557581200245 7.72394653751452 4.61499416423519
178 197 6.47709835383354 3.85557581200245 6.75798531268436 2.97309100730205
178 221 6.47709835383354 3.85557581200245 7.16506851181006 6.11754926922253
178 228 6.47709835383354 3.85557581200245 7.77034531409797 3.97830390092173
178 236 6.47709835383354 3.85557581200245 7.34041899082531 3.53421739553516
179 203 11.019903332818 0.760833296734388 10.5650217673033 0.894190454081156
179 214 11.019903332818 0.760833296734388 11.0258779602613 1.84819365535243
179 220 11.019903332818 0.760833296734388 11.0504017818397 0.23864475546065
179 226 11.019903332818 0.760833296734388 11.4644230539621 0.821719618898087
180 189 9.56876166363444 7.77457991976085 9.12038003065316 6.94116236622082
180 196 9.56876166363444 7.77457991976085 8.48104486862387 8.74944573652768
180 204 9.56876166363444 7.77457991976085 9.02359036640327 7.61345762480528
180 219 9.56876166363444 7.77457991976085 9.5632944138475 9.12887492944943
180 224 9.56876166363444 7.77457991976085 10.6004741326107 8.13295013957702
180 250 9.56876166363444 7.77457991976085 10.1413944573791 6.70367491245496
181 217 11.1100888986314 7.08816387006901 11.055658978686 5.77749716934465
181 224 11.1100888986314 7.08816387006901 10.6004741326107 8.13295013957702
181 235 11.1100888986314 7.08816387006901 11.5246658523797 6.93651824857819
181 250 11.1100888986314 7.08816387006901 10.1413944573791 6.70367491245496
182 218 10.4866583569072 11.5336017257127 11.2527445763405 10.098676321003
182 230 10.4866583569072 11.5336017257127 9.66614127890456 10.0012656517813
183 187 7.64679060163918 6.03921848883349 7.42480136889066 6.94231419093972
183 221 7.64679060163918 6.03921848883349 7.16506851181006 6.11754926922253
184 198 10.8783004018388 8.83338336047332 11.7209092866129 8.35891713669265
184 219 10.8783004018388 8.83338336047332 9.5632944138475 9.12887492944943
184 224 10.8783004018388 8.83338336047332 10.6004741326107 8.13295013957702
184 229 10.8783004018388 8.83338336047332 11.8915492199712 9.12386490353278
184 253 10.8783004018388 8.83338336047332 11.6385017088548 9.75405443423928
185 186 8.23406230571429 10.4908987898187 7.19177013482264 10.3045626348391
185 213 8.23406230571429 10.4908987898187 8.08048213212133 9.5562370380091
185 215 8.23406230571429 10.4908987898187 7.41507220983801 10.8717269374487
186 213 7.19177013482264 10.3045626348391 8.08048213212133 9.5562370380091
186 215 7.19177013482264 10.3045626348391 7.41507220983801 10.8717269374487
186 225 7.19177013482264 10.3045626348391 6.38118802190848 11.6935036106455
186 244 7.19177013482264 10.3045626348391 7.00223954271982 9.80261647801102
187 188 7.42480136889066 6.94231419093972 7.02263784199171 6.7158394634244
187 189 7.42480136889066 6.94231419093972 9.12038003065316 6.94116236622082
187 204 7.42480136889066 6.94231419093972 9.02359036640327 7.61345762480528
187 221 7.42480136889066 6.94231419093972 7.16506851181006 6.11754926922253
187 233 7.42480136889066 6.94231419093972 7.32325132755089 7.46466746479964
188 221 7.02263784199171 6.7158394634244 7.16506851181006 6.11754926922253
188 233 7.02263784199171 6.7158394634244 7.32325132755089 7.46466746479964
188 251 7.02263784199171 6.7158394634244 6.24883758751698 8.80657055927933
189 204 9.12038003065316 6.94116236622082 9.02359036640327 7.61345762480528
189 211 9.12038003065316 6.94116236622082 9.26521254182499 6.02154453958262
189 242 9.12038003065316 6.94116236622082 9.5165807017522 6.46496255189621
189 250 9.12038003065316 6.94116236622082 10.1413944573791 6.70367491245496
190 194 8.39199737929994 4.24471445952844 7.72394653751452 4.61499416423519
190 208 8.39199737929994 4.24471445952844 8.6435549327289 2.91930343077159
190 228 8.39199737929994 4.24471445952844 7.77034531409797 3.97830390092173
190 232 8.39199737929994 4.24471445952844 9.43877146237343 4.61250209052584
191 210 9.87971624865714 5.86730471425578 10.0436377297923 4.82333753472512
191 211 9.87971624865714 5.86730471425578 9.26521254182499 6.02154453958262
191 217 9.87971624865714 5.86730471425578 11.055658978686 5.77749716934465
191 232 9.87971624865714 5.86730471425578 9.43877146237343 4.61250209052584
191 242 9.87971624865714 5.86730471425578 9.5165807017522 6.46496255189621
191 243 9.87971624865714 5.86730471425578 11.129860378532 5.25970045161464
191 250 9.87971624865714 5.86730471425578 10.1413944573791 6.70367491245496
192 207 7.58100624252119 1.0621308760557 7.50937970892895 1.71419344798415
192 239 7.58100624252119 1.0621308760557 8.18453395730633 0.212458468818049
192 248 7.58100624252119 1.0621308760557 6.98098570067875 0.449067195150401
193 197 7.15960076861615 2.4696635845438 6.75798531268436 2.97309100730205
193 200 7.15960076861615 2.4696635845438 6.10510699039544 1.48335974966068
193 207 7.15960076861615 2.4696635845438 7.50937970892895 1.71419344798415
193 238 7.15960076861615 2.4696635845438 6.03989765395769 2.19795269582744
193 249 7.15960076861615 2.4696635845438 7.82179064563167 2.98063877454053
194 228 7.72394653751452 4.61499416423519 7.77034531409797 3.97830390092173
195 208 9.57349811062486 2.35179115258554 8.6435549327289 2.91930343077159
195 222 9.57349811062486 2.35179115258554 8.96608408018052 1.84706712757517
195 223 9.57349811062486 2.35179115258554 10.4718024319607 3.2496779640313
195 241 9.57349811062486 2.35179115258554 9.75030137993995 1.35955518782189
195 246 9.57349811062486 2.35179115258554 9.14199262769209 3.18817888583736
195 256 9.57349811062486 2.35179115258554 10.1371567873384 2.29775088216107
196 204 8.48104486862387 8.74944573652768 9.02359036640327 7.61345762480528
196 206 8.48104486862387 8.74944573652768 6.88511487685783 8.93929770786431
196 213 8.48104486862387 8.74944573652768 8.08048213212133 9.5562370380091
196 219 8.48104486862387 8.74944573652768 9.5632944138475 9.12887492944943
196 233 8.48104486862387 8.74944573652768 7.32325132755089 7.46466746479964
196 240 8.48104486862387 8.74944573652768 8.9940633814086 9.68022597478329
197 236 6.75798531268436 2.97309100730205 7.34041899082531 3.53421739553516
197 238 6.75798531268436 2.97309100730205 6.03989765395769 2.19795269582744
197 249 6.75798531268436 2.97309100730205 7.82179064563167 2.98063877454053
198 224 11.7209092866129 8.35891713669265 10.6004741326107 8.13295013957702
198 229 11.7209092866129 8.35891713669265 11.8915492199712 9.12386490353278
199 201 10.4162185378869 3.77614942846508 10.7702120353227 4.6414955201619
199 210 10.4162185378869 3.77614942846508 10.0436377297923 4.82333753472512
199 223 10.4162185378869 3.77614942846508 10.4718024319607 3.2496779640313
199 234 10.4162185378869 3.77614942846508 11.0352474809458 3.65943894579606
200 212 6.10510699039544 1.48335974966068 6.41102640320685 1.16827713097323
200 238 6.10510699039544 1.48335974966068 6.03989765395769 2.19795269582744
201 210 10.7702120353227 4.6414955201619 10.0436377297923 4.82333753472512
201 234 10.7702120353227 4.6414955201619 11.0352474809458 3.65943894579606
201 237 10.7702120353227 4.6414955201619 11.7937670247477 4.03901407664879
201 243 10.7702120353227 4.6414955201619 11.129860378532 5.25970045161464
202 230 9.26494392897269 10.4199672537483 9.66614127890456 10.0012656517813
202 252 9.26494392897269 10.4199672537483 9.20535380752757 10.9801403268785
203 220 10.5650217673033 0.894190454081156 11.0504017818397 0.23864475546065
203 227 10.5650217673033 0.894190454081156 10.2030133290026 1.23454759996431
204 233 9.02359036640327 7.61345762480528 7.32325132755089 7.46466746479964
205 216 11.9111903349172 2.47622280313682 11.0065083795392 2.76977096502949
205 245 11.9111903349172 2.47622280313682 11.2218869723983 2.22986402397198
206 213 6.88511487685783 8.93929770786431 8.08048213212133 9.5562370380091
206 233 6.88511487685783 8.93929770786431 7.32325132755089 7.46466746479964
206 244 6.88511487685783 8.93929770786431 7.00223954271982 9.80261647801102
206 251 6.88511487685783 8.93929770786431 6.24883758751698 8.80657055927933
207 249 7.50937970892895 1.71419344798415 7.82179064563167 2.98063877454053
208 222 8.6435549327289 2.91930343077159 8.96608408018052 1.84706712757517
208 228 8.6435549327289 2.91930343077159 7.77034531409797 3.97830390092173
208 246 8.6435549327289 2.91930343077159 9.14199262769209 3.18817888583736
208 249 8.6435549327289 2.91930343077159 7.82179064563167 2.98063877454053
209 222 9.24174591925373 0.246182609317325 8.96608408018052 1.84706712757517
209 239 9.24174591925373 0.246182609317325 8.18453395730633 0.212458468818049
209 241 9.24174591925373 0.246182609317325 9.75030137993995 1.35955518782189
210 232 10.0436377297923 4.82333753472512 9.43877146237343 4.61250209052584
210 243 10.0436377297923 4.82333753472512 11.129860378532 5.25970045161464
211 232 9.26521254182499 6.02154453958262 9.43877146237343 4.61250209052584
211 242 9.26521254182499 6.02154453958262 9.5165807017522 6.46496255189621
212 231 6.41102640320685 1.16827713097323 6.35716182310098 0.280492566398004
212 248 6.41102640320685 1.16827713097323 6.98098570067875 0.449067195150401
213 244 8.08048213212133 9.5562370380091 7.00223954271982 9.80261647801102
214 226 11.0258779602613 1.84819365535243 11.4644230539621 0.821719618898087
214 245 11.0258779602613 1.84819365535243 11.2218869723983 2.22986402397198
214 256 11.0258779602613 1.84819365535243 10.1371567873384 2.29775088216107
215 225 7.41507220983801 10.8717269374487 6.38118802190848 11.6935036106455
216 223 11.0065083795392 2.76977096502949 10.4718024319607 3.2496779640313
216 245 11.0065083795392 2.76977096502949 11.2218869723983 2.22986402397198
216 256 11.0065083795392 2.76977096502949 10.1371567873384 2.29775088216107
217 243 11.055658978686 5.77749716934465 11.129860378532 5.25970045161464
217 247 11.055658978686 5.77749716934465 11.6743885908693 5.2983209550954
217 250 11.055658978686 5.77749716934465 10.1413944573791 6.70367491245496
218 253 11.2527445763405 10.098676321003 11.6385017088548 9.75405443423928
219 224 9.5632944138475 9.12887492944943 10.6004741326107 8.13295013957702
219 230 9.5632944138475 9.12887492944943 9.66614127890456 10.0012656517813
219 240 9.5632944138475 9.12887492944943 8.9940633814086 9.68022597478329
220 226 11.0504017818397 0.23864475546065 11.4644230539621 0.821719618898087
220 255 11.0504017818397 0.23864475546065 11.8846864726941 0.423469988251248
222 239 8.96608408018052 1.84706712757517 8.18453395730633 0.212458468818049
222 241 8.96608408018052 1.84706712757517 9.75030137993995 1.35955518782189
223 234 10.4718024319607 3.2496779640313 11.0352474809458 3.65943894579606
223 246 10.4718024319607 3.2496779640313 9.14199262769209 3.18817888583736
223 256 10.4718024319607 3.2496779640313 10.1371567873384 2.29775088216107
224 250 10.6004741326107 8.13295013957702 10.1413944573791 6.70367491245496
226 255 11.4644230539621 0.821719618898087 11.8846864726941 0.423469988251248
227 241 10.2030133290026 1.23454759996431 9.75030137993995 1.35955518782189
228 236 7.77034531409797 3.97830390092173 7.34041899082531 3.53421739553516
228 249 7.77034531409797 3.97830390092173 7.82179064563167 2.98063877454053
229 253 11.8915492199712 9.12386490353278 11.6385017088548 9.75405443423928
230 240 9.66614127890456 10.0012656517813 8.9940633814086 9.68022597478329
231 248 6.35716182310098 0.280492566398004 6.98098570067875 0.449067195150401
233 251 7.32325132755089 7.46466746479964 6.24883758751698 8.80657055927933
234 237 11.0352474809458 3.65943894579606 11.7937670247477 4.03901407664879
236 249 7.34041899082531 3.53421739553516 7.82179064563167 2.98063877454053
241 256 9.75030137993995 1.35955518782189 10.1371567873384 2.29775088216107
242 250 9.5165807017522 6.46496255189621 10.1413944573791 6.70367491245496
243 247 11.129860378532 5.25970045161464 11.6743885908693 5.2983209550954
244 251 7.00223954271982 9.80261647801102 6.24883758751698 8.80657055927933
245 256 11.2218869723983 2.22986402397198 10.1371567873384 2.29775088216107
252 254 9.20535380752757 10.9801403268785 9.16107205207032 11.7856696619927
