1,127,0,0,0.180027119484959,0.418459243647449
2,119,0.8,-0,1.64157821548371,0.664122752281751
2,127,0.8,-0,0.180027119484959,0.418459243647449
2,141,0.8,-0,0.912351981750173,1.26195207314587
3,119,1.6,-0,1.64157821548371,0.664122752281751
3,139,1.6,-0,2.06331514924737,0.401753196827271
4,79,2.4,-0,2.52060359977904,0.188492830376968
4,139,2.4,-0,2.06331514924737,0.401753196827271
5,79,3.2,-0,2.52060359977904,0.188492830376968
5,88,3.2,-0,3.12040429795682,0.284109909739871
6,88,4,-0,3.12040429795682,0.284109909739871
6,137,4,-0,4.02719928922699,0.600889844629009
7,103,4.8,-0,5.14539420425295,0.738487619313459
7,112,4.8,-0,4.41574032437086,0.908261077686181
7,117,4.8,-0,5.51808800219472,0.379190764983263
7,137,4.8,-0,4.02719928922699,0.600889844629009
8,117,5.6,-0,5.51808800219472,0.379190764983263
9,117,6.4,0,5.51808800219472,0.379190764983263
9,215,6.4,0,6.48191199780528,0.379190764983263
10,201,7.2,0,6.85460579574705,0.738487619313459
10,210,7.2,0,7.58425967562914,0.908261077686181
10,215,7.2,0,6.48191199780528,0.379190764983263
10,235,7.2,0,7.97280071077301,0.600889844629009
11,186,8,0,8.87959570204318,0.284109909739871
11,235,8,0,7.97280071077301,0.600889844629009
12,177,8.8,0,9.47939640022096,0.188492830376968
12,186,8.8,0,8.87959570204318,0.284109909739871
13,177,9.6,0,9.47939640022096,0.188492830376968
13,237,9.6,0,9.93668485075263,0.401753196827271
14,217,10.4,0,10.3584217845163,0.664122752281751
14,237,10.4,0,9.93668485075263,0.401753196827271
15,217,11.2,0,10.3584217845163,0.664122752281751
15,225,11.2,0,11.819972880515,0.418459243647449
15,239,11.2,0,11.0876480182498,1.26195207314587
16,225,12,0,11.819972880515,0.418459243647449
17,225,12,0.8,11.819972880515,0.418459243647449
17,239,12,0.8,11.0876480182498,1.26195207314587
17,245,12,0.8,11.428246755304,1.53547849913963
18,245,12,1.6,11.428246755304,1.53547849913963
18,248,12,1.6,11.8015414585197,2.06989382669704
19,248,12,2.4,11.8015414585197,2.06989382669704
19,252,12,2.4,11.7121730454852,2.5583491321784
20,252,12,3.2,11.7121730454852,2.5583491321784
21,159,12,4,11.7709511848613,3.12220674874527
21,170,12,4,11.8194633600526,4.71289012775821
21,188,12,4,10.7106458455311,4.50549925070713
21,227,12,4,11.0555933359261,3.12922956635022
22,170,12,4.8,11.8194633600526,4.71289012775821
23,170,12,5.6,11.8194633600526,4.71289012775821
24,211,12,6.4,11.4937807988264,7.52319466210525
24,255,12,6.4,11.3106456347553,5.60864913238595
25,211,12,7.2,11.4937807988264,7.52319466210525
26,211,12,8,11.4937807988264,7.52319466210525
27,172,12,8.8,11.1720832575032,8.50693328212645
28,197,12,9.6,11.5720481005131,9.64375787364658
29,197,12,10.4,11.5720481005131,9.64375787364658
30,250,12,11.2,11.2091186805685,11.6684735136065
31,250,12,12,11.2091186805685,11.6684735136065
32,250,11.2,12,11.2091186805685,11.6684735136065
33,192,10.4,12,9.8710153652718,11.3776246504765
34,192,9.6,12,9.8710153652718,11.3776246504765
35,203,8.8,12,9.13623581162155,10.6019217641787
36,233,8,12,7.8015546634474,11.8288601268495
37,233,7.2,12,7.8015546634474,11.8288601268495
38,173,6.4,12,6.901878298892,11.7417950180952
39,75,5.6,12,5.098121701108,11.7417950180952
40,146,4.8,12,4.3983257794861,11.1080678177256
41,135,4,12,4.1984453365526,11.8288601268495
42,105,3.2,12,2.86376418837845,10.6019217641787
42,135,3.2,12,4.1984453365526,11.8288601268495
43,142,2.4,12,2.60764432456808,11.0892422485827
44,94,1.6,12,2.1289846347282,11.3776246504765
45,152,0.8,12,0.790881319431538,11.6684735136065
46,152,0,12,0.790881319431538,11.6684735136065
47,152,0,11.2,0.790881319431538,11.6684735136065
48,99,0,10.4,0.427951899486945,9.64375787364658
49,99,0,9.6,0.427951899486945,9.64375787364658
50,99,0,8.8,0.427951899486945,9.64375787364658
51,74,0,8,0.827916742496753,8.50693328212645
52,113,0,7.2,0.506219201173634,7.52319466210525
53,113,0,6.4,0.506219201173634,7.52319466210525
53,157,0,6.4,0.689354365244652,5.60864913238595
54,72,-0,5.6,0.180536639947444,4.71289012775821
55,72,-0,4.8,0.180536639947444,4.71289012775821
56,61,-0,4,0.229048815138735,3.12220674874527
56,72,-0,4,0.180536639947444,4.71289012775821
56,90,-0,4,1.28935415446891,4.50549925070713
56,129,-0,4,0.944406664073886,3.12922956635022
57,154,-0,3.2,0.287826954514802,2.5583491321784
58,150,-0,2.4,0.198458541480263,2.06989382669704
58,154,-0,2.4,0.287826954514802,2.5583491321784
59,147,-0,1.6,0.571753244696049,1.53547849913963
59,150,-0,1.6,0.198458541480263,2.06989382669704
60,127,-0,0.8,0.180027119484959,0.418459243647449
60,141,-0,0.8,0.912351981750173,1.26195207314587
60,147,-0,0.8,0.571753244696049,1.53547849913963
61,129,0.229048815138735,3.12220674874527,0.944406664073886,3.12922956635022
61,154,0.229048815138735,3.12220674874527,0.287826954514802,2.5583491321784
62,68,4.16133880776829,5.68411585163925,3.90547810036772,5.1758446594773
62,136,4.16133880776829,5.68411585163925,4.36725411162569,6.69969008361696
62,144,4.16133880776829,5.68411585163925,4.38690811085091,5.14321139094682
63,66,5.39843278529981,6.97181225732873,5.9322244081618,6.86200907841362
63,89,5.39843278529981,6.97181225732873,5.35444835866459,6.53950138908365
63,93,5.39843278529981,6.97181225732873,5.57891558525377,7.81169230720836
63,106,5.39843278529981,6.97181225732873,4.89013049709704,7.44148701353679
64,75,5.31057957845125,11.0435937318091,5.098121701108,11.7417950180952
64,138,5.31057957845125,11.0435937318091,5.5303409118707,10.3779380322658
64,145,5.31057957845125,11.0435937318091,5.0990813464296,10.2276248223028
65,103,4.77862261962703,1.43994088797406,5.14539420425295,0.738487619313459
65,112,4.77862261962703,1.43994088797406,4.41574032437086,0.908261077686181
65,143,4.77862261962703,1.43994088797406,4.82783045461857,2.14633617832139
66,89,5.9322244081618,6.86200907841362,5.35444835866459,6.53950138908365
66,93,5.9322244081618,6.86200907841362,5.57891558525377,7.81169230720836
67,99,0.398699546448528,10.4819940511488,0.427951899486945,9.64375787364658
67,126,0.398699546448528,10.4819940511488,1.35660946093345,10.816477312478
67,152,0.398699546448528,10.4819940511488,0.790881319431538,11.6684735136065
68,70,3.90547810036772,5.1758446594773,3.47024682121646,4.24498993056908
68,118,3.90547810036772,5.1758446594773,3.84479997941821,3.94063698736473
68,121,3.90547810036772,5.1758446594773,3.59134061770171,5.64565575751761
69,85,5.00449206538355,2.59036664641335,4.89258961788501,3.66337507453505
69,107,5.00449206538355,2.59036664641335,5.92294445035683,2.68201972003529
69,110,5.00449206538355,2.59036664641335,5.88273775077406,2.13543206071972
69,143,5.00449206538355,2.59036664641335,4.82783045461857,2.14633617832139
69,156,5.00449206538355,2.59036664641335,4.42029476107232,3.42673617885675
70,76,3.47024682121646,4.24498993056908,3.07170183992677,3.83907380459355
70,118,3.47024682121646,4.24498993056908,3.84479997941821,3.94063698736473
70,128,3.47024682121646,4.24498993056908,3.44600196768669,4.90042251666957
71,143,4.5240826462326,2.56881823386064,4.82783045461857,2.14633617832139
71,148,4.5240826462326,2.56881823386064,3.9990351282674,1.88540959299849
71,156,4.5240826462326,2.56881823386064,4.42029476107232,3.42673617885675
72,157,0.180536639947444,4.71289012775821,0.689354365244652,5.60864913238595
73,85,5.59828066436551,4.19570863482985,4.89258961788501,3.66337507453505
73,89,5.59828066436551,4.19570863482985,5.35444835866459,6.53950138908365
73,107,5.59828066436551,4.19570863482985,5.92294445035683,2.68201972003529
73,205,5.59828066436551,4.19570863482985,6.07705554964317,2.68201972003529
74,99,0.827916742496753,8.50693328212645,0.427951899486945,9.64375787364658
74,113,0.827916742496753,8.50693328212645,0.506219201173634,7.52319466210525
75,146,5.098121701108,11.7417950180952,4.3983257794861,11.1080678177256
76,130,3.07170183992677,3.83907380459355,2.86826074283685,4.39911378015714
76,132,3.07170183992677,3.83907380459355,3.61101705699436,3.41167502755196
77,84,1.15504783296083,1.79436027032923,1.16885965966835,2.27253031222021
77,92,1.15504783296083,1.79436027032923,1.97579391509534,1.37198359827585
77,141,1.15504783296083,1.79436027032923,0.912351981750173,1.26195207314587
77,147,1.15504783296083,1.79436027032923,0.571753244696049,1.53547849913963
77,150,1.15504783296083,1.79436027032923,0.198458541480263,2.06989382669704
78,124,3.99609813539496,9.58978506758975,3.58629555049703,8.57263330124752
78,145,3.99609813539496,9.58978506758975,5.0990813464296,10.2276248223028
78,151,3.99609813539496,9.58978506758975,4.16637644700402,10.3306431352732
79,88,2.52060359977904,0.188492830376968,3.12040429795682,0.284109909739871
79,114,2.52060359977904,0.188492830376968,2.49079801272605,1.59042812824821
80,83,3.20970055618153,5.3533742119119,3.26388976060725,5.96961385341402
80,121,3.20970055618153,5.3533742119119,3.59134061770171,5.64565575751761
80,128,3.20970055618153,5.3533742119119,3.44600196768669,4.90042251666957
80,130,3.20970055618153,5.3533742119119,2.86826074283685,4.39911378015714
81,84,1.59065574411818,3.42046364323086,1.16885965966835,2.27253031222021
81,87,1.59065574411818,3.42046364323086,2.62739971777528,2.12591228587278
81,90,1.59065574411818,3.42046364323086,1.28935415446891,4.50549925070713
81,102,1.59065574411818,3.42046364323086,2.51311150975687,3.68676169725925
81,122,1.59065574411818,3.42046364323086,2.02097101708164,4.38819445695668
81,129,1.59065574411818,3.42046364323086,0.944406664073886,3.12922956635022
82,103,5.46608407971565,1.44700970730325,5.14539420425295,0.738487619313459
82,110,5.46608407971565,1.44700970730325,5.88273775077406,2.13543206071972
82,117,5.46608407971565,1.44700970730325,5.51808800219472,0.379190764983263
82,143,5.46608407971565,1.44700970730325,4.82783045461857,2.14633617832139
82,158,5.46608407971565,1.44700970730325,5.90174300071623,1.47141102080105
83,101,3.26388976060725,5.96961385341402,3.12050308319599,6.66951575025732
83,121,3.26388976060725,5.96961385341402,3.59134061770171,5.64565575751761
84,87,1.16885965966835,2.27253031222021,2.62739971777528,2.12591228587278
84,92,1.16885965966835,2.27253031222021,1.97579391509534,1.37198359827585
84,129,1.16885965966835,2.27253031222021,0.944406664073886,3.12922956635022
84,150,1.16885965966835,2.27253031222021,0.198458541480263,2.06989382669704
84,154,1.16885965966835,2.27253031222021,0.287826954514802,2.5583491321784
85,104,4.89258961788501,3.66337507453505,4.764359099364,4.18343907118607
86,91,1.92359241881584,8.9197673386922,2.09075037196102,8.17274003052021
86,96,1.92359241881584,8.9197673386922,1.94478731351794,9.88696173054786
86,98,1.92359241881584,8.9197673386922,0.796828079278853,10.0136619148168
86,120,1.92359241881584,8.9197673386922,2.4652210256854,9.71550665444777
86,153,1.92359241881584,8.9197673386922,1.47026172087652,8.10412163589123
87,92,2.62739971777528,2.12591228587278,1.97579391509534,1.37198359827585
87,102,2.62739971777528,2.12591228587278,2.51311150975687,3.68676169725925
87,114,2.62739971777528,2.12591228587278,2.49079801272605,1.59042812824821
87,132,2.62739971777528,2.12591228587278,3.61101705699436,3.41167502755196
88,111,3.12040429795682,0.284109909739871,3.02372264149107,1.95369658171986
88,114,3.12040429795682,0.284109909739871,2.49079801272605,1.59042812824821
88,131,3.12040429795682,0.284109909739871,3.49351732140515,1.97677110828821
88,137,3.12040429795682,0.284109909739871,4.02719928922699,0.600889844629009
89,144,5.35444835866459,6.53950138908365,4.38690811085091,5.14321139094682
89,164,5.35444835866459,6.53950138908365,6.0677755918382,6.86200907841362
89,171,5.35444835866459,6.53950138908365,6.40171933563449,4.19570863482985
90,115,1.28935415446891,4.50549925070713,2.49027995476948,5.34029185975919
90,129,1.28935415446891,4.50549925070713,0.944406664073886,3.12922956635022
90,157,1.28935415446891,4.50549925070713,0.689354365244652,5.60864913238595
91,123,2.09075037196102,8.17274003052021,1.75150086841501,6.98571047458462
91,149,2.09075037196102,8.17274003052021,2.86796020666156,7.08297802873261
92,114,1.97579391509534,1.37198359827585,2.49079801272605,1.59042812824821
92,119,1.97579391509534,1.37198359827585,1.64157821548371,0.664122752281751
92,139,1.97579391509534,1.37198359827585,2.06331514924737,0.401753196827271
92,141,1.97579391509534,1.37198359827585,0.912351981750173,1.26195207314587
93,100,5.57891558525377,7.81169230720836,5.03993096884099,9.36527985960497
94,126,2.1289846347282,11.3776246504765,1.35660946093345,10.816477312478
94,142,2.1289846347282,11.3776246504765,2.60764432456808,11.0892422485827
95,108,4.39754568826174,7.25418889455333,4.44209333078515,7.70676111699543
95,125,4.39754568826174,7.25418889455333,3.97502567922057,7.9384641250889
95,136,4.39754568826174,7.25418889455333,4.36725411162569,6.69969008361696
96,98,1.94478731351794,9.88696173054786,0.796828079278853,10.0136619148168
96,142,1.94478731351794,9.88696173054786,2.60764432456808,11.0892422485827
97,105,3.41196029069943,9.99356675316492,2.86376418837845,10.6019217641787
97,134,3.41196029069943,9.99356675316492,2.92333997935423,9.11661678150551
97,151,3.41196029069943,9.99356675316492,4.16637644700402,10.3306431352732
98,126,0.796828079278853,10.0136619148168,1.35660946093345,10.816477312478
100,108,5.03993096884099,9.36527985960497,4.44209333078515,7.70676111699543
100,138,5.03993096884099,9.36527985960497,5.5303409118707,10.3779380322658
100,145,5.03993096884099,9.36527985960497,5.0990813464296,10.2276248223028
101,109,3.12050308319599,6.66951575025732,3.65762559080031,7.2046995495664
101,115,3.12050308319599,6.66951575025732,2.49027995476948,5.34029185975919
101,149,3.12050308319599,6.66951575025732,2.86796020666156,7.08297802873261
102,122,2.51311150975687,3.68676169725925,2.02097101708164,4.38819445695668
102,130,2.51311150975687,3.68676169725925,2.86826074283685,4.39911378015714
103,112,5.14539420425295,0.738487619313459,4.41574032437086,0.908261077686181
104,144,4.764359099364,4.18343907118607,4.38690811085091,5.14321139094682
104,156,4.764359099364,4.18343907118607,4.42029476107232,3.42673617885675
105,120,2.86376418837845,10.6019217641787,2.4652210256854,9.71550665444777
106,108,4.89013049709704,7.44148701353679,4.44209333078515,7.70676111699543
106,136,4.89013049709704,7.44148701353679,4.36725411162569,6.69969008361696
107,110,5.92294445035683,2.68201972003529,5.88273775077406,2.13543206071972
109,125,3.65762559080031,7.2046995495664,3.97502567922057,7.9384641250889
109,133,3.65762559080031,7.2046995495664,3.35529543309566,7.74312209120198
110,158,5.88273775077406,2.13543206071972,5.90174300071623,1.47141102080105
110,205,5.88273775077406,2.13543206071972,6.07705554964317,2.68201972003529
110,256,5.88273775077406,2.13543206071972,6.09825699928377,1.47141102080105
111,114,3.02372264149107,1.95369658171986,2.49079801272605,1.59042812824821
111,132,3.02372264149107,1.95369658171986,3.61101705699436,3.41167502755196
112,137,4.41574032437086,0.908261077686181,4.02719928922699,0.600889844629009
112,148,4.41574032437086,0.908261077686181,3.9990351282674,1.88540959299849
113,153,0.506219201173634,7.52319466210525,1.47026172087652,8.10412163589123
113,155,0.506219201173634,7.52319466210525,1.01956391622401,6.17101293760926
114,139,2.49079801272605,1.59042812824821,2.06331514924737,0.401753196827271
115,122,2.49027995476948,5.34029185975919,2.02097101708164,4.38819445695668
115,123,2.49027995476948,5.34029185975919,1.75150086841501,6.98571047458462
115,130,2.49027995476948,5.34029185975919,2.86826074283685,4.39911378015714
116,133,3.08527182405503,8.12733093968472,3.35529543309566,7.74312209120198
116,134,3.08527182405503,8.12733093968472,2.92333997935423,9.11661678150551
116,149,3.08527182405503,8.12733093968472,2.86796020666156,7.08297802873261
117,158,5.51808800219472,0.379190764983263,5.90174300071623,1.47141102080105
117,215,5.51808800219472,0.379190764983263,6.48191199780528,0.379190764983263
117,256,5.51808800219472,0.379190764983263,6.09825699928377,1.47141102080105
118,132,3.84479997941821,3.94063698736473,3.61101705699436,3.41167502755196
118,144,3.84479997941821,3.94063698736473,4.38690811085091,5.14321139094682
118,156,3.84479997941821,3.94063698736473,4.42029476107232,3.42673617885675
119,139,1.64157821548371,0.664122752281751,2.06331514924737,0.401753196827271
119,141,1.64157821548371,0.664122752281751,0.912351981750173,1.26195207314587
120,134,2.4652210256854,9.71550665444777,2.92333997935423,9.11661678150551
123,153,1.75150086841501,6.98571047458462,1.47026172087652,8.10412163589123
123,155,1.75150086841501,6.98571047458462,1.01956391622401,6.17101293760926
124,125,3.58629555049703,8.57263330124752,3.97502567922057,7.9384641250889
124,133,3.58629555049703,8.57263330124752,3.35529543309566,7.74312209120198
127,141,0.180027119484959,0.418459243647449,0.912351981750173,1.26195207314587
128,130,3.44600196768669,4.90042251666957,2.86826074283685,4.39911378015714
129,154,0.944406664073886,3.12922956635022,0.287826954514802,2.5583491321784
131,132,3.49351732140515,1.97677110828821,3.61101705699436,3.41167502755196
131,137,3.49351732140515,1.97677110828821,4.02719928922699,0.600889844629009
131,140,3.49351732140515,1.97677110828821,4.12454843766101,3.05431326540396
132,140,3.61101705699436,3.41167502755196,4.12454843766101,3.05431326540396
135,146,4.1984453365526,11.8288601268495,4.3983257794861,11.1080678177256
137,148,4.02719928922699,0.600889844629009,3.9990351282674,1.88540959299849
138,236,5.5303409118707,10.3779380322658,6.4696590881293,10.3779380322658
140,148,4.12454843766101,3.05431326540396,3.9990351282674,1.88540959299849
140,156,4.12454843766101,3.05431326540396,4.42029476107232,3.42673617885675
141,147,0.912351981750173,1.26195207314587,0.571753244696049,1.53547849913963
143,148,4.82783045461857,2.14633617832139,3.9990351282674,1.88540959299849
146,151,4.3983257794861,11.1080678177256,4.16637644700402,10.3306431352732
147,150,0.571753244696049,1.53547849913963,0.198458541480263,2.06989382669704
150,154,0.198458541480263,2.06989382669704,0.287826954514802,2.5583491321784
155,157,1.01956391622401,6.17101293760926,0.689354365244652,5.60864913238595
159,227,11.7709511848613,3.12220674874527,11.0555933359261,3.12922956635022
159,252,11.7709511848613,3.12220674874527,11.7121730454852,2.5583491321784
160,166,7.83866119223171,5.68411585163925,8.09452189963228,5.1758446594773
160,234,7.83866119223171,5.68411585163925,7.63274588837431,6.69969008361696
160,242,7.83866119223171,5.68411585163925,7.61309188914909,5.14321139094682
161,187,6.60156721470019,6.97181225732873,6.64555164133541,6.53950138908365
161,191,6.60156721470019,6.97181225732873,6.42108441474623,7.81169230720836
161,204,6.60156721470019,6.97181225732873,7.10986950290296,7.44148701353679
162,173,6.68942042154875,11.0435937318091,6.901878298892,11.7417950180952
162,236,6.68942042154875,11.0435937318091,6.4696590881293,10.3779380322658
162,243,6.68942042154875,11.0435937318091,6.9009186535704,10.2276248223028
163,180,7.22137738037297,1.43994088797406,6.53391592028435,1.44700970730325
163,201,7.22137738037297,1.43994088797406,6.85460579574705,0.738487619313459
163,210,7.22137738037297,1.43994088797406,7.58425967562914,0.908261077686181
163,241,7.22137738037297,1.43994088797406,7.17216954538143,2.14633617832139
164,187,6.0677755918382,6.86200907841362,6.64555164133541,6.53950138908365
164,191,6.0677755918382,6.86200907841362,6.42108441474623,7.81169230720836
165,197,11.6013004535515,10.4819940511488,11.5720481005131,9.64375787364658
165,224,11.6013004535515,10.4819940511488,10.6433905390666,10.816477312478
165,250,11.6013004535515,10.4819940511488,11.2091186805685,11.6684735136065
166,168,8.09452189963228,5.1758446594773,8.52975317878354,4.24498993056908
166,216,8.09452189963228,5.1758446594773,8.15520002058179,3.94063698736473
166,219,8.09452189963228,5.1758446594773,8.40865938229829,5.64565575751761
167,183,6.99550793461645,2.59036664641335,7.10741038211499,3.66337507453505
167,208,6.99550793461645,2.59036664641335,6.11726224922594,2.13543206071972
167,241,6.99550793461645,2.59036664641335,7.17216954538143,2.14633617832139
167,254,6.99550793461645,2.59036664641335,7.57970523892768,3.42673617885675
168,216,8.52975317878354,4.24498993056908,8.15520002058179,3.94063698736473
168,226,8.52975317878354,4.24498993056908,8.55399803231331,4.90042251666957
169,241,7.4759173537674,2.56881823386064,7.17216954538143,2.14633617832139
169,246,7.4759173537674,2.56881823386064,8.0009648717326,1.88540959299849
169,254,7.4759173537674,2.56881823386064,7.57970523892768,3.42673617885675
170,255,11.8194633600526,4.71289012775821,11.3106456347553,5.60864913238595
171,183,6.40171933563449,4.19570863482985,7.10741038211499,3.66337507453505
171,205,6.40171933563449,4.19570863482985,6.07705554964317,2.68201972003529
172,197,11.1720832575032,8.50693328212645,11.5720481005131,9.64375787364658
172,211,11.1720832575032,8.50693328212645,11.4937807988264,7.52319466210525
173,244,6.901878298892,11.7417950180952,7.6016742205139,11.1080678177256
174,200,8.92829816007323,3.83907380459355,9.48688849024313,3.68676169725925
174,228,8.92829816007323,3.83907380459355,9.13173925716315,4.39911378015714
174,230,8.92829816007323,3.83907380459355,8.38898294300564,3.41167502755196
175,182,10.8449521670392,1.79436027032923,10.8311403403317,2.27253031222021
175,190,10.8449521670392,1.79436027032923,10.0242060849047,1.37198359827585
175,239,10.8449521670392,1.79436027032923,11.0876480182498,1.26195207314587
175,245,10.8449521670392,1.79436027032923,11.428246755304,1.53547849913963
175,248,10.8449521670392,1.79436027032923,11.8015414585197,2.06989382669704
176,222,8.00390186460504,9.58978506758975,8.41370444950297,8.57263330124752
176,232,8.00390186460504,9.58978506758975,9.07666002064577,9.11661678150551
176,249,8.00390186460504,9.58978506758975,7.83362355299598,10.3306431352732
177,186,9.47939640022096,0.188492830376968,8.87959570204318,0.284109909739871
177,212,9.47939640022096,0.188492830376968,9.50920198727395,1.59042812824821
178,181,8.79029944381847,5.3533742119119,8.73611023939275,5.96961385341402
178,219,8.79029944381847,5.3533742119119,8.40865938229829,5.64565575751761
178,226,8.79029944381847,5.3533742119119,8.55399803231331,4.90042251666957
178,228,8.79029944381847,5.3533742119119,9.13173925716315,4.39911378015714
179,182,10.4093442558818,3.42046364323086,10.8311403403317,2.27253031222021
179,185,10.4093442558818,3.42046364323086,9.37260028222472,2.12591228587278
179,188,10.4093442558818,3.42046364323086,10.7106458455311,4.50549925070713
179,200,10.4093442558818,3.42046364323086,9.48688849024313,3.68676169725925
179,220,10.4093442558818,3.42046364323086,9.97902898291836,4.38819445695668
180,201,6.53391592028435,1.44700970730325,6.85460579574705,0.738487619313459
180,208,6.53391592028435,1.44700970730325,6.11726224922594,2.13543206071972
180,215,6.53391592028435,1.44700970730325,6.48191199780528,0.379190764983263
180,241,6.53391592028435,1.44700970730325,7.17216954538143,2.14633617832139
180,256,6.53391592028435,1.44700970730325,6.09825699928377,1.47141102080105
181,199,8.73611023939275,5.96961385341402,8.87949691680401,6.66951575025732
181,219,8.73611023939275,5.96961385341402,8.40865938229829,5.64565575751761
182,185,10.8311403403317,2.27253031222021,9.37260028222472,2.12591228587278
182,190,10.8311403403317,2.27253031222021,10.0242060849047,1.37198359827585
182,227,10.8311403403317,2.27253031222021,11.0555933359261,3.12922956635022
182,248,10.8311403403317,2.27253031222021,11.8015414585197,2.06989382669704
182,252,10.8311403403317,2.27253031222021,11.7121730454852,2.5583491321784
183,202,7.10741038211499,3.66337507453505,7.235640900636,4.18343907118607
183,205,7.10741038211499,3.66337507453505,6.07705554964317,2.68201972003529
184,189,10.0764075811842,8.9197673386922,9.90924962803898,8.17274003052021
184,194,10.0764075811842,8.9197673386922,10.0552126864821,9.88696173054786
184,196,10.0764075811842,8.9197673386922,11.2031719207211,10.0136619148168
184,218,10.0764075811842,8.9197673386922,9.5347789743146,9.71550665444777
184,251,10.0764075811842,8.9197673386922,10.5297382791235,8.10412163589123
185,190,9.37260028222472,2.12591228587278,10.0242060849047,1.37198359827585
185,200,9.37260028222472,2.12591228587278,9.48688849024313,3.68676169725925
185,212,9.37260028222472,2.12591228587278,9.50920198727395,1.59042812824821
185,230,9.37260028222472,2.12591228587278,8.38898294300564,3.41167502755196
186,209,8.87959570204318,0.284109909739871,8.97627735850893,1.95369658171986
186,212,8.87959570204318,0.284109909739871,9.50920198727395,1.59042812824821
186,229,8.87959570204318,0.284109909739871,8.50648267859485,1.97677110828821
186,235,8.87959570204318,0.284109909739871,7.97280071077301,0.600889844629009
187,242,6.64555164133541,6.53950138908365,7.61309188914909,5.14321139094682
188,213,10.7106458455311,4.50549925070713,9.50972004523052,5.34029185975919
188,227,10.7106458455311,4.50549925070713,11.0555933359261,3.12922956635022
188,255,10.7106458455311,4.50549925070713,11.3106456347553,5.60864913238595
189,221,9.90924962803898,8.17274003052021,10.248499131585,6.98571047458462
189,247,9.90924962803898,8.17274003052021,9.13203979333844,7.08297802873261
190,212,10.0242060849047,1.37198359827585,9.50920198727395,1.59042812824821
190,217,10.0242060849047,1.37198359827585,10.3584217845163,0.664122752281751
190,237,10.0242060849047,1.37198359827585,9.93668485075263,0.401753196827271
190,239,10.0242060849047,1.37198359827585,11.0876480182498,1.26195207314587
191,198,6.42108441474623,7.81169230720836,6.96006903115901,9.36527985960497
192,240,9.8710153652718,11.3776246504765,9.39235567543192,11.0892422485827
193,207,7.60245431173826,7.25418889455333,8.34237440919969,7.2046995495664
193,223,7.60245431173826,7.25418889455333,8.02497432077943,7.9384641250889
193,234,7.60245431173826,7.25418889455333,7.63274588837431,6.69969008361696
194,196,10.0552126864821,9.88696173054786,11.2031719207211,10.0136619148168
194,240,10.0552126864821,9.88696173054786,9.39235567543192,11.0892422485827
195,203,8.58803970930057,9.99356675316492,9.13623581162155,10.6019217641787
195,218,8.58803970930057,9.99356675316492,9.5347789743146,9.71550665444777
195,232,8.58803970930057,9.99356675316492,9.07666002064577,9.11661678150551
196,224,11.2031719207211,10.0136619148168,10.6433905390666,10.816477312478
198,206,6.96006903115901,9.36527985960497,7.55790666921485,7.70676111699543
198,236,6.96006903115901,9.36527985960497,6.4696590881293,10.3779380322658
198,243,6.96006903115901,9.36527985960497,6.9009186535704,10.2276248223028
199,207,8.87949691680401,6.66951575025732,8.34237440919969,7.2046995495664
199,213,8.87949691680401,6.66951575025732,9.50972004523052,5.34029185975919
199,247,8.87949691680401,6.66951575025732,9.13203979333844,7.08297802873261
200,220,9.48688849024313,3.68676169725925,9.97902898291836,4.38819445695668
200,228,9.48688849024313,3.68676169725925,9.13173925716315,4.39911378015714
201,210,6.85460579574705,0.738487619313459,7.58425967562914,0.908261077686181
201,215,6.85460579574705,0.738487619313459,6.48191199780528,0.379190764983263
202,242,7.235640900636,4.18343907118607,7.61309188914909,5.14321139094682
202,254,7.235640900636,4.18343907118607,7.57970523892768,3.42673617885675
203,240,9.13623581162155,10.6019217641787,9.39235567543192,11.0892422485827
203,249,9.13623581162155,10.6019217641787,7.83362355299598,10.3306431352732
204,206,7.10986950290296,7.44148701353679,7.55790666921485,7.70676111699543
204,234,7.10986950290296,7.44148701353679,7.63274588837431,6.69969008361696
205,208,6.07705554964317,2.68201972003529,6.11726224922594,2.13543206071972
206,223,7.55790666921485,7.70676111699543,8.02497432077943,7.9384641250889
207,231,8.34237440919969,7.2046995495664,8.64470456690434,7.74312209120198
208,256,6.11726224922594,2.13543206071972,6.09825699928377,1.47141102080105
209,212,8.97627735850893,1.95369658171986,9.50920198727395,1.59042812824821
209,229,8.97627735850893,1.95369658171986,8.50648267859485,1.97677110828821
209,230,8.97627735850893,1.95369658171986,8.38898294300564,3.41167502755196
210,235,7.58425967562914,0.908261077686181,7.97280071077301,0.600889844629009
210,246,7.58425967562914,0.908261077686181,8.0009648717326,1.88540959299849
211,251,11.4937807988264,7.52319466210525,10.5297382791235,8.10412163589123
211,253,11.4937807988264,7.52319466210525,10.980436083776,6.17101293760926
212,237,9.50920198727395,1.59042812824821,9.93668485075263,0.401753196827271
213,220,9.50972004523052,5.34029185975919,9.97902898291836,4.38819445695668
213,221,9.50972004523052,5.34029185975919,10.248499131585,6.98571047458462
214,231,8.91472817594497,8.12733093968472,8.64470456690434,7.74312209120198
214,232,8.91472817594497,8.12733093968472,9.07666002064577,9.11661678150551
214,247,8.91472817594497,8.12733093968472,9.13203979333844,7.08297802873261
215,256,6.48191199780528,0.379190764983263,6.09825699928377,1.47141102080105
216,230,8.15520002058179,3.94063698736473,8.38898294300564,3.41167502755196
216,242,8.15520002058179,3.94063698736473,7.61309188914909,5.14321139094682
216,254,8.15520002058179,3.94063698736473,7.57970523892768,3.42673617885675
217,237,10.3584217845163,0.664122752281751,9.93668485075263,0.401753196827271
217,239,10.3584217845163,0.664122752281751,11.0876480182498,1.26195207314587
218,232,9.5347789743146,9.71550665444777,9.07666002064577,9.11661678150551
221,251,10.248499131585,6.98571047458462,10.5297382791235,8.10412163589123
221,253,10.248499131585,6.98571047458462,10.980436083776,6.17101293760926
222,223,8.41370444950297,8.57263330124752,8.02497432077943,7.9384641250889
222,231,8.41370444950297,8.57263330124752,8.64470456690434,7.74312209120198
224,250,10.6433905390666,10.816477312478,11.2091186805685,11.6684735136065
225,239,11.819972880515,0.418459243647449,11.0876480182498,1.26195207314587
226,228,8.55399803231331,4.90042251666957,9.13173925716315,4.39911378015714
227,252,11.0555933359261,3.12922956635022,11.7121730454852,2.5583491321784
229,230,8.50648267859485,1.97677110828821,8.38898294300564,3.41167502755196
229,235,8.50648267859485,1.97677110828821,7.97280071077301,0.600889844629009
229,238,8.50648267859485,1.97677110828821,7.87545156233899,3.05431326540396
230,238,8.38898294300564,3.41167502755196,7.87545156233899,3.05431326540396
233,244,7.8015546634474,11.8288601268495,7.6016742205139,11.1080678177256
235,246,7.97280071077301,0.600889844629009,8.0009648717326,1.88540959299849
238,246,7.87545156233899,3.05431326540396,8.0009648717326,1.88540959299849
238,254,7.87545156233899,3.05431326540396,7.57970523892768,3.42673617885675
239,245,11.0876480182498,1.26195207314587,11.428246755304,1.53547849913963
241,246,7.17216954538143,2.14633617832139,8.0009648717326,1.88540959299849
243,244,6.9009186535704,10.2276248223028,7.6016742205139,11.1080678177256
244,249,7.6016742205139,11.1080678177256,7.83362355299598,10.3306431352732
245,248,11.428246755304,1.53547849913963,11.8015414585197,2.06989382669704
248,252,11.8015414585197,2.06989382669704,11.7121730454852,2.5583491321784
253,255,10.980436083776,6.17101293760926,11.3106456347553,5.60864913238595
1,2,0,0,0.8,-0
1,60,0,0,-0,0.8
2,3,0.8,-0,1.6,-0
3,4,1.6,-0,2.4,-0
4,5,2.4,-0,3.2,-0
5,6,3.2,-0,4,-0
6,7,4,-0,4.8,-0
7,8,4.8,-0,5.6,-0
8,9,5.6,-0,6.4,0
9,10,6.4,0,7.2,0
10,11,7.2,0,8,0
11,12,8,0,8.8,0
12,13,8.8,0,9.6,0
13,14,9.6,0,10.4,0
14,15,10.4,0,11.2,0
15,16,11.2,0,12,0
16,17,12,0,12,0.8
17,18,12,0.8,12,1.6
18,19,12,1.6,12,2.4
19,20,12,2.4,12,3.2
20,21,12,3.2,12,4
21,22,12,4,12,4.8
22,23,12,4.8,12,5.6
23,24,12,5.6,12,6.4
24,25,12,6.4,12,7.2
25,26,12,7.2,12,8
26,27,12,8,12,8.8
27,28,12,8.8,12,9.6
28,29,12,9.6,12,10.4
29,30,12,10.4,12,11.2
30,31,12,11.2,12,12
31,32,12,12,11.2,12
32,33,11.2,12,10.4,12
33,34,10.4,12,9.6,12
34,35,9.6,12,8.8,12
35,36,8.8,12,8,12
36,37,8,12,7.2,12
37,38,7.2,12,6.4,12
38,39,6.4,12,5.6,12
39,40,5.6,12,4.8,12
40,41,4.8,12,4,12
41,42,4,12,3.2,12
42,43,3.2,12,2.4,12
43,44,2.4,12,1.6,12
44,45,1.6,12,0.8,12
45,46,0.8,12,0,12
46,47,0,12,0,11.2
47,48,0,11.2,0,10.4
48,49,0,10.4,0,9.6
49,50,0,9.6,0,8.8
50,51,0,8.8,0,8
51,52,0,8,0,7.2
52,53,0,7.2,0,6.4
53,54,0,6.4,-0,5.6
54,55,-0,5.6,-0,4.8
55,56,-0,4.8,-0,4
56,57,-0,4,-0,3.2
57,58,-0,3.2,-0,2.4
58,59,-0,2.4,-0,1.6
59,60,-0,1.6,-0,0.8
229,246,8.50648267859485,1.97677110828821,8.0009648717326,1.88540959299849
163,246,7.22137738037297,1.43994088797406,8.0009648717326,1.88540959299849
65,148,4.77862261962703,1.43994088797406,3.9990351282674,1.88540959299849
62,89,4.16133880776829,5.68411585163925,5.35444835866459,6.53950138908365
168,174,8.52975317878354,4.24498993056908,8.92829816007323,3.83907380459355
208,241,6.11726224922594,2.13543206071972,7.17216954538143,2.14633617832139
76,102,3.07170183992677,3.83907380459355,2.51311150975687,3.68676169725925
181,213,8.73611023939275,5.96961385341402,9.50972004523052,5.34029185975919
85,156,4.89258961788501,3.66337507453505,4.42029476107232,3.42673617885675
83,136,3.26388976060725,5.96961385341402,4.36725411162569,6.69969008361696
179,227,10.4093442558818,3.42046364323086,11.0555933359261,3.12922956635022
167,205,6.99550793461645,2.59036664641335,6.07705554964317,2.68201972003529
131,148,3.49351732140515,1.97677110828821,3.9990351282674,1.88540959299849
220,228,9.97902898291836,4.38819445695668,9.13173925716315,4.39911378015714
122,130,2.02097101708164,4.38819445695668,2.86826074283685,4.39911378015714
213,228,9.50972004523052,5.34029185975919,9.13173925716315,4.39911378015714
69,71,5.00449206538355,2.59036664641335,4.5240826462326,2.56881823386064
170,188,11.8194633600526,4.71289012775821,10.7106458455311,4.50549925070713
72,90,0.180536639947444,4.71289012775821,1.28935415446891,4.50549925070713
167,169,6.99550793461645,2.59036664641335,7.4759173537674,2.56881823386064
65,82,4.77862261962703,1.43994088797406,5.46608407971565,1.44700970730325
160,187,7.83866119223171,5.68411585163925,6.64555164133541,6.53950138908365
111,131,3.02372264149107,1.95369658171986,3.49351732140515,1.97677110828821
181,234,8.73611023939275,5.96961385341402,7.63274588837431,6.69969008361696
