417,468,11.6912450488887,1.65439566945434,11.3285601007343,1.55503722651157
81,124,-0,2.28571428571429,0.528962660603018,2.31521693332983
328,369,6.24958763790904,4.01477558693887,6.70743310873509,3.83618205752139
145,206,1.23116346564004,3.08876881058811,0.800094622579055,3.26216120993475
86,128,5.25782220456078,4.60550259103219,5.75041236209096,4.01477558693887
336,352,7.10570887521096,2.44946262324527,6.41780978324648,2.32095726639506
330,426,10.4285414079896,3.64397175501466,9.76167858453544,3.79968518067042
80,131,-0,2.85714285714286,0.546175248377142,2.67257402496611
122,214,4.34570470314769,2.71191696020557,3.2315152450629,2.97366642253498
416,479,11.4285668480669,5.53731630018133,11.22141320303,5.00151515298734
136,228,4.89429112478904,2.44946262324527,4.56378231238164,2.42440827481239
78,89,-0,4,0.218299999312875,4.59227067607704
27,331,12,2.85714285714286,11.4538247516229,2.67257402496611
136,152,4.89429112478904,2.44946262324527,5.58219021675352,2.32095726639506
145,245,1.23116346564004,3.08876881058811,1.93544831997193,2.91806819892752
345,406,10.76883653436,3.08876881058811,11.1999053774209,3.26216120993475
298,369,7.49120327279826,3.21819907464774,6.70743310873509,3.83618205752139
128,169,5.75041236209096,4.01477558693887,5.29256689126491,3.83618205752139
98,169,4.50879672720174,3.21819907464774,5.29256689126491,3.83618205752139
294,349,11.417589135346,3.50752642507232,11.2329321111595,4.01157233444072
152,352,5.58219021675352,2.32095726639506,6.41780978324648,2.32095726639506
318,415,6.19726447719064,5.38515450113432,6.66105168449613,6.00447829121318
392,436,10.6754082651433,1.86157985852548,11.2038303284628,1.94538531444691
155,166,1.77229814121515,0.608676253708742,1.34377420741146,0.610282167347066
325,426,9.07734879076192,3.36295776410732,9.76167858453544,3.79968518067042
217,268,0.308754951111306,1.65439566945434,0.671439899265687,1.55503722651157
322,414,7.65429529685231,2.71191696020557,8.7684847549371,2.97366642253498
192,236,1.32459173485671,1.86157985852548,0.796169671537157,1.94538531444691
333,405,8.93844501024322,5.29262556385675,9.6240786782574,4.79446138379085
88,196,3.85385551426594,3.59818738489396,4.34521181681967,3.9196702307796
286,318,6.74217779543922,4.60550259103219,6.19726447719064,5.38515450113432
97,181,3.60462330501353,2.24704053569076,2.85769761754147,2.4312137489269
345,445,10.76883653436,3.08876881058811,10.0645516800281,2.91806819892752
93,235,1.5777764486842,0.892746870317447,1.9994600321898,0.848158045663335
99,248,4.16753498586853,4.78113883791231,3.95713857853752,5.69002689750634
355,435,10.2277018587848,0.608676253708742,10.0005399678102,0.848158045663335
168,274,1.59315726950276,2.23535354479361,2.5668752930493,2.2414490979148
288,396,8.14614448573406,3.59818738489396,7.65478818318033,3.9196702307796
308,348,6.56959439780388,2.8052112537478,7.31042693758087,2.96063523110821
297,381,8.39537669498647,2.24704053569076,9.14230238245853,2.4312137489269
158,209,3.90999524427922,1.84997411771252,3.49087341834737,1.91632187649703
124,168,0.528962660603018,2.31521693332983,1.59315726950276,2.23535354479361
29,289,12,4,11.7817000006871,4.59227067607704
108,148,5.43040560219612,2.8052112537478,4.68957306241913,2.96063523110821
348,429,7.31042693758087,2.96063523110821,6.34400336336283,3.51569813565955
158,162,3.90999524427922,1.84997411771252,3.245105944028,1.67674202999072
368,474,10.4068427304972,2.23535354479361,9.43312470695069,2.2414490979148
115,277,0.789532784835684,0.435373315815196,0.483010184355556,0.393409414162507
100,223,4.85959770913099,1.42823106821523,4.16827897740438,1.67397533164637
138,156,5.95298744078209,1.01705483054389,5.42799216490945,1.49392018500187
324,368,11.471037339397,2.31521693332983,10.4068427304972,2.23535354479361
131,145,0.546175248377142,2.67257402496611,1.23116346564004,3.08876881058811
317,340,6.30933578459184,0.776273211937836,6.77955019600463,0.886096610779047
148,229,4.68957306241913,2.96063523110821,5.65599663663717,3.51569813565955
10,195,5.14285714285714,-0,4.62905995852637,0.165338437673605
450,457,10.4773593026531,1.24702357392219,11.3608418761115,1.1979531214469
13,395,6.85714285714286,0,7.37094004147363,0.165338437673605
100,156,4.85959770913099,1.42823106821523,5.42799216490945,1.49392018500187
250,257,1.52264069734688,1.24702357392219,0.639158123888489,1.1979531214469
308,347,6.56959439780388,2.8052112537478,6.02905207095241,2.97376894109616
300,423,7.14040229086901,1.42823106821523,7.83172102259562,1.67397533164637
226,252,2.23832141546456,3.79968518067042,1.58386355037322,4.64475564241244
441,452,9.85865519786461,5.41400900515427,10.4161364496268,4.64475564241244
217,236,0.308754951111306,1.65439566945434,0.796169671537157,1.94538531444691
315,477,11.2104672151643,0.435373315815196,11.5169898156444,0.393409414162507
207,283,4.50942542730362,0.603809594128677,4.86620452912207,0.567372224519249
426,452,9.76167858453544,3.79968518067042,10.4161364496268,4.64475564241244
4,91,1.71428571428571,-0,1.19751542527961,0.0990781852472477
300,356,7.14040229086901,1.42823106821523,6.57200783509055,1.49392018500187
354,457,11.7906220520135,1.21061626643531,11.3608418761115,1.1979531214469
359,442,6.03469031423963,1.51604936513905,6.59409828023845,1.87049691243723
358,409,8.09000475572078,1.84997411771252,8.50912658165263,1.91632187649703
85,162,2.36632147261284,1.78029760049141,3.245105944028,1.67674202999072
417,436,11.6912450488887,1.65439566945434,11.2038303284628,1.94538531444691
117,140,5.69066421540816,0.776273211937836,5.22044980399537,0.886096610779047
340,402,6.77955019600463,0.886096610779047,7.24251697569041,0.996743495081737
407,483,7.49057457269638,0.603809594128677,7.13379547087793,0.567372224519249
159,242,5.96530968576037,1.51604936513905,5.40590171976155,1.87049691243723
93,141,1.5777764486842,0.892746870317447,0.836964556947919,0.887862783041069
355,366,10.2277018587848,0.608676253708742,10.6562257925885,0.610282167347066
360,449,6.88932888280136,0.320782304162866,6.47795453408419,0.269819512662969
160,249,5.11067111719864,0.320782304162866,5.52204546591581,0.269819512662969
122,132,4.34570470314769,2.71191696020557,3.49326184252091,3.30362028859581
358,362,8.09000475572078,1.84997411771252,8.754894055972,1.67674202999072
154,257,0.209377947986453,1.21061626643531,0.639158123888489,1.1979531214469
131,168,0.546175248377142,2.67257402496611,1.59315726950276,2.23535354479361
402,467,7.24251697569041,0.996743495081737,6.9298260012508,1.17958372767808
117,317,5.69066421540816,0.776273211937836,6.30933578459184,0.776273211937836
403,452,10.9209944856426,3.70283753178328,10.4161364496268,4.64475564241244
202,267,4.75748302430959,0.996743495081737,5.0701739987492,1.17958372767808
140,202,5.22044980399537,0.886096610779047,4.75748302430959,0.996743495081737
94,254,0.582410864653956,3.50752642507232,0.22891793936804,3.06750263702552
19,291,10.2857142857143,0,10.8024845747204,0.0990781852472477
250,268,1.52264069734688,1.24702357392219,0.671439899265687,1.55503722651157
290,471,9.90415964271472,1.15326384696943,9.18070825814636,1.09129471942565
90,271,2.09584035728528,1.15326384696943,2.81929174185364,1.09129471942565
290,450,9.90415964271472,1.15326384696943,10.4773593026531,1.24702357392219
331,345,11.4538247516229,2.67257402496611,10.76883653436,3.08876881058811
369,429,6.70743310873509,3.83618205752139,6.34400336336283,3.51569813565955
322,332,7.65429529685231,2.71191696020557,8.50673815747908,3.30362028859581
155,282,1.77229814121515,0.608676253708742,2.29522436483421,0.496747534964929
285,362,9.63367852738716,1.78029760049141,8.754894055972,1.67674202999072
90,93,2.09584035728528,1.15326384696943,1.5777764486842,0.892746870317447
338,356,6.04701255921791,1.01705483054389,6.57200783509055,1.49392018500187
358,428,8.09000475572078,1.84997411771252,7.43621768761836,2.42440827481239
0,0,0,0,0,0
0,0,0,0,0,0
0,0,0,0,0,0
0,0,0,0,0,0
0,0,0,0,0,0
0,0,0,0,0,0
0,0,0,0,0,0
0,0,0,0,0,0
0,0,0,0,0,0
0,0,0,0,0,0
0,0,0,0,0,0
0,0,0,0,0,0
0,0,0,0,0,0
0,0,0,0,0,0
0,0,0,0,0,0
0,0,0,0,0,0
0,0,0,0,0,0
0,0,0,0,0,0
0,0,0,0,0,0
0,0,0,0,0,0
0,0,0,0,0,0
0,0,0,0,0,0
0,0,0,0,0,0
0,0,0,0,0,0
0,0,0,0,0,0
0,0,0,0,0,0
0,0,0,0,0,0
0,0,0,0,0,0
0,0,0,0,0,0
0,0,0,0,0,0
0,0,0,0,0,0
0,0,0,0,0,0
0,0,0,0,0,0
0,0,0,0,0,0
0,0,0,0,0,0
0,0,0,0,0,0
0,0,0,0,0,0
0,0,0,0,0,0
0,0,0,0,0,0
0,0,0,0,0,0
0,0,0,0,0,0
0,0,0,0,0,0
0,0,0,0,0,0
0,0,0,0,0,0
0,0,0,0,0,0
0,0,0,0,0,0
0,0,0,0,0,0
0,0,0,0,0,0
0,0,0,0,0,0
0,0,0,0,0,0
0,0,0,0,0,0
0,0,0,0,0,0
0,0,0,0,0,0
0,0,0,0,0,0
0,0,0,0,0,0
0,0,0,0,0,0
0,0,0,0,0,0
0,0,0,0,0,0
0,0,0,0,0,0
0,0,0,0,0,0
0,0,0,0,0,0
0,0,0,0,0,0
0,0,0,0,0,0
0,0,0,0,0,0
0,0,0,0,0,0
0,0,0,0,0,0
0,0,0,0,0,0
0,0,0,0,0,0
0,0,0,0,0,0
0,0,0,0,0,0
0,0,0,0,0,0
0,0,0,0,0,0
0,0,0,0,0,0
0,0,0,0,0,0
0,0,0,0,0,0
0,0,0,0,0,0
0,0,0,0,0,0
0,0,0,0,0,0
0,0,0,0,0,0
0,0,0,0,0,0
0,0,0,0,0,0
0,0,0,0,0,0
0,0,0,0,0,0
0,0,0,0,0,0
0,0,0,0,0,0
0,0,0,0,0,0
0,0,0,0,0,0
0,0,0,0,0,0
0,0,0,0,0,0
0,0,0,0,0,0
0,0,0,0,0,0
0,0,0,0,0,0
0,0,0,0,0,0
0,0,0,0,0,0
0,0,0,0,0,0
0,0,0,0,0,0
0,0,0,0,0,0
0,0,0,0,0,0
0,0,0,0,0,0
0,0,0,0,0,0
0,0,0,0,0,0
0,0,0,0,0,0
0,0,0,0,0,0
0,0,0,0,0,0
0,0,0,0,0,0
0,0,0,0,0,0
0,0,0,0,0,0
0,0,0,0,0,0
0,0,0,0,0,0
0,0,0,0,0,0
0,0,0,0,0,0
0,0,0,0,0,0
0,0,0,0,0,0
0,0,0,0,0,0
0,0,0,0,0,0
0,0,0,0,0,0
0,0,0,0,0,0
0,0,0,0,0,0
0,0,0,0,0,0
0,0,0,0,0,0
0,0,0,0,0,0
0,0,0,0,0,0
0,0,0,0,0,0
0,0,0,0,0,0
0,0,0,0,0,0
0,0,0,0,0,0
0,0,0,0,0,0
0,0,0,0,0,0
0,0,0,0,0,0
0,0,0,0,0,0
0,0,0,0,0,0
0,0,0,0,0,0
0,0,0,0,0,0
0,0,0,0,0,0
0,0,0,0,0,0
0,0,0,0,0,0
0,0,0,0,0,0
0,0,0,0,0,0
0,0,0,0,0,0
0,0,0,0,0,0
0,0,0,0,0,0
0,0,0,0,0,0
0,0,0,0,0,0
0,0,0,0,0,0
0,0,0,0,0,0
0,0,0,0,0,0
0,0,0,0,0,0
0,0,0,0,0,0
0,0,0,0,0,0
0,0,0,0,0,0
0,0,0,0,0,0
0,0,0,0,0,0
0,0,0,0,0,0
0,0,0,0,0,0
0,0,0,0,0,0
0,0,0,0,0,0
0,0,0,0,0,0
0,0,0,0,0,0
0,0,0,0,0,0
0,0,0,0,0,0
0,0,0,0,0,0
0,0,0,0,0,0
0,0,0,0,0,0
0,0,0,0,0,0
0,0,0,0,0,0
0,0,0,0,0,0
0,0,0,0,0,0
0,0,0,0,0,0
0,0,0,0,0,0
0,0,0,0,0,0
0,0,0,0,0,0
0,0,0,0,0,0
0,0,0,0,0,0
0,0,0,0,0,0
0,0,0,0,0,0
0,0,0,0,0,0
0,0,0,0,0,0
0,0,0,0,0,0
0,0,0,0,0,0
0,0,0,0,0,0
0,0,0,0,0,0
0,0,0,0,0,0
0,0,0,0,0,0
0,0,0,0,0,0
0,0,0,0,0,0
0,0,0,0,0,0
0,0,0,0,0,0
0,0,0,0,0,0
0,0,0,0,0,0
0,0,0,0,0,0
0,0,0,0,0,0
0,0,0,0,0,0
0,0,0,0,0,0
0,0,0,0,0,0
0,0,0,0,0,0
0,0,0,0,0,0
0,0,0,0,0,0
0,0,0,0,0,0
0,0,0,0,0,0
0,0,0,0,0,0
0,0,0,0,0,0
0,0,0,0,0,0
0,0,0,0,0,0
0,0,0,0,0,0
0,0,0,0,0,0
0,0,0,0,0,0
0,0,0,0,0,0
0,0,0,0,0,0
0,0,0,0,0,0
0,0,0,0,0,0
0,0,0,0,0,0
0,0,0,0,0,0
0,0,0,0,0,0
0,0,0,0,0,0
0,0,0,0,0,0
0,0,0,0,0,0
0,0,0,0,0,0
0,0,0,0,0,0
0,0,0,0,0,0
0,0,0,0,0,0
0,0,0,0,0,0
0,0,0,0,0,0
0,0,0,0,0,0
0,0,0,0,0,0
0,0,0,0,0,0
0,0,0,0,0,0
0,0,0,0,0,0
0,0,0,0,0,0
0,0,0,0,0,0
0,0,0,0,0,0
0,0,0,0,0,0
0,0,0,0,0,0
0,0,0,0,0,0
0,0,0,0,0,0
0,0,0,0,0,0
0,0,0,0,0,0
0,0,0,0,0,0
0,0,0,0,0,0
0,0,0,0,0,0
0,0,0,0,0,0
0,0,0,0,0,0
0,0,0,0,0,0
0,0,0,0,0,0
0,0,0,0,0,0
0,0,0,0,0,0
0,0,0,0,0,0
0,0,0,0,0,0
0,0,0,0,0,0
0,0,0,0,0,0
0,0,0,0,0,0
0,0,0,0,0,0
0,0,0,0,0,0
0,0,0,0,0,0
0,0,0,0,0,0
0,0,0,0,0,0
0,0,0,0,0,0
0,0,0,0,0,0
0,0,0,0,0,0
0,0,0,0,0,0
0,0,0,0,0,0
0,0,0,0,0,0
0,0,0,0,0,0
0,0,0,0,0,0
0,0,0,0,0,0
0,0,0,0,0,0
0,0,0,0,0,0
0,0,0,0,0,0
0,0,0,0,0,0
0,0,0,0,0,0
0,0,0,0,0,0
0,0,0,0,0,0
0,0,0,0,0,0
0,0,0,0,0,0
0,0,0,0,0,0
0,0,0,0,0,0
0,0,0,0,0,0
0,0,0,0,0,0
0,0,0,0,0,0
0,0,0,0,0,0
0,0,0,0,0,0
0,0,0,0,0,0
0,0,0,0,0,0
0,0,0,0,0,0
0,0,0,0,0,0
0,0,0,0,0,0
0,0,0,0,0,0
0,0,0,0,0,0
0,0,0,0,0,0
0,0,0,0,0,0
0,0,0,0,0,0
0,0,0,0,0,0
0,0,0,0,0,0
0,0,0,0,0,0
0,0,0,0,0,0
0,0,0,0,0,0
