9107.2411134357 0
9137.50120543614 1
9137.50761397277 1
9075.31903235047 2
9051.72995134489 2
9087.80436254017 1
9096.60455201391 1
9097.28384607652 1
9099.21209918621 1
9099.67479838502 1
9126.16566498263 1
9142.62321951543 1
9151.79919906587 1
9150.46330391764 2
9176.86687162636 1
9182.05864340806 1
9204.09446675337 1
9225.98026568834 1
9233.52512869397 1
9238.25685811387 1
9250.70488442132 1
9271.91546604698 1
9247.24216819766 2
9219.22045525308 2
9228.25732509055 1
9228.88282395738 1
9246.82634767863 1
9238.16495124146 2
9225.29468484144 2
9205.86567205857 2
9206.44663772461 1
9210.32684690984 1
9219.96856914965 1
9220.45440248624 1
9222.21042607441 1
9221.92497566824 2
9245.47929514987 1
9202.02123193703 2
9162.54223870344 2
9176.11479416878 1
9181.05560362895 1
9172.3007486712 2
9172.76915732598 1
9219.03568541046 1
9220.91258119536 1
9221.14635426924 1
9236.69244827697 1
9229.01654022133 2
9232.60363425144 1
9242.15898439379 1
9243.26205307498 1
9261.06697393991 1
9261.72345789044 1
9237.99074337062 2
9206.67126345326 2
9206.69419036629 1
9208.29192790852 1
9208.350952306 1
9208.52352559254 1
9211.77812380777 1
9229.78886920366 1
9230.56922221272 1
9244.70374823537 1
9245.10668693874 1
9251.41351873027 1
9252.75553967758 1
9301.68259787336 1
9317.4307451299 1
9293.92634400184 2
9260.68559083184 2
9287.23726842567 1
9287.59854643046 1
9284.73538921126 2
9289.85762102236 1
9295.44524258661 1
9295.61648123343 1
9282.16473932853 2
9323.08273329498 1
9368.03566796536 1
9373.44826856958 1
9374.5030581122 1
9387.08299074398 1
9387.67588399426 1
9390.54319624884 1
9411.70308618436 1
9419.68776545713 1
9421.99983349259 1
9439.1981438909 1
9439.6791130515 1
9448.83104812861 1
9449.97392133587 1
9450.78556014231 1
9470.21787376753 1
9479.02441012588 1
9455.69335220331 2
9457.12182747327 1
9459.65803696304 1
9459.70504472507 1
9469.01577595228 1
9470.26737708632 1
9471.70422434018 1
9481.86313172676 1
9482.91050123239 1
9440.68723451167 2
9442.54642831308 1
9442.87086476499 1
9394.59035509622 2
9272.21522554256 2
9220.75026133175 2
9221.56442727266 1
9227.00308970889 1
9219.69446580983 2
9226.66291375255 1
9251.65783994478 1
9259.20681659103 1
9256.0047173434 2
9196.28620397844 2
9216.44157800994 1
9221.45768860003 1
9225.10186336979 1
9221.02962000314 2
9232.03432144019 1
9225.08274770731 2
9226.0803543655 1
9227.58248937933 1
9228.4626328134 1
9226.39127033856 2
9227.84676644771 1
9228.33799461547 1
0 0
0 0
0 0
0 0
0 0
0 0
0 0
0 0
0 0
0 0
0 0
0 0
0 0
0 0
0 0
0 0
0 0
0 0
0 0
0 0
0 0
0 0
0 0
0 0
0 0
0 0
0 0
0 0
0 0
0 0
0 0
0 0
0 0
0 0
0 0
0 0
0 0
0 0
0 0
0 0
0 0
0 0
0 0
0 0
0 0
0 0
0 0
0 0
0 0
0 0
0 0
0 0
0 0
0 0
0 0
0 0
0 0
0 0
0 0
0 0
0 0
0 0
0 0
0 0
0 0
0 0
0 0
0 0
0 0
0 0
0 0
