9107.2411134357 0
9108.13818616983 1
9107.76297879265 2
9015.7835818205 2
9000.97403616187 2
9009.26949374201 1
9015.93757010528 1
9019.91540144459 1
9025.59316419052 1
9027.59182672474 1
9055.40781925193 1
9064.1210592297 1
9068.19958305194 1
9059.85333032573 2
9077.12791441987 1
9091.41790525748 1
9109.13458534588 1
9110.84289233589 1
9117.55484415084 1
9120.30712107599 1
9133.30331377521 1
9147.79731230194 1
9145.19045397603 2
9130.61943314601 2
9099.80833731025 2
9088.12615937544 2
9090.01082839779 1
9088.56221755765 2
9070.46335604001 2
9070.5206327409 1
9081.99609231176 1
9082.16652101935 1
9086.37101257387 1
9081.00467018263 2
9083.07216262097 1
9081.89037812475 2
9090.77329852372 1
9091.25867725851 1
9105.13712058052 1
9106.66069955555 1
9108.55059483982 1
9126.27007769411 1
9130.71765901344 1
9130.84473695268 1
9139.58007854288 1
9146.43623579515 1
9150.49368338738 1
9151.3222809846 1
9184.27690699918 1
9196.62344087518 1
9200.44831491337 1
9204.81952360039 1
9203.92164754256 2
9151.07761936161 2
9153.41088711761 1
9163.22131503014 1
9163.60349661581 1
9163.65100979687 1
9164.90030704752 1
9196.28037370498 1
9197.14876754622 1
9192.28417448919 2
9198.0712487557 1
9184.60040498922 2
9195.2776705229 1
9201.38918687605 1
9205.17835266136 1
9243.52060719938 1
9245.77412193594 1
9248.14531554582 1
9270.45719403659 1
9271.58145062779 1
9254.46521883231 2
9260.74462296759 1
9263.23179976706 1
9264.92769145506 1
9260.73911185588 2
9302.20513082245 1
9303.11620566341 1
9312.59422423221 1
9313.06153806926 1
9317.95087770333 1
9318.91710829717 1
9326.84171201564 1
9359.61345623441 1
9367.28948570639 1
9368.41394877847 1
9368.59795149049 1
9378.11582988479 1
9383.71910744493 1
9384.04632881467 1
9389.14244985952 1
9390.58373724104 1
9390.6122748112 1
9393.54555606644 1
9393.7487620761 1
9394.89532015074 1
9396.06130965994 1
9379.06889798566 2
9381.73795383552 1
9360.37911687152 2
9368.80268024933 1
9389.42821653468 1
9400.81019130837 1
9405.77843762328 1
9402.65519979415 2
9411.22001384649 1
9235.59956813686 2
9158.1770090208 2
9139.76723411386 2
9145.84331339435 1
9147.69712367962 1
9150.44967146418 1
9151.34785784507 1
9153.12278909529 1
9153.1673293628 1
9122.5170329281 2
9051.34818239962 2
9031.4079998304 2
9032.06764032996 1
9033.4318130072 1
9074.7041169918 1
9074.84889247845 1
9075.67700904763 1
9077.13071000043 1
9068.92515611285 2
9069.29994625402 1
9067.18113599217 2
9063.28274560571 2
0 0
0 0
0 0
0 0
0 0
0 0
0 0
0 0
0 0
0 0
0 0
0 0
0 0
0 0
0 0
0 0
0 0
0 0
0 0
0 0
0 0
0 0
0 0
0 0
0 0
0 0
0 0
0 0
0 0
0 0
0 0
0 0
0 0
0 0
0 0
0 0
0 0
0 0
0 0
0 0
0 0
0 0
0 0
0 0
0 0
0 0
0 0
0 0
0 0
0 0
0 0
0 0
0 0
0 0
0 0
0 0
0 0
0 0
0 0
0 0
0 0
0 0
0 0
0 0
0 0
0 0
0 0
0 0
0 0
0 0
0 0
