9107.2411134357 0
9108.40585730885 1
9108.19179869609 2
9015.50741761125 2
8961.43728302715 2
8970.07207022579 1
9040.69630378349 1
9065.99764400637 1
9067.8300337299 1
9070.58761167015 1
9097.85340066627 1
9117.64565433456 1
9122.48714773619 1
9121.25371052777 2
9142.80033619164 1
9153.17393397416 1
9153.2385383393 1
9177.25929743358 1
9188.8844042781 1
9193.65521586304 1
9194.7213016907 1
9209.83225427903 1
9208.28485423412 2
9196.77415890219 2
9159.01093165316 2
9159.25744844595 1
9201.9749875625 1
9202.52194173408 1
9210.79880217177 1
9174.8067552007 2
9169.11276737944 2
9162.1886942896 2
9183.42550719811 1
9183.59494260542 1
9190.1270204112 1
9183.82631700035 2
9194.74308191711 1
9195.87096295306 1
9210.27350999161 1
9213.5110108315 1
9223.67953170658 1
9239.39750451834 1
9244.14386182581 1
9248.10500290541 1
9251.98410294728 1
9259.09124626952 1
9263.91741073289 1
9259.30967755928 2
9260.58501077715 1
9268.5359618758 1
9268.79117519316 1
9270.65946815765 1
9258.46406341423 2
9246.35490515443 2
9248.9951135137 1
9256.35244682792 1
9243.46377336812 2
9254.90722632177 1
9255.73072728612 1
9286.80720869078 1
9283.47993605352 2
9262.20959794105 2
9266.98903121628 1
9254.7671477281 2
9278.07081906262 1
9285.39392560649 1
9307.79626246718 1
9310.72102898784 1
9323.08424392465 1
9315.6379017199 2
9310.23697627241 2
9299.22590849623 2
9304.82098332473 1
9305.33746625601 1
9306.66993859696 1
9323.35635348518 1
9322.90680374819 2
9311.28027439918 2
9315.6424968074 1
9321.65798248864 1
9323.39339642351 1
9334.74901479563 1
9336.24699416709 1
9339.05430308275 1
9339.28463385468 1
9340.45543022027 1
9344.31114726276 1
9344.34307326114 1
9352.88363750888 1
9362.24351647992 1
9363.18083948902 1
9346.96513250402 2
9350.17909421389 1
9360.60054946783 1
9348.8960319224 2
9350.14056279235 1
9363.37099406455 1
9363.57943480402 1
9359.58217621423 2
9343.62288113864 2
9336.2735062707 2
9338.75164631289 1
9337.62297691344 2
9338.20603305032 1
9362.23695683882 1
9387.42210748874 1
9404.43387844228 1
9409.76497565013 1
9383.56691279899 2
9343.82815646029 2
9348.00854553848 1
9354.69928047745 1
9349.53360226964 2
9320.9429265205 2
9329.08492114153 1
9333.21535531063 1
9334.92336335884 1
9345.71016203174 1
9339.89107006217 2
9352.65513800914 1
9324.0245648411 2
9343.36467059367 1
9341.18009259674 2
9325.31205215412 2
9284.97100850084 2
9281.01348109918 2
9282.34167882372 1
9285.54670591247 1
9308.59160056057 1
0 0
0 0
0 0
0 0
0 0
0 0
0 0
0 0
0 0
0 0
0 0
0 0
0 0
0 0
0 0
0 0
0 0
0 0
0 0
0 0
0 0
0 0
0 0
0 0
0 0
0 0
0 0
0 0
0 0
0 0
0 0
0 0
0 0
0 0
0 0
0 0
0 0
0 0
0 0
0 0
0 0
0 0
0 0
0 0
0 0
0 0
0 0
0 0
0 0
0 0
0 0
0 0
0 0
0 0
0 0
0 0
0 0
0 0
0 0
0 0
0 0
0 0
0 0
0 0
0 0
0 0
0 0
0 0
0 0
0 0
0 0
