9107.2411134357 0
9108.97790486944 1
9107.92679901217 2
9045.08758891961 2
9028.65264993316 2
9046.53619826466 1
9060.72261974937 1
9039.37894746362 2
9033.89751979717 2
9045.95077473859 1
9048.40829737078 1
9051.39439913104 1
9063.40164513699 1
9063.56971107471 1
9107.51507950076 1
9109.99866662325 1
9141.89517382484 1
9093.0659605688 2
9125.14417408677 1
9125.31907075671 1
9129.30475258309 1
9148.62428827016 1
9149.00166633464 1
9157.72542784602 1
9132.71425292717 2
9126.15523691912 2
9139.64755364559 1
9122.02656234542 2
9134.88517766096 1
9135.12691125534 1
9135.41626382457 1
9292.85772217202 1
9306.46164622147 1
9309.36984967794 1
9310.66103945371 1
9310.92149129374 1
9320.33816551411 1
9324.05118546299 1
9332.5621570465 1
9334.72889218469 1
9342.52488894318 1
9341.10711103118 2
9328.84845065028 2
9339.25723647293 1
9345.0207006358 1
9346.03357561239 1
9349.9771544197 1
9348.83832837752 2
9349.15610538516 1
9349.45799073306 1
9353.41828982489 1
9354.2270350397 1
9358.46530080521 1
9345.97092862731 2
9290.54086255709 2
9290.8616788629 1
9293.92504445112 1
9295.54831307974 1
9295.93314883337 1
9332.72330939051 1
9352.71623261233 1
9352.90898228889 1
9354.9112601641 1
9343.01088573451 2
9335.87703589678 2
9310.53548270329 2
9336.31328597297 1
9342.07252173439 1
9347.55969859773 1
9347.84915458173 1
9214.4377992767 2
9218.03275949051 1
9205.32422913778 2
9202.36795894925 2
9196.20667452528 2
9196.72772920716 1
9196.75231495712 1
9200.76705462655 1
9237.25066115519 1
9297.79034069517 1
9302.01635514792 1
9309.93036984996 1
9314.0596635488 1
9301.21076115983 2
9334.57771256317 1
9335.43210491728 1
9327.70908412962 2
9324.39245350085 2
9328.60094102812 1
9339.4414303158 1
9340.63951411761 1
9340.75703684555 1
9349.55111238955 1
9359.83464806086 1
9338.80672043004 2
9343.68639816181 1
9372.78136580552 1
9373.80650286959 1
9368.6903083865 2
9369.48049776781 1
9356.37372219397 2
9370.51217685318 1
9372.54547563146 1
9380.07494514652 1
9381.53481788762 1
9335.42854951418 2
9337.52096435439 1
9230.1394328748 2
9316.07675146926 1
9316.51492837366 1
9325.54812065057 1
9323.24656914159 2
9356.74271500156 1
9357.37807723421 1
9366.36295652806 1
9368.59113389799 1
9256.17928710392 2
9237.62398905016 2
9240.80705252964 1
9229.6396291041 2
9232.83514034687 1
9220.8177266086 2
9231.15381252824 1
9231.37459069535 1
9191.52074699606 2
9206.63566072835 1
9206.45367517016 2
9201.49091615174 2
9203.05275356209 1
0 0
0 0
0 0
0 0
0 0
0 0
0 0
0 0
0 0
0 0
0 0
0 0
0 0
0 0
0 0
0 0
0 0
0 0
0 0
0 0
0 0
0 0
0 0
0 0
0 0
0 0
0 0
0 0
0 0
0 0
0 0
0 0
0 0
0 0
0 0
0 0
0 0
0 0
0 0
0 0
0 0
0 0
0 0
0 0
0 0
0 0
0 0
0 0
0 0
0 0
0 0
0 0
0 0
0 0
0 0
0 0
0 0
0 0
0 0
0 0
0 0
0 0
0 0
0 0
0 0
0 0
0 0
0 0
0 0
0 0
0 0
