35164.2834388021 9116.85614906285
35163.4713495347 9118.4677984328
35167.6272335924 9119.34809569787
35184.0505546146 9121.34363008326
35202.4612442445 9126.32118437143
35141.1548341185 9114.83416737056
35122.0759415342 9107.77880786963
35119.0910657931 9108.36597300857
35110.2122617647 9107.85399193951
35073.59623331 9100.30579710173
35069.7751317219 9100.71088920207
34964.6433919284 9085.30803280155
34905.9215867882 9070.50261478674
34893.8666923594 9067.87942721287
34734.5765292349 9040.80604413557
34685.3141922955 9038.83405536937
34721.5736813226 9048.52181817817
34756.6546105083 9055.90561139207
34754.8769966062 9053.65154194233
34774.3429477006 9059.77717263453
34729.7336604252 9046.85660401159
34603.9527191903 9015.27764181079
34583.6824102113 9009.68942825133
34561.959237584 9009.03341664313
34639.2001611341 9020.08019517244
34609.5289904929 9011.60221144735
34543.0825003414 8998.68739785916
34562.4519574788 9002.36935385087
34554.3436738703 9003.82063036736
34540.3750139095 9001.58404502925
34513.5086910477 9002.57833036939
34493.8925849316 8998.27783611007
34505.8507482076 9001.01023034218
34506.0932429583 8999.7718947013
34496.6573467987 8997.73908692715
34498.2486185332 8998.14028132622
34409.9834296078 8986.40824708983
34377.8285876452 8982.61808150505
34395.2011036489 8994.58255120333
34369.7091398597 8990.82458928316
34336.2452551027 8987.46143072344
34442.0332909285 9011.23068388459
34372.0563189186 8993.29195224271
34409.0776842563 8997.57456054885
34403.6401039694 8995.41859520899
34404.0787196078 8993.91253411198
34341.768822979 8985.90457424945
34341.711852088 8983.64246327773
34312.7424901436 8976.98819190348
34263.2588519583 8967.96374835563
34260.7655416915 8967.35469917501
34235.0684346582 8964.59095226024
34248.7011681676 8964.48893467524
34310.3228064176 8970.99918954932
34323.6923552758 8972.90325230187
34330.1716646959 8973.53185350041
34319.7487272059 8972.7901467409
34319.8169907605 8974.3453216267
34318.8600085923 8973.37025715979
34328.7228525101 8977.08301443896
34298.130402175 8973.50483269451
34298.0399927291 8971.70054178312
34273.9248367513 8960.87298007581
34262.460477351 8954.5623452724
34257.1099835945 8957.10399582014
34218.1768473908 8950.27242648013
34191.513091504 8948.19721779998
34153.7735005888 8946.12706169955
34153.9918262754 8944.64399677107
34138.5189681038 8938.08815372554
34096.32675836 8929.94753062775
34095.6693041045 8928.83112844036
34119.4025520531 8936.61829432628
34142.9745909373 8936.53841419577
34141.2862681266 8935.98205879331
34134.6569948847 8938.04812082344
34135.971542749 8938.42913803947
34148.4268432352 8946.49281716399
34109.1703438808 8937.17570034628
34110.1456194077 8936.14277706014
34099.6058015668 8932.44402668702
34058.0366581078 8920.24358016361
34067.2888127139 8920.86582450855
34082.2853055658 8924.44934809376
34140.0025213975 8943.01761949017
34107.5842431655 8940.22358287836
34077.6268388137 8938.17377752749
33977.4060865953 8920.37624505713
33976.8925540911 8920.28893978681
33977.8261036497 8913.88545982699
33972.4016137144 8913.49166110749
33977.65511139 8914.28951865989
33975.2079929179 8911.84772613312
33966.9945071719 8914.07587640335
34068.0314231116 8935.81444540198
34057.5755541038 8931.87584575883
34023.3122679195 8924.39141958259
34023.3093791994 8924.4033974982
34018.107485898 8920.49114307097
34009.7920023124 8914.799761814
34018.9258164505 8915.49949214068
33993.7644363272 8905.35063715756
33992.6212146006 8905.72815254017
34024.4234632779 8907.94856156218
34010.9261804258 8904.11851543926
34037.9417193936 8909.82456370944
33960.0262653445 8891.32398694785
33946.9967058325 8881.57538506331
33925.836793697 8872.84939060181
33918.2970880072 8871.98169087936
33924.8122494407 8867.61209366767
33962.0361606907 8876.72826857902
33978.3896367735 8878.82716227622
33938.5050487358 8870.18133639491
33888.6300254049 8866.49526151952
33906.499112967 8870.64706219907
33913.6922766997 8874.21812858709
33925.5129574399 8874.17303319046
33923.1927470142 8873.37886230641
33899.1234962513 8869.10701393482
33867.3131188808 8862.07076839892
33894.1492480316 8868.66997176741
33907.6921381251 8874.17831381258
33907.1831510225 8873.68773970557
33976.8594316562 8884.87585863029
33983.9333332703 8887.25397949502
33995.9922189676 8889.57496323238
33992.9341084778 8888.92404455126
33994.1845857826 8888.87543007208
0 0
0 0
0 0
0 0
0 0
0 0
0 0
0 0
0 0
0 0
0 0
0 0
0 0
0 0
0 0
0 0
0 0
0 0
0 0
0 0
0 0
0 0
0 0
0 0
0 0
0 0
0 0
0 0
0 0
0 0
0 0
0 0
0 0
0 0
0 0
0 0
0 0
0 0
0 0
0 0
0 0
0 0
0 0
0 0
0 0
0 0
0 0
0 0
0 0
0 0
0 0
0 0
0 0
0 0
0 0
0 0
0 0
0 0
0 0
0 0
0 0
0 0
0 0
0 0
0 0
0 0
0 0
0 0
0 0
0 0
0 0
