35164.2834388021 9116.85614906285
35176.3834127639 9118.85043615055
35196.6957815838 9123.29082994882
35091.5093004215 9099.07682219988
35112.2624077694 9104.87939015118
35071.9614369569 9093.73891181347
35058.686076088 9088.54610020711
35082.5420406381 9091.90826143434
35063.8495085131 9092.0150672693
35041.8606648631 9089.56185420476
35032.8658496398 9089.57150899122
34972.2100721123 9081.19149577425
34950.7513092138 9073.88245702339
34928.4077926289 9070.07715031266
34815.8800912346 9046.51628149115
34755.3854773963 9034.46575622207
34759.3416613452 9035.97329904287
34788.8094826966 9041.20945840181
34782.5836075896 9037.60779958768
34771.3965886542 9036.38547294674
34716.7194381634 9022.71866491602
34647.4678243258 9008.81128513454
34657.8086846815 9009.99651126747
34694.6538367201 9018.74268151368
34779.3786846695 9039.90799211616
34756.695795637 9032.49069872833
34736.5511692364 9029.23196579477
34745.5533482258 9031.55307047614
34775.4585589511 9041.31024658395
34762.4096972343 9039.27567048681
34780.3758332506 9040.69227518898
34782.3211049121 9040.86449858556
34760.6486133379 9035.47263854607
34765.9547679012 9040.53149228502
34739.7760424939 9038.22278097555
34742.5170202755 9041.47224737343
34722.4084523888 9045.22575057149
34722.9016347077 9044.75777279472
34699.7686257193 9040.05115055368
34692.6563906374 9037.99304931341
34677.9374224727 9036.06325613383
34717.2055073983 9044.68637645289
34725.6681522798 9044.6086392008
34730.0180472654 9045.36182194939
34709.2575529798 9038.93422060285
34678.968143271 9030.42506649629
34645.7841693308 9028.22472241432
34614.8732477937 9022.05491315143
34644.764044646 9032.15124860959
34594.8524571191 9027.7394873038
34615.5579857178 9034.56728985999
34599.8959082157 9032.5108469294
34595.5916626027 9032.82172970448
34602.0598322495 9029.58077164742
34616.4323094295 9030.6156223313
34629.4705062498 9033.54885142936
34626.6719722292 9033.57952211379
34626.6489489219 9033.6172254475
34647.5622060924 9039.45302875647
34648.421073525 9039.69846186496
34634.2435315656 9037.57425590397
34662.7937731373 9042.4550538509
34662.4053068558 9037.99166907429
34649.9057219258 9029.84082465024
34654.9255898623 9025.61531135534
34625.8109475662 9013.29949408563
34610.0332265937 9010.43551908834
34557.4672482552 8997.5975487195
34546.281463343 8994.3997649987
34518.1411510774 8987.68787376943
34519.8600725695 8989.01707907579
34512.6625946749 8987.32337118413
34539.8451892093 9000.29257079738
34579.0888496926 9010.96062699889
34657.2863530487 9028.42100146998
34612.6846182639 9029.02682557837
34568.281662772 9023.14760592057
34541.941442304 9018.64649614691
34544.7581850239 9020.1767946356
34547.759803372 9019.9453621585
34561.7166250343 9020.65081094306
34584.0976594627 9019.64982136354
34588.4214836922 9019.84865260925
34613.4797430414 9026.34187952209
34646.2404046918 9033.77579979164
34637.4978137872 9031.86482384836
34646.3490014096 9029.53342678281
34645.3100664827 9029.25583518521
34667.1917595383 9033.51108690932
34661.8325279596 9030.72902446932
34631.5788934451 9022.56336971658
34609.72039595 9019.57922476938
34595.7300784473 9014.2963225279
34602.1414988125 9010.93688258526
34597.7974365885 9001.9623565995
34595.9739342539 9001.48550135876
34571.3232461712 9002.38192601579
34567.7150567988 9001.7053642013
34619.9562949057 9010.61996507957
34611.4452602168 9004.27364717211
34687.9289999845 9014.75358730336
34689.8347897813 9012.63369994362
34712.2506384635 9017.73579561301
34682.5902164593 9009.467550032
34688.8565220201 9012.35248296254
34711.2951430006 9015.89056525467
34732.4848198621 9022.70354642965
34713.7439110694 9014.93344712491
34690.2711717701 9012.32668946323
34655.9231193648 9008.45900439695
34645.2047900057 9003.52426123639
34637.3327403061 9001.72977757385
34650.7797332574 9003.363605173
34607.0654232736 8995.83416754018
34597.0454642802 8995.34141894138
34596.1390909751 8994.26475997792
34592.329765054 8993.51709998911
34645.602423812 9002.40412550971
34657.6549006447 9000.34290352055
34661.1250555962 9002.44901801575
34655.1761129355 8998.89145030524
34644.695524429 9002.61284129613
34643.0530523538 9002.62969635711
34639.2064712336 9002.18389706647
34639.865920102 9001.38104428044
34657.4517999069 9006.11057063004
34658.6873936946 9009.72807952016
34675.3752890883 9007.50767387058
34697.3413802676 9008.99002077072
0 0
0 0
0 0
0 0
0 0
0 0
0 0
0 0
0 0
0 0
0 0
0 0
0 0
0 0
0 0
0 0
0 0
0 0
0 0
0 0
0 0
0 0
0 0
0 0
0 0
0 0
0 0
0 0
0 0
0 0
0 0
0 0
0 0
0 0
0 0
0 0
0 0
0 0
0 0
0 0
0 0
0 0
0 0
0 0
0 0
0 0
0 0
0 0
0 0
0 0
0 0
0 0
0 0
0 0
0 0
0 0
0 0
0 0
0 0
0 0
0 0
0 0
0 0
0 0
0 0
0 0
0 0
0 0
0 0
0 0
0 0
