35164.2834388021 9116.85614906285
35169.0051744203 9118.15839912905
35177.4330862287 9119.96196136362
35160.217257088 9115.97908662145
35165.8240128724 9114.03647870652
35134.5361069471 9105.45403778171
35315.6958892232 9190.91902622118
35279.6777357238 9182.6485960663
35260.2472182037 9180.62752927744
35224.2590868603 9170.83891271059
35220.352602965 9171.1613046645
35138.2414731618 9151.66911625115
35114.3792666092 9143.03052808205
35106.0677775284 9140.79884461349
35054.9618896035 9134.15075299316
35000.6501891514 9123.73548789912
35000.1631576718 9123.6913912546
35007.9309664376 9127.10341543594
34999.393707898 9122.98956573737
35003.7087474409 9124.04577795493
34979.2540394824 9122.21630523981
34889.7048803175 9103.91944929984
34895.0165883707 9104.5802613036
34893.881889534 9105.16318473105
35000.7234389622 9121.03706154159
34979.9742336111 9114.35392021475
34928.7936189295 9105.58406225847
34914.6554261242 9101.84473944633
34880.7259162158 9093.04208212934
34912.8791249331 9098.07745416192
34922.5539232804 9100.71984710158
34914.508641259 9114.37823069189
34954.0776948989 9125.28764032475
34955.0303145289 9124.97760392148
34917.5488864628 9117.73211875526
34947.4644513543 9126.79681491394
34902.1043232309 9118.46651590607
34902.1304014655 9117.62698578547
34887.100917811 9115.34680921998
34873.5223004175 9111.00679935225
34812.2225387619 9100.22205749375
34891.0650601443 9116.78746127282
34901.0146207022 9117.96789420408
34899.0777715554 9118.90803603941
34888.27703605 9118.79299003262
34860.1062688927 9110.64584960779
34828.7188754111 9108.49685351611
34815.1162234649 9099.77239653278
34799.6067493776 9093.83541136742
34764.9067158099 9087.41038545085
34764.3663153731 9088.60572341143
34757.0299030065 9089.68819555399
34808.2553347573 9104.379727745
34832.180320773 9103.1179048953
34846.758564872 9104.56385729438
34853.4508056227 9106.78406387627
34828.3776651391 9106.73469361416
34865.3060344693 9114.41548810463
34858.6446010304 9114.17028911745
34861.6593387224 9115.70195385817
34859.9040164153 9114.81791512299
34846.7912905825 9118.67063719438
34838.6098172646 9120.69880257283
34836.9627424199 9118.47626554707
34775.4988972909 9101.97332329666
34740.0803077523 9095.13147105279
34739.0568086121 9099.52489643984
34737.4406320453 9100.15120549453
34724.3173623523 9096.40119242027
34728.4198155087 9097.66783676278
34701.6228955002 9092.34190988182
34690.7998979181 9089.26583061405
34693.2552768268 9091.69804854108
34705.812644467 9089.73444533073
34700.8420599436 9089.65651677478
34634.5485011245 9078.58891540297
34634.7646130259 9078.80047320488
34616.4425478431 9076.05011294689
34584.1907542495 9069.79988939309
34576.8392389618 9067.08669258849
34567.5425883469 9071.68261522738
34520.7060686113 9060.40173844465
34526.3214161022 9060.58686533798
34478.6277043927 9054.54310108048
34485.0270731584 9056.25826872506
34465.2746953591 9057.39519081192
34446.3901809998 9053.60020672446
34446.2196650989 9053.5556163482
34429.9774735792 9050.14617549599
34416.9471830017 9042.01755525366
34415.2932352787 9039.79439119097
34473.1549964856 9052.79306203081
34474.3053906853 9045.38268580734
34485.3982265157 9053.5131909816
34513.0723532491 9061.2282108906
34552.6659500865 9066.81902561118
34486.1014011136 9052.78094880903
34511.449751004 9060.52328616904
34518.6969721698 9063.71998572726
34563.5266584254 9070.36631259237
34603.6953470249 9076.54847763343
34585.1145456139 9065.11816486969
34590.3495583282 9065.54566315069
34578.6835793927 9064.34555597945
34621.5881289144 9076.73522296869
34646.1370962541 9080.40611375938
34497.1146593086 9052.22176590518
34468.2779081489 9047.95703274475
34458.4415610478 9045.16248972418
34454.6835277386 9042.99421763968
34422.8529057008 9036.96942535103
34384.1941984198 9031.17762988667
34397.8936705398 9030.14486760348
34381.9005670353 9028.4416508571
34350.7519145525 9023.07416282195
34329.7334951116 9023.80070789024
34341.6016697673 9029.47997255535
34399.3586127306 9037.78045154468
34423.4525899099 9040.72013615521
34396.8925149409 9035.82180936449
34377.4634890925 9032.55121425705
34375.7676148336 9035.19861220131
34383.2869480044 9038.40696612236
34394.2032074814 9041.55800378593
34380.7560903655 9029.05970815088
34350.3371339881 9022.18054266926
34317.5675814403 9022.10858883608
34327.3569149177 9023.96267283807
34291.8269760085 9011.70975628643
0 0
0 0
0 0
0 0
0 0
0 0
0 0
0 0
0 0
0 0
0 0
0 0
0 0
0 0
0 0
0 0
0 0
0 0
0 0
0 0
0 0
0 0
0 0
0 0
0 0
0 0
0 0
0 0
0 0
0 0
0 0
0 0
0 0
0 0
0 0
0 0
0 0
0 0
0 0
0 0
0 0
0 0
0 0
0 0
0 0
0 0
0 0
0 0
0 0
0 0
0 0
0 0
0 0
0 0
0 0
0 0
0 0
0 0
0 0
0 0
0 0
0 0
0 0
0 0
0 0
0 0
0 0
0 0
0 0
0 0
0 0
