35164.2834388021 9116.85614906285
35172.2646983042 9118.76595218888
35199.0548613567 9124.64480090672
35214.9557435498 9124.12362669278
35205.8548220716 9122.01525203824
35131.9839367113 9103.56034325323
35093.0737042518 9090.9854516165
35033.094494635 9077.58991107151
35024.0361875751 9078.70658680811
35004.6893497427 9091.43339295866
34996.5768788834 9091.70000103684
34975.7900956072 9088.60157733881
34910.0427716808 9069.83473049078
34895.7062346354 9067.0674626078
34831.328354675 9045.66294584519
34800.6121889719 9045.9511866757
34775.8174229607 9050.23702911379
34788.754409853 9051.25756543516
34792.5198262641 9050.82060868114
34802.8731752696 9052.67842719006
34773.1240706643 9049.25087337946
34651.243389692 9017.15111964713
34687.9952771766 9020.73852178182
34738.9092661967 9030.46376638568
34795.6138294908 9046.02884933989
34808.2757233229 9045.24592727449
34771.1932150292 9041.12769288238
34773.9123653246 9040.81698618239
34723.576436844 9034.29562482948
34746.0571813957 9039.39895818555
34741.3797987816 9038.90643692687
34741.9754560628 9052.01227927112
34749.7977085922 9054.07219709506
34702.7852111543 9041.55970747946
34688.2709427133 9040.56221508526
34686.9346239666 9041.55920332848
34594.4260065468 9021.82557875447
34598.1837131054 9022.04463884138
34593.5204721557 9021.61391265635
34591.0311032902 9019.41915230452
34545.8101366685 9014.4847107086
34550.6731467325 9014.72540153272
34579.2729896009 9022.80899799249
34567.2229066889 9023.47930782572
34539.4189593488 9018.04367510987
34538.1568317457 9014.67173123363
34515.7299496819 9013.42227606187
34476.3264897765 9002.03131374933
34381.8586107512 8985.24619741856
34380.0731329533 8985.00021382109
34370.4631561117 8985.1877819802
34356.1186635656 8981.77759151476
34350.1423865394 8976.74663110409
34364.0774082778 8985.55330298992
34455.3244349288 8997.84753783915
34396.9090185878 8973.65424201617
34395.8095492027 8976.95495413714
34396.0522878468 8976.93883898637
34349.1522452274 8970.9230209892
34383.8583369183 8981.10679593974
34369.4903089592 8978.58262665671
34371.9063037052 8978.16987195894
34362.0579448329 8978.98922586918
34345.8359519951 8972.87582654979
34345.302301479 8978.95422411678
34317.0901707633 8976.11891358325
34335.9902416571 8987.90484133078
34336.4428929295 8990.10845057554
34323.2097462738 8986.25835705308
34318.5895827375 8982.97345827218
34317.7753278802 8980.04944248735
34313.8642588382 8978.44267210001
34360.372357258 8983.48158033844
34351.4113771763 8978.76128012317
34364.7213358535 8981.81635262457
34409.9923693976 8993.01827748591
34408.0366764717 8993.37084044434
34387.4797762733 8989.39441150757
34408.2830356722 8995.27454861586
34394.8632821047 8993.02572722001
34364.0124356822 8985.25377309212
34329.5274145877 8977.21822571004
34325.1638695043 8976.2845896872
34334.0968674316 8979.17171024064
34349.0651425538 8985.51322545788
34361.3819510448 8993.05183047208
34380.6253989486 9000.29221714196
34395.3056023737 9004.05022343143
34383.6856901896 9001.8999424313
34375.2097269152 8997.40813150181
34369.381199163 8995.96181463403
34363.0691421588 8997.51971407187
34343.3507541537 8986.15541662001
34331.7290456963 8985.03307498763
34367.8200856576 8989.85649447233
34375.9026059454 8993.28293464868
34277.6754527238 8969.46348624762
34287.8131684168 8970.59661959776
34315.8717152763 8969.61729535502
34292.7911378634 8962.54025210216
34366.7513242398 8982.15307495314
34275.117599445 8959.29733960712
34260.0574424464 8957.45497056037
34278.0999530648 8959.47885199608
34291.1310811668 8968.58826789742
34340.9365920728 8977.62160986649
34321.9258034779 8982.33210282018
34299.4258029204 8972.33164382004
34272.3061628892 8966.40084651658
34240.0536286947 8963.68919343198
34288.9820516076 8971.7166544026
34299.901327675 8975.3242991985
34255.7698481918 8974.6459637048
34261.458865246 8976.62383938589
34274.9967036617 8979.22747704914
34278.5593105914 8977.52363074621
34280.7955880782 8978.33880694553
34261.4292793543 8967.38065137759
34284.6810710974 8972.93587609371
34265.3253064827 8969.69237819346
34269.032152913 8968.85369039327
34301.873039174 8975.06230863288
34279.1717126663 8973.44916474535
34253.0716973758 8970.52646681434
34282.3075205256 8972.93176263772
34296.442237941 8976.51898711429
34297.7331622994 8976.69518127998
34282.1516826504 8971.21230612124
34226.3607444538 8954.05491066328
0 0
0 0
0 0
0 0
0 0
0 0
0 0
0 0
0 0
0 0
0 0
0 0
0 0
0 0
0 0
0 0
0 0
0 0
0 0
0 0
0 0
0 0
0 0
0 0
0 0
0 0
0 0
0 0
0 0
0 0
0 0
0 0
0 0
0 0
0 0
0 0
0 0
0 0
0 0
0 0
0 0
0 0
0 0
0 0
0 0
0 0
0 0
0 0
0 0
0 0
0 0
0 0
0 0
0 0
0 0
0 0
0 0
0 0
0 0
0 0
0 0
0 0
0 0
0 0
0 0
0 0
0 0
0 0
0 0
0 0
0 0
