119.197447820803 120.43925572554 54.7539403844206 54.8681040126349 78.7086609307036 5.56172839506173 0
119.175516994385 120.406655605425 54.7427243332094 54.8568580228053 78.6871041871323 5.56172839506173 0
119.154691710731 120.385673213963 54.7466027367976 54.86199075519 78.6702888875828 5.56172839506173 0
120.205538608681 121.676442833099 54.4261825392586 54.5297485361762 78.752230128053 5.56172839506173 0
120.643387416134 122.436686500019 54.3930429266047 54.4899097661234 78.8426121510633 5.56172839506173 0
120.645918577368 122.434119161572 54.5531303252396 54.66278094574 78.8846486439255 5.56172839506173 0
118.554626332283 120.348083722353 49.6753728794804 49.9216149777962 75.925372904848 5.64814814814815 0
118.360235873065 120.120306919569 49.863863679493 50.1185514611766 75.9523604102373 5.64814814814815 0
118.294248366818 120.122472012112 49.8241355777759 50.0940357691244 75.8869377141483 5.64814814814815 0
118.366542441111 120.214128535756 49.7669836073126 50.03614487944 75.8755669607586 5.64814814814815 0
118.058853481239 119.84963990595 49.8713894248005 50.1397187026839 75.8317785770156 5.64814814814815 0
118.052874360856 119.844188919451 49.9231445046984 50.1533110354765 75.8290923470386 5.64814814814815 0
118.103814101801 119.893757129594 49.9330405767637 50.1127375409766 75.8921364567511 5.64814814814815 0
118.13769530193 119.939245429685 49.9443288948659 50.123645151372 75.9083145260783 5.64814814814815 0
117.752247254375 119.743676816706 50.0064385341815 50.1945922311117 75.8706801297612 5.64814814814815 0
117.751891729834 119.74450663292 50.0152814144498 50.1771022394846 75.8686584856366 5.64814814814815 0
117.751379444245 119.744240210945 50.0148711305425 50.1767002496198 75.8680368361363 5.64814814814815 0
117.516175651453 119.386171684222 50.040688747602 50.2049100996405 75.7889625123338 5.64814814814815 0
117.590746826767 119.288899961002 50.095866195446 50.259894194731 75.8579331347094 5.64814814814815 0
117.517674338822 119.2131961628 50.1385573320289 50.3052413347784 75.8427665079151 5.64814814814815 0
117.52949613177 119.223279532961 49.9181780406538 50.1634185109666 75.7988437251079 5.64814814814815 0
117.600756861377 119.266884136865 50.0709652503773 50.3714995418572 75.8656477420566 5.64814814814815 0
117.615216630523 119.278268394664 50.0715245613258 50.372275174127 75.8660064618132 5.64814814814815 0
117.741195344049 119.419911346402 49.9938024624169 50.2910447575888 75.8823580226939 5.64814814814815 0
118.019888084148 119.703597390992 50.0086378257477 50.3012582326764 75.9571513128125 5.64814814814815 0
118.127599320046 119.788146472091 50.0920538861639 50.5491640787332 76.058236220291 5.64814814814815 0
118.149980247223 119.34690017129 50.0977108548722 50.5625653692705 76.0304270128615 5.64814814814815 0
118.158181066517 119.388835288044 50.141865571886 50.5947108797782 76.0651645639523 5.64814814814815 0
118.163888276032 119.397024321572 50.2454102558148 50.631965126125 76.0922717399041 5.64814814814815 0
118.171242042483 119.799069427221 50.2397739585016 50.6267421577666 76.070611990676 5.64814814814815 0
118.128637976242 119.838658995321 50.2150832883122 50.6027234797258 76.035308001291 5.64814814814815 0
118.038903184141 119.749503418068 49.9343731398439 50.3310436493982 75.8070938600506 5.64814814814815 0
117.634779900831 119.329749697664 50.0528451869554 50.3501416710565 75.7023753965134 5.64814814814815 0
117.636603669483 119.331602442106 50.0569334981624 50.3549891538655 75.7048472716936 5.64814814814815 0
117.646366578033 119.34154546861 50.1322517531027 50.3844760443912 75.7239942896943 5.64814814814815 0
117.610284159848 119.304810707583 50.0206891272066 50.4649016404694 75.6665132682348 5.64814814814815 0
117.577275086065 119.272025224311 49.8775755872385 50.060791183947 75.6780852575258 5.64814814814815 0
117.585948950001 119.268377360376 49.8934611540741 50.0767230935004 75.6969789605161 5.64814814814815 0
117.433955802151 119.111659642217 50.1437314059665 50.3267254712758 75.6766256066221 5.64814814814815 0
117.450279732978 119.126524109649 50.2006105768266 50.4165847413801 75.7002972134301 5.64814814814815 0
117.459885437265 119.136216786229 50.2826460032522 50.5024972273977 75.7203306696421 5.64814814814815 0
116.994709737421 118.717438547551 50.3951124693236 50.6214216024589 75.6152332850848 5.64814814814815 0
116.917004572775 118.641122160608 50.5156150389108 50.7459308257649 75.6089100688707 5.64814814814815 0
116.88023897019 118.57807945637 50.4987152947922 50.7290154497111 75.570387494747 5.64814814814815 0
116.832582827277 118.529858357026 50.5138153279275 50.7394154555242 75.5427049419588 5.64814814814815 0
116.846131425531 118.544789822691 50.6749141944059 50.8166567938963 75.5868243454165 5.64814814814815 0
116.812512848919 118.510986364892 50.6354324210915 50.7779355470928 75.5331759051674 5.64814814814815 0
116.982779775909 118.68364088458 50.6628916152534 50.8086997171969 75.6448332729451 5.64814814814815 0
117.042867734328 118.74476913568 50.7090358577072 50.8546170572969 75.7006708403504 5.64814814814815 0
117.024621518009 118.72678823025 50.7096511567872 50.8621223774192 75.6815517898679 5.64814814814815 0
117.024858678735 118.707904548126 50.6894392829595 50.8425568384771 75.6417937400204 5.64814814814815 0
116.967808693356 118.669847809538 50.6559701974087 50.8089417745895 75.5965175923648 5.64814814814815 0
116.93224396633 118.634414634327 50.5781174506975 50.7329617492664 75.5454241833746 5.64814814814815 0
117.095567928777 118.806245924912 50.5189508638681 50.7197047159654 75.6271136678011 5.64814814814815 0
117.05363424789 118.753468647132 50.5710878027587 50.781874015665 75.6216896563544 5.64814814814815 0
116.852707109257 118.630149732097 50.7288488910564 50.9574506144931 75.582258770392 5.64814814814815 0
117.009479473763 118.796206345187 50.2450732973123 50.4507226632916 75.5166338758548 5.64814814814815 0
116.782115713118 118.549331137698 50.3475562332074 50.5222432492121 75.4044122734732 5.64814814814815 0
116.774729286529 118.541972620382 50.3412331394326 50.5246760588847 75.3925357027718 5.64814814814815 0
116.300617834805 118.125443777489 50.3770021336192 50.5608433262166 75.3356880035183 5.64814814814815 0
116.321965571019 118.179241867284 50.3846963959594 50.5685426264031 75.3450778192403 5.64814814814815 0
116.331039853384 118.400589852319 50.1337984063188 50.3498585551778 75.2936442100261 5.64814814814815 0
116.24660325362 118.313209853696 50.4094390887614 50.6437670812207 75.2405069292755 5.64814814814815 0
116.472956425648 118.498330504309 50.2476879576233 50.5105357785924 75.2803334478756 5.64814814814815 0
116.455171813062 118.415010695607 50.2614595361966 50.5119525981116 75.2543030474251 5.64814814814815 0
116.468024980718 118.410628347993 50.1109847436785 50.3437581027866 75.1424754168547 5.64814814814815 0
116.220331146265 118.068600089157 50.1070606616756 50.34428700512 75.0437935645472 5.64814814814815 0
116.21386466716 118.023387926169 50.0963564547556 50.3288638802585 75.0299707779268 5.64814814814815 0
116.327045496424 117.915469621874 50.1484419721834 50.3807720537916 75.0740211521443 5.64814814814815 0
116.406358812309 117.993293739601 49.980710302716 50.2350128838415 75.07315881613 5.64814814814815 0
116.557279117599 118.130898174557 49.9281650629562 50.1905435230987 75.0973789756234 5.64814814814815 0
116.445168252405 118.310801487041 49.9818158358006 50.2899791838491 75.0999562994017 5.64814814814815 0
116.366466179766 118.208028545829 50.2574677959638 50.5895250182065 75.0906435847847 5.64814814814815 0
116.38307234339 118.227001919258 50.359240099047 50.6994182952916 75.1463530893716 5.64814814814815 0
116.368646404694 118.211088349997 50.3537035515082 50.6933619916754 75.1327958589065 5.64814814814815 0
116.297394012628 118.14337267581 50.3121972073889 50.680867389612 75.0547673986531 5.64814814814815 0
116.297316139032 118.146316382354 50.3086180759322 50.6771780619671 75.0507106499587 5.64814814814815 0
116.314228431525 118.329686936661 50.3272791411206 50.6112306480391 75.0596232908112 5.64814814814815 0
116.370099723816 118.355782596805 50.4070524436265 50.8010662028413 75.0848545302082 5.64814814814815 0
116.427634309871 118.314798250271 50.4400296041191 50.834580720954 75.1139746511447 5.64814814814815 0
116.342371555712 118.232845837828 50.5236136338308 50.8410954566691 75.0358771586315 5.64814814814815 0
116.341583839802 118.236046540401 50.4097557493913 50.7962207342856 75.0124924992026 5.64814814814815 0
116.341468873808 118.214660414379 50.4220438498051 50.7640158560462 75.0157867926681 5.64814814814815 0
116.409148410252 118.258007920503 50.3518150240796 50.6784566640971 75.002267782218 5.64814814814815 0
116.333757469933 118.23269500446 50.3414166387779 50.6682987183698 74.9746658653821 5.64814814814815 0
116.296286125294 118.203035710791 50.2726357221711 50.5966961304225 74.9131309300878 5.64814814814815 0
116.299043496324 118.203788467538 50.2837970672433 50.5856739903872 74.9202606079202 5.64814814814815 0
116.299216641402 118.203966783761 50.2841875629104 50.5867848981634 74.9204403675346 5.64814814814815 0
116.306731576082 118.140519149243 50.3111020787212 50.6136518844481 74.9334541333242 5.64814814814815 0
116.318937386518 118.12850860899 50.3115803317398 50.607930827296 74.932095903464 5.64814814814815 0
116.334512121741 118.145731612639 50.3358377350912 50.6324711899516 74.9522958576016 5.64814814814815 0
116.365846887626 118.18076160998 50.321263410001 50.6529223707327 74.9759176185449 5.64814814814815 0
116.425134173537 118.236924634828 50.3426057043708 50.6450148146986 75.0302360134954 5.64814814814815 0
116.765946544023 117.99922327113 50.2457847040651 50.5104725129152 74.983062229454 5.64814814814815 0
116.823387767627 118.046360407488 50.0749331368572 50.372994382459 74.9728624420922 5.64814814814815 0
116.714867351278 117.957867609145 50.1972992443576 50.4697009718905 74.9206849330287 5.64814814814815 0
116.77981031312 117.973851177283 50.2685894685352 50.4700220249098 74.9653263971699 5.64814814814815 0
116.684038345217 117.870417008397 50.3087557204668 50.5349702740257 74.8969158591805 5.64814814814815 0
116.692272650103 117.879167024165 50.3220981567931 50.5535302928224 74.9068854689484 5.64814814814815 0
116.799917929611 117.993985825299 50.1362269026488 50.3438005518662 74.9411488731084 5.64814814814815 0
116.802797992934 118.00643829612 50.0751663678805 50.2676394222257 74.9356689224695 5.64814814814815 0
116.917499659722 118.123880198968 50.0616361367063 50.2408217202757 74.9862859467787 5.64814814814815 0
116.936374647004 118.132587255969 50.0653752060659 50.2445728154791 74.993124295797 5.64814814814815 0
116.47350739932 118.140850947793 50.0936000633581 50.2807399587311 74.9018081273259 5.64814814814815 0
115.968275964618 117.676760504447 50.0497741451903 50.2272154500055 74.7613965807798 5.64814814814815 0
115.767339601967 117.313605117919 50.1104625119553 50.2777803386028 74.7321783141889 5.64814814814815 0
116.129091411599 117.465993906894 50.0589089793097 50.2244349356536 74.8356377724453 5.64814814814815 0
116.118949524085 117.454779562446 50.0623199483717 50.2268896954832 74.8290404050063 5.64814814814815 0
116.129076435037 117.819092080488 50.1023624608067 50.2683285826773 74.860332574 5.64814814814815 0
116.632425192377 118.348539873042 50.1894570901846 50.4655811049492 74.9242644905837 5.64814814814815 0
116.660696953156 118.374480571282 50.1980601392305 50.4589870963343 74.9432648378694 5.64814814814815 0
116.652704022433 118.365676513612 50.2551174423801 50.4539764507458 74.9424898051188 5.64814814814815 0
116.717553797742 118.44461908098 50.2951808890679 50.4943549132384 74.994179129497 5.64814814814815 0
117.392314076529 118.8303443509 50.0903374946227 50.2800251209606 74.9476369318808 5.64814814814815 0
117.387514574554 118.797260729648 50.0003733682613 50.1832071168307 74.9001784014636 5.64814814814815 0
117.323564355124 118.735126104723 50.0458810722519 50.2292842506933 74.84603032537 5.64814814814815 0
117.200517823325 118.638734104064 49.980778645751 50.1635319538372 74.7465009539769 5.64814814814815 0
117.056420798052 118.392967097693 50.0501946576348 50.2354978744309 74.7304540383548 5.64814814814815 0
117.106826098272 118.428209528852 50.0196554727366 50.1889813408555 74.7319072963067 5.64814814814815 0
116.908241835656 118.330696643871 50.2570620067687 50.4046221187735 74.737979473877 5.64814814814815 0
117.292272471769 118.737023624491 49.9751680105473 50.2449621297436 74.8256209595976 5.64814814814815 0
116.968078182762 118.456527315096 49.9496039823047 50.2100974384178 74.7671920260402 5.64814814814815 0
116.954470745499 118.442171963848 49.8867054549597 50.0894261626041 74.7408796321047 5.64814814814815 0
117.547627783876 118.602366247639 49.6836089420436 49.920936589906 74.7898953787135 5.64814814814815 0
118.248487384156 119.282552248035 49.5901491797315 49.8293234660817 74.8806838547211 5.64814814814815 0
118.120892412103 119.424404115398 49.610184901194 49.8282003202893 74.7867766216567 5.64814814814815 0
118.1042021436 119.408268145489 49.5205157558037 49.7530047762598 74.7256805715259 5.64814814814815 0
118.04637945418 119.342527402738 49.6504769676896 49.8880139936834 74.7092830634464 5.64814814814815 0
117.901809834463 119.208940328494 49.9312551888914 50.19260501992 74.7098987794102 5.64814814814815 0
0 0 0 0 0 0 0
0 0 0 0 0 0 0
0 0 0 0 0 0 0
0 0 0 0 0 0 0
0 0 0 0 0 0 0
0 0 0 0 0 0 0
0 0 0 0 0 0 0
0 0 0 0 0 0 0
0 0 0 0 0 0 0
0 0 0 0 0 0 0
0 0 0 0 0 0 0
0 0 0 0 0 0 0
0 0 0 0 0 0 0
0 0 0 0 0 0 0
0 0 0 0 0 0 0
0 0 0 0 0 0 0
0 0 0 0 0 0 0
0 0 0 0 0 0 0
0 0 0 0 0 0 0
0 0 0 0 0 0 0
0 0 0 0 0 0 0
0 0 0 0 0 0 0
0 0 0 0 0 0 0
0 0 0 0 0 0 0
0 0 0 0 0 0 0
0 0 0 0 0 0 0
0 0 0 0 0 0 0
0 0 0 0 0 0 0
0 0 0 0 0 0 0
0 0 0 0 0 0 0
0 0 0 0 0 0 0
0 0 0 0 0 0 0
0 0 0 0 0 0 0
0 0 0 0 0 0 0
0 0 0 0 0 0 0
0 0 0 0 0 0 0
0 0 0 0 0 0 0
0 0 0 0 0 0 0
0 0 0 0 0 0 0
0 0 0 0 0 0 0
0 0 0 0 0 0 0
0 0 0 0 0 0 0
0 0 0 0 0 0 0
0 0 0 0 0 0 0
0 0 0 0 0 0 0
0 0 0 0 0 0 0
0 0 0 0 0 0 0
0 0 0 0 0 0 0
0 0 0 0 0 0 0
0 0 0 0 0 0 0
0 0 0 0 0 0 0
0 0 0 0 0 0 0
0 0 0 0 0 0 0
0 0 0 0 0 0 0
0 0 0 0 0 0 0
0 0 0 0 0 0 0
0 0 0 0 0 0 0
0 0 0 0 0 0 0
0 0 0 0 0 0 0
0 0 0 0 0 0 0
0 0 0 0 0 0 0
0 0 0 0 0 0 0
0 0 0 0 0 0 0
0 0 0 0 0 0 0
0 0 0 0 0 0 0
0 0 0 0 0 0 0
0 0 0 0 0 0 0
0 0 0 0 0 0 0
0 0 0 0 0 0 0
0 0 0 0 0 0 0
0 0 0 0 0 0 0
