119.197447820803 120.43925572554 54.7539403844206 54.8681040126349 78.7086609307036 5.56172839506173 0
118.747181790111 120.019187947783 54.7661595490975 54.8799061181445 78.641585680898 5.56172839506173 0
118.737674997208 120.007518242177 54.7684188075997 54.8829467538295 78.6327326888251 5.56172839506173 0
119.164966755629 120.803434485594 54.7170190108948 54.8298140482724 78.6748717461352 5.56172839506173 0
119.213746790953 121.0521932022 54.6548273060289 54.7659108689678 78.6251403151491 5.56172839506173 0
118.893383128993 120.723622643098 54.9136062599242 55.0447512591984 78.6093557461676 5.56172839506173 0
118.870055897455 120.700261159131 54.8904092239247 55.0066382156554 78.5789295102649 5.56172839506173 0
118.842066717038 120.683468186096 54.8778335162528 54.9941200029644 78.5579667026243 5.56172839506173 0
118.814008887842 120.664676193149 54.8636239530906 54.9819017544829 78.5333437782785 5.56172839506173 0
118.885553827511 120.758620162968 54.8212839270207 54.9388597051462 78.5358521763871 5.56172839506173 0
118.598169510951 120.402729922714 54.9264546659874 55.0410377172301 78.4971934703768 5.56172839506173 0
118.585121097466 120.38975241792 54.8935008893615 55.0002788576749 78.4784078319891 5.56172839506173 0
118.66171003405 120.465354921673 54.8611694531891 54.9205937366395 78.5620418084984 5.56172839506173 0
118.697205972326 120.517795631926 54.870833144414 54.9295034639054 78.5744231488846 5.56172839506173 0
118.896241399012 120.530904675426 54.7441595003201 54.8110697986589 78.5410634675039 5.56172839506173 0
118.853359833759 120.489034583167 54.6229340250087 54.6972484783908 78.4736396076943 5.56172839506173 0
118.584777293525 120.071875602535 54.5990614263678 54.6796161620506 78.3557571845231 5.56172839506173 0
118.378029878971 119.689372863179 54.5926650545425 54.6752246674674 78.2849479853201 5.56172839506173 0
118.434568815983 119.62134721092 54.6336536227081 54.7159278632845 78.3368338918281 5.56172839506173 0
118.276596798479 119.47923979544 54.6600005329553 54.7397448511827 78.2710418009244 5.56172839506173 0
118.284336304762 119.488873569388 54.6198824982379 54.7268087236023 78.2636498720551 5.56172839506173 0
118.453923599733 119.633120347319 54.800037745472 54.9456664567002 78.4212026534281 5.56172839506173 0
118.70123043776 120.026722744813 54.7896502753561 54.9227133143021 78.4907650296079 5.56172839506173 0
119.105625412934 120.40030912929 54.6287126623428 54.7345649660426 78.4930106476744 5.56172839506173 0
118.465823429312 120.135097490429 54.9553288436122 55.062361408498 78.5577774996234 5.56172839506173 0
118.59735300132 120.239968871372 55.0782510731812 55.3195974232514 78.6859160726904 5.56172839506173 0
119.082371233276 120.178874633526 55.0376638198688 55.2811601261034 78.6882837277467 5.56172839506173 0
119.150434241505 120.242351282962 54.938493648824 55.2061086094009 78.6654177341225 5.56172839506173 0
119.290408815653 120.390693895758 54.7126656788708 54.9668535611145 78.6415290807699 5.56172839506173 0
119.312506342615 120.67475498604 54.6873821427225 54.9497229423259 78.6245546929375 5.56172839506173 0
119.230480355318 120.653812876359 54.5324562716467 54.8073548677713 78.5031770956324 5.56172839506173 0
119.237157420591 120.660621832489 54.4819381044618 54.6425574812741 78.5061583226286 5.56172839506173 0
119.09901826396 120.49785169888 54.5341261106649 54.691754532942 78.4802770633463 5.56172839506173 0
119.1091496992 120.508081757147 54.5575643198098 54.7218538174206 78.4941127205237 5.56172839506173 0
119.113297328435 120.51235603743 54.6043264417722 54.7320827623503 78.5039642919211 5.56172839506173 0
119.111668019953 120.510712936137 54.600717237124 54.7291171033789 78.5014364363441 5.56172839506173 0
118.9435874805 120.360622494945 54.5782160353193 54.8204264952148 78.430149041241 5.56172839506173 0
119.222746849158 120.980070725128 54.5188727133434 54.7600204883546 78.4269293630238 5.56172839506173 0
119.541731084025 121.339722733894 54.3886070484821 54.6503156072024 78.2107678738277 5.56172839506173 0
119.416459015209 121.210889231258 54.6280396676388 54.928008089388 78.1982381303731 5.56172839506173 0
119.396551784794 121.190992655559 54.6636798576882 54.9974716242921 78.1779496883183 5.56172839506173 0
119.016979681912 120.986693015574 54.6487961995918 54.9749285325537 78.014809944797 5.56172839506173 0
119.349841887208 121.221832120649 54.6899916562101 55.0126442812097 78.1332707202466 5.56172839506173 0
118.889791054576 120.556061037625 54.8069174675388 55.1237732740296 78.1356253228953 5.56172839506173 0
118.889778348683 120.560410362555 54.8635126464006 55.1631429467843 78.1625730475581 5.56172839506173 0
118.907029846305 120.577541670694 54.8835603811584 55.1851023955192 78.1830210725649 5.56172839506173 0
118.827699775304 120.481874115414 54.8658607768227 55.16804598452 78.1365642611754 5.56172839506173 0
118.941554102322 120.612443620376 54.8123063361017 55.1344308603047 78.1770351984109 5.56172839506173 0
118.979838858382 120.654953011333 54.854375827126 55.1745775841987 78.2185438385064 5.56172839506173 0
118.976186528373 120.651498699092 54.8515057367245 55.1719668488401 78.2144942734279 5.56172839506173 0
118.997248637716 120.645293928739 54.8570433034847 55.1778885796543 78.2159597447749 5.56172839506173 0
118.915744830738 120.450469526961 54.8565699828687 55.1905529313699 78.178827094048 5.56172839506173 0
118.908626216709 120.443302480756 54.8841841194369 55.1958684239066 78.1754392220173 5.56172839506173 0
119.128211082517 120.665095185577 54.9299865529882 55.2439372083502 78.2810642180381 5.56172839506173 0
119.527374414806 121.04988425483 54.7385340188301 55.0294668728043 78.3080845791071 5.56172839506173 0
119.524527568805 121.041103216442 54.7414333537834 55.0378386514538 78.2996346640143 5.56172839506173 0
119.513820830944 121.030105021482 54.7363593423135 55.0334110021766 78.2874309117868 5.56172839506173 0
119.46509522044 121.008355918175 54.7081527463656 55.0051413440576 78.245274498678 5.56172839506173 0
119.476592224536 121.019236913586 54.7216611960828 55.0268636885461 78.2552237906753 5.56172839506173 0
119.391897280852 120.926446147032 54.6803467369592 54.9861386757951 78.1884820774963 5.56172839506173 0
119.315251168218 120.738599028712 54.7214999808716 55.0417181797839 78.1511681348552 5.56172839506173 0
119.328541635439 120.752671360681 54.7822098147476 55.0520135109087 78.1762623549763 5.56172839506173 0
119.288927106159 120.713732944924 54.777935388607 55.0002970452242 78.1364168887961 5.56172839506173 0
119.374166012137 120.793539799628 54.8490237027578 55.075494390514 78.2113496484678 5.56172839506173 0
119.256824274689 120.676940198658 54.8239028268481 55.0559279614068 78.1152316693276 5.56172839506173 0
119.336227494184 120.751534206561 54.7321975576868 54.9645788404078 78.100129319283 5.56172839506173 0
118.893096391226 120.144235062349 54.7483547976655 54.9737100171574 77.9304176075757 5.56172839506173 0
118.821466842224 119.968924207919 54.7045609241753 54.9344010442118 77.8622710626381 5.56172839506173 0
118.911954378318 120.292268139152 54.7362941668138 54.9656781684119 77.9040184678576 5.56172839506173 0
119.231056565774 120.812598817253 54.3067397205196 54.4980027001926 77.7787422685919 5.56172839506173 0
119.219809663667 120.577021561149 54.4656621326174 54.6634927372875 77.8242533371407 5.56172839506173 0
119.22730850783 120.587406808878 54.4915181905185 54.686024089658 77.84084294056 5.56172839506173 0
119.15911013685 120.51948312501 54.4301939998912 54.6267241024205 77.7647678766651 5.56172839506173 0
119.088257510718 120.454107901938 54.3607676828549 54.5532832483834 77.6502067848894 5.56172839506173 0
119.005241456098 120.389196240826 54.4410569307366 54.6293907414289 77.656194606591 5.56172839506173 0
118.974897910576 120.359150614522 54.3867507326583 54.5739720503368 77.6125326860982 5.56172839506173 0
119.083896571104 120.528437500074 54.353296353399 54.5401559958992 77.6089888108272 5.56172839506173 0
118.604325664659 119.891293067494 54.3290581371044 54.5110979818319 77.4274519140394 5.56172839506173 0
118.232093486639 119.440377782793 54.459057177225 54.6367635338678 77.5320394029357 5.56172839506173 0
118.27205684315 119.38520624208 54.4834541321417 54.6608658528831 77.5613429317391 5.56172839506173 0
118.308638976715 119.421202911609 54.4549464233302 54.5526999485787 77.5912156727808 5.56172839506173 0
118.307957547065 119.42427926544 54.4180653451026 54.5282725025812 77.5780441046467 5.56172839506173 0
118.313638563127 119.408407335426 54.4360286871419 54.569104942006 77.5872724815864 5.56172839506173 0
118.223919467416 119.324014509831 54.4660105909621 54.6093935888643 77.5658420613969 5.56172839506173 0
117.948791174428 118.808550037536 54.4429301461477 54.5831873448248 77.4665531814928 5.56172839506173 0
117.87991074966 118.744940027426 54.4507721669915 54.5965910412428 77.4243818440169 5.56172839506173 0
117.879401267835 118.743026442604 54.3188941542433 54.4807901813191 77.3864293206561 5.56172839506173 0
117.899418014281 118.763154577551 54.3752771347039 54.5344315537146 77.414138376557 5.56172839506173 0
117.899070909192 118.758265682285 54.3761403407227 54.5353982641111 77.4138463902547 5.56172839506173 0
117.873243785126 118.728468877619 54.3437953390097 54.5107226877469 77.3659194549265 5.56172839506173 0
117.862693528221 118.719354738142 54.344933230797 54.5076440863985 77.3583866105121 5.56172839506173 0
117.842005421794 118.698534201712 54.4048134492671 54.5598244701625 77.358137014192 5.56172839506173 0
117.592525346157 118.487427944991 54.4674989377338 54.6050484252336 77.3230943883369 5.56172839506173 0
117.578154056303 118.347757150542 54.4514504839392 54.6141394217083 77.3000211278341 5.56172839506173 0
117.568189211148 118.351148956621 54.1675252308677 54.3832991668846 77.2238176332973 5.56172839506173 0
117.603059139144 118.385452538566 54.2117931305556 54.4124731680668 77.2546023331725 5.56172839506173 0
117.672357848077 118.452969604171 54.1881685636995 54.4271441891281 77.2904429570019 5.56172839506173 0
117.671663935854 118.452221998985 54.1889111383621 54.4281475567616 77.2897991897285 5.56172839506173 0
117.608696702346 118.387648268868 53.8607400232129 54.056914172691 77.1536336197534 5.56172839506173 0
117.669080606434 118.447573009188 53.9773127879668 54.1576356213986 77.2139123517493 5.56172839506173 0
117.642274172316 118.420309728574 54.0695073004178 54.2881132371744 77.2222608924358 5.56172839506173 0
117.647953721187 118.428245131998 54.0648828411071 54.2873876152277 77.2224631056049 5.56172839506173 0
117.609284460296 118.41014531694 54.062033308307 54.2848515190173 77.2052411464363 5.56172839506173 0
118.016975210693 118.910084994979 53.9566145355432 54.1677590010568 77.2878376042619 5.56172839506173 0
118.065918110893 118.937810442993 53.9886318908401 54.2014373132473 77.3158812878291 5.56172839506173 0
118.000786044275 118.857556217735 53.9690111811163 54.1802641133778 77.2692416506061 5.56172839506173 0
118.892721938114 119.716970064316 53.8069345641988 54.0410469864628 77.4396915308168 5.56172839506173 0
120.003852637062 121.430138336432 53.8955401985237 54.1584908220811 77.6432186628108 5.56172839506173 0
120.922009159388 122.227978927981 53.8507513988697 54.0858030011026 77.7949914066295 5.56172839506173 0
120.959261104134 122.229140614269 53.8415011688339 54.0724227575133 77.7924479116202 5.56172839506173 0
120.942398738003 122.217289253674 53.8115618212924 54.0764966197207 77.765936369717 5.56172839506173 0
120.914945806833 122.188559624934 53.7200741366981 54.0322588149931 77.716095526929 5.56172839506173 0
120.858309583597 122.067413852214 53.7449161640716 54.0641238522145 77.7274701562191 5.56172839506173 0
120.693708982201 121.856286476735 53.8131355376434 54.1368514511778 77.7947674640823 5.56172839506173 0
120.646581438131 121.807555870997 53.7378483144025 54.076089362951 77.7075289606906 5.56172839506173 0
120.631737099401 121.792664691744 53.7066521040842 54.0341556611699 77.6855713113211 5.56172839506173 0
121.152663308468 122.534228784866 53.6093347406431 53.9310906961123 77.6468369397492 5.56172839506173 0
120.924647839951 122.266880818696 53.7082359563723 54.037630235245 77.6824825133118 5.56172839506173 0
120.872419705661 122.211309421677 53.7757466317356 54.1206984046134 77.687950167036 5.56172839506173 0
120.883531213588 122.221872932828 53.7929943796986 54.1348500150052 77.7011245159008 5.56172839506173 0
121.024428955199 122.372932980554 53.7610720335954 54.158820933519 77.7791251925789 5.56172839506173 0
121.393717246807 122.136113383442 53.877746208288 54.2584569097034 77.7910117780051 5.56172839506173 0
121.40725441691 122.152280284352 53.5366496028824 53.7467819640946 77.7316509885555 5.56172839506173 0
121.403522080058 122.145824435224 53.5280828778897 53.6435976038011 77.7224410192919 5.56172839506173 0
121.20715016401 121.972155745044 53.6081295946077 53.7256358169751 77.7027518879743 5.56172839506173 0
121.160219865004 121.927887781027 53.7285740220983 53.933866929493 77.6815603643967 5.56172839506173 0
121.155688119246 121.923419726816 53.7148759188938 53.9136722117522 77.6718615607239 5.56172839506173 0
121.146120052186 121.913115714008 53.8166946811506 53.9176565358864 77.6795490047243 5.56172839506173 0
121.14036803201 121.907292953563 53.8075058879253 53.9079578333101 77.6708519217624 5.56172839506173 0
0 0 0 0 0 0 0
0 0 0 0 0 0 0
0 0 0 0 0 0 0
0 0 0 0 0 0 0
0 0 0 0 0 0 0
0 0 0 0 0 0 0
0 0 0 0 0 0 0
0 0 0 0 0 0 0
0 0 0 0 0 0 0
0 0 0 0 0 0 0
0 0 0 0 0 0 0
0 0 0 0 0 0 0
0 0 0 0 0 0 0
0 0 0 0 0 0 0
0 0 0 0 0 0 0
0 0 0 0 0 0 0
0 0 0 0 0 0 0
0 0 0 0 0 0 0
0 0 0 0 0 0 0
0 0 0 0 0 0 0
0 0 0 0 0 0 0
0 0 0 0 0 0 0
0 0 0 0 0 0 0
0 0 0 0 0 0 0
0 0 0 0 0 0 0
0 0 0 0 0 0 0
0 0 0 0 0 0 0
0 0 0 0 0 0 0
0 0 0 0 0 0 0
0 0 0 0 0 0 0
0 0 0 0 0 0 0
0 0 0 0 0 0 0
0 0 0 0 0 0 0
0 0 0 0 0 0 0
0 0 0 0 0 0 0
0 0 0 0 0 0 0
0 0 0 0 0 0 0
0 0 0 0 0 0 0
0 0 0 0 0 0 0
0 0 0 0 0 0 0
0 0 0 0 0 0 0
0 0 0 0 0 0 0
0 0 0 0 0 0 0
0 0 0 0 0 0 0
0 0 0 0 0 0 0
0 0 0 0 0 0 0
0 0 0 0 0 0 0
0 0 0 0 0 0 0
0 0 0 0 0 0 0
0 0 0 0 0 0 0
0 0 0 0 0 0 0
0 0 0 0 0 0 0
0 0 0 0 0 0 0
0 0 0 0 0 0 0
0 0 0 0 0 0 0
0 0 0 0 0 0 0
0 0 0 0 0 0 0
0 0 0 0 0 0 0
0 0 0 0 0 0 0
0 0 0 0 0 0 0
0 0 0 0 0 0 0
0 0 0 0 0 0 0
0 0 0 0 0 0 0
0 0 0 0 0 0 0
0 0 0 0 0 0 0
0 0 0 0 0 0 0
0 0 0 0 0 0 0
0 0 0 0 0 0 0
0 0 0 0 0 0 0
0 0 0 0 0 0 0
0 0 0 0 0 0 0
