119.197447820803 120.43925572554 54.7539403844206 54.8681040126349 78.7086609307036 5.56172839506173 0
119.17318629916 120.391072226544 54.7404760789143 54.854737982835 78.6810369246748 5.56172839506173 0
119.108846477201 120.327391222514 54.7407381010368 54.858467800006 78.6331480955357 5.56172839506173 0
119.649072507879 121.170266247457 54.7329929158382 54.8496961510224 78.7331173875177 5.56172839506173 0
119.737353976633 121.418890698094 54.733933185896 54.8496576935808 78.754516732261 5.56172839506173 0
119.834771044092 121.424521137468 54.8706393957398 55.004052421003 78.7701024791036 5.56172839506173 0
119.812408503861 121.402100758983 54.8495569979983 54.9693747703952 78.7409343771316 5.56172839506173 0
120.32023290391 121.868326555254 54.7035216641964 54.8142465828021 78.8421310304525 5.56172839506173 0
120.27923657459 121.927272821053 54.5515787735806 54.6731211352587 78.7058279579047 5.56172839506173 0
119.85313576864 121.594356469666 54.6452709192562 54.7890643003302 78.5439604299156 5.56172839506173 0
119.81539986413 121.557767073723 54.6240313207772 54.7683634798121 78.5109477798139 5.56172839506173 0
119.816732589989 121.559091507084 54.6253294819165 54.7678249447847 78.5124650161402 5.56172839506173 0
119.907776013585 121.649240083073 54.6087693379652 54.7111616918149 78.6164210309555 5.56172839506173 0
119.931449417459 121.684110983779 54.6156793227703 54.716475823562 78.631701865181 5.56172839506173 0
119.613925252468 121.383512254662 54.6840671204144 54.7727024902667 78.5824046423851 5.56172839506173 0
119.57582356439 121.346553706173 54.5661383829512 54.6924255903826 78.5197707039464 5.56172839506173 0
119.206602095317 120.865905267862 54.4836168951232 54.5997601897628 78.322278750125 5.56172839506173 0
119.712363846771 121.501246951079 54.4334859989299 54.5392993299077 78.3417141601611 5.56172839506173 0
119.349866099731 121.079970939049 54.5456100446144 54.6559928817307 78.3508493709921 5.56172839506173 0
119.285764641604 121.052802381871 54.5807669839765 54.6990217904251 78.3491741954849 5.56172839506173 0
119.278858191507 121.045783755834 54.5617664020857 54.6730135481525 78.3362793976859 5.56172839506173 0
119.471320701163 121.220161790699 54.6560503139308 54.7717758900465 78.4830419584266 5.56172839506173 0
119.233669482951 121.166956387231 54.787672458725 54.9166113515817 78.5169906875433 5.56172839506173 0
119.009982224149 120.92116633197 54.9092057466231 55.0382276509761 78.4629474888826 5.56172839506173 0
119.054924830396 121.04369206211 55.0215486899204 55.1526143015469 78.5699824361033 5.56172839506173 0
119.246655929865 121.141171414692 55.1001633601961 55.2891561498614 78.6665661560016 5.56172839506173 0
119.558075171135 121.017436281114 54.9888653729074 55.3493152221657 78.5249257195782 5.56172839506173 0
119.748873776803 121.255372351953 54.842140207811 55.2037403318032 78.5504673806963 5.56172839506173 0
119.696271728615 121.172093011618 54.8864108039088 55.2586822569246 78.5310103659417 5.56172839506173 0
119.621350027918 121.100478776892 54.8493721660836 55.2215994676535 78.4770656902831 5.56172839506173 0
119.622175333911 121.10324151368 54.8452217930589 55.2180462650709 78.4704979651446 5.56172839506173 0
117.403177049888 118.879118920294 49.5114045911774 49.713462452965 75.3359409339099 5.64814814814815 0
117.248743800672 118.678337773688 49.5668913688579 49.7679874938779 75.3057202886522 5.64814814814815 0
117.391568029986 118.805449223607 49.6201311882784 49.7644356544243 75.4534708425271 5.64814814814815 0
117.388382332608 118.802080053094 49.694027918493 49.8258782454725 75.4552741888403 5.64814814814815 0
117.372869219771 118.785657218124 49.7143057167805 49.8927924004774 75.436048646025 5.64814814814815 0
117.49815622413 118.925203581466 49.6148729409138 49.8008175655713 75.3320089943216 5.64814814814815 0
117.472294094623 118.874958816373 49.6259431843557 49.8118115760547 75.3374499341778 5.64814814814815 0
117.372654683918 118.772219362073 49.7881417179056 49.9860886109573 75.3150112766627 5.64814814814815 0
117.375370201252 118.773545483329 49.8575150916564 50.1124126958121 75.3300984533782 5.64814814814815 0
117.340947286893 118.73939452047 49.920850992256 50.1901289217759 75.2949793111693 5.64814814814815 0
117.355642508079 118.754245798821 49.9259214560301 50.1951574017406 75.30324453168 5.64814814814815 0
117.44726735607 118.803763374345 49.7995376352361 50.0734915169878 75.245241910889 5.64814814814815 0
117.336988299529 118.662538733693 49.7460111758685 50.0197847776858 75.1533250163689 5.64814814814815 0
117.335178529259 118.660834419265 49.7926873875437 50.0574746623397 75.1708884863399 5.64814814814815 0
117.366813011676 118.692354922005 49.8262071361533 50.0993961709873 75.2062455853098 5.64814814814815 0
117.331947799209 118.658739939705 49.7956393135403 50.0692485998499 75.1585279749025 5.64814814814815 0
117.495040874971 118.823360636424 49.7642687533805 50.0494167031726 75.2386576550985 5.64814814814815 0
117.71267021476 119.041285278913 49.5975808680894 49.8997804603993 75.2555288134614 5.64814814814815 0
117.712063331454 119.040700450508 49.5995633426249 49.9027645362808 75.2547556181643 5.64814814814815 0
117.647224963598 118.987813877788 49.5810439498655 49.8849491584773 75.2089836890027 5.64814814814815 0
117.679647434619 119.022699705279 49.6055522545927 49.9103710338501 75.2336759599109 5.64814814814815 0
117.692277012194 119.035471957663 49.6971099533244 49.9756789987692 75.2621698956705 5.64814814814815 0
117.733051514725 119.077785494545 49.6921918906288 49.9704467323924 75.2751196123858 5.64814814814815 0
118.240790983404 119.624565156237 49.6090195593461 49.883768472378 75.3766426312495 5.64814814814815 0
118.538729334699 119.942935493447 49.7633459959587 50.0367663243109 75.5547448395944 5.64814814814815 0
118.449515939954 119.859314212543 49.659846839452 49.8752607404543 75.4592665974529 5.64814814814815 0
118.457716915944 119.838598478314 49.6613418268759 49.8767241951649 75.457288630155 5.64814814814815 0
118.535118154749 119.913996693798 49.5015693255977 49.7095160173808 75.4532712170378 5.64814814814815 0
117.793151402087 119.305852676092 49.4922670332251 49.7019295968251 75.2892969998764 5.64814814814815 0
117.71537199557 119.084286406235 49.560758089468 49.7761229120624 75.2682974045054 5.64814814814815 0
117.71712650481 119.087306820754 49.5903473078163 49.7721207801506 75.2768359378655 5.64814814814815 0
117.683182157034 119.050953304868 49.6711079679794 49.8415462865508 75.2604492721863 5.64814814814815 0
117.978576641838 119.283805919703 49.5002823371083 49.6621431069312 75.3312931263174 5.64814814814815 0
117.963606096965 119.294142456083 49.548318101461 49.7203064548904 75.2887295280489 5.64814814814815 0
118.303878431894 119.656623338102 49.3094453563688 49.4788689662654 75.2896434261509 5.64814814814815 0
117.918135271961 119.169774616431 49.3625896833046 49.5384531643064 75.0946881980672 5.64814814814815 0
117.85640604382 119.067116112777 49.3465973706177 49.5252812293053 75.0517802376135 5.64814814814815 0
117.948207216496 119.048205133871 49.4006862841444 49.5798424935279 75.0971219699801 5.64814814814815 0
117.98856394265 119.088051074819 49.4422098170987 49.626012709995 75.1413119663846 5.64814814814815 0
118.932317038625 120.851606919871 49.4247510216186 49.6084151679212 75.2436948167075 5.64814814814815 0
118.565815238027 120.826094755868 49.5139578604159 49.693165827714 75.2617741667556 5.64814814814815 0
118.626502640391 120.925036887883 49.5167288044584 49.6795186119402 75.2938528722524 5.64814814814815 0
118.745022155002 121.027477122937 49.498527437157 49.6669353245736 75.3466573930699 5.64814814814815 0
118.779752544318 121.067369409217 49.4744691973025 49.6439882816226 75.339770983838 5.64814814814815 0
118.450145381195 120.909714201721 49.5206048175489 49.6768097715019 75.2255484505203 5.64814814814815 0
118.442931940448 120.904651017891 49.5109251517391 49.6671017425038 75.2076476668977 5.64814814814815 0
118.444109045103 120.905352907478 49.6005208032995 49.7742821021246 75.2145939479781 5.64814814814815 0
117.814472116639 120.349100335151 49.587005765156 49.7617014500334 75.1184723055745 5.64814814814815 0
117.800678516512 119.59538335839 49.5979777574087 49.7708491030547 75.1191320083107 5.64814814814815 0
117.850200706682 119.644448926477 49.5733183809646 49.7882854436148 75.1643861975722 5.64814814814815 0
117.852115374159 119.649747003621 49.4681786308801 49.7012511849039 75.1462017171447 5.64814814814815 0
117.806669996701 119.609140925849 49.4853966010368 49.7387331473916 75.1218053180513 5.64814814814815 0
117.908889424266 119.735860004627 49.3987724220991 49.6475147343026 75.0949893665915 5.64814814814815 0
117.704964896327 119.223656338292 49.3437925650423 49.5875060213575 74.9715841903912 5.64814814814815 0
117.61591340132 119.112812355088 49.2792827218712 49.5097647716223 74.8675637145304 5.64814814814815 0
117.61856441576 119.11553266412 49.2678416491753 49.4973970566051 74.865912786467 5.64814814814815 0
117.610531908608 119.108168600691 49.2083917564765 49.40875527939 74.8482063954504 5.64814814814815 0
117.623126899109 119.082872860154 49.2209564415047 49.4200825719434 74.8527573711446 5.64814814814815 0
117.661616254951 119.004032023351 49.2089416919306 49.4284141674886 74.8518101861972 5.64814814814815 0
117.683741739262 119.007898187678 49.1897728905448 49.3912079085139 74.8542206471069 5.64814814814815 0
117.662187832696 118.98579518519 49.1511916927529 49.3672399745117 74.8241183485696 5.64814814814815 0
117.602900736892 119.024211843087 49.1408784144947 49.3368383334797 74.7888234353781 5.64814814814815 0
117.602720725169 118.908292659207 49.1211882672924 49.3278403613577 74.7641027736314 5.64814814814815 0
117.817136532699 119.112092372394 48.5701865980582 48.881162068633 74.7905567746791 5.64814814814815 0
117.737514222974 119.004528880092 48.7120231460466 48.9797876540352 74.7245936924694 5.64814814814815 0
117.685047671098 118.950164558221 48.951485342762 49.2472758943092 74.7708255294069 5.64814814814815 0
117.663752103454 118.922132233313 49.0634834088781 49.3747535380611 74.7994442198501 5.64814814814815 0
117.742196244648 119.000066302476 49.0315077043537 49.3276617292472 74.8594890438595 5.64814814814815 0
117.821796206454 119.083987719182 49.0751867554316 49.3560000370263 74.90260765922 5.64814814814815 0
117.70410472893 118.990417238748 49.0004358242137 49.2996902700679 74.8085370443258 5.64814814814815 0
117.835640053042 119.113975717988 49.02107037229 49.2905949522378 74.8758309261089 5.64814814814815 0
117.820175091906 119.112628937351 49.0207026790017 49.2899654813909 74.8592809078974 5.64814814814815 0
117.750478962859 118.990131088938 49.0808711946359 49.3456093139405 74.8571880282164 5.64814814814815 0
117.218263106646 118.850775135944 49.0414046226335 49.3065334623158 74.7385057504365 5.64814814814815 0
117.459129441076 119.317582060685 48.9312956193504 49.1985862413641 74.7204345118283 5.64814814814815 0
117.391443964534 119.228286352828 48.8373536573143 49.1023164848147 74.602454073219 5.64814814814815 0
118.626955208174 120.749800070483 48.8917278495191 49.176055025113 74.783353376465 5.64814814814815 0
118.740341447275 119.715061197066 48.8982857518448 49.1859872374746 74.8211531460994 5.64814814814815 0
118.78347569595 119.745644659032 48.8563505899737 49.0815845208255 74.8265628219252 5.64814814814815 0
118.566288397222 119.522614173855 49.0833744308587 49.213852485386 74.7082802618851 5.64814814814815 0
118.547852700886 119.504065566641 49.0602590958246 49.2093214483099 74.6826231338828 5.64814814814815 0
118.200590716178 119.085253899783 49.0551028840779 49.1879085495526 74.5635090914885 5.64814814814815 0
118.16995467839 119.050931041335 49.0360031009868 49.1687115042052 74.5332623677447 5.64814814814815 0
118.030688204304 118.902241778926 49.2970774114835 49.5013871662982 74.5061804359184 5.64814814814815 0
118.02370072213 118.896523800412 49.41844787928 49.5999176060472 74.5165245576815 5.64814814814815 0
118.652832842031 120.329538762267 49.3822038222939 49.5644333642242 74.5478312527148 5.64814814814815 0
118.645733973138 120.718578850882 49.3389632262739 49.5274334369424 74.454345789114 5.64814814814815 0
118.657765829362 120.602284248754 49.2773839714439 49.4541975700949 74.394641717937 5.64814814814815 0
118.90946694171 120.791870577314 49.2583601686048 49.4400056856982 74.4381511066355 5.64814814814815 0
118.875859891913 120.761355634719 49.357048839198 49.5180416487897 74.4502231151122 5.64814814814815 0
118.910006529309 120.835095745785 49.3751356775918 49.5364865892708 74.4684932354884 5.64814814814815 0
118.748875590527 120.721495200213 49.3450021264074 49.5153442252465 74.3997488569318 5.64814814814815 0
119.094879906714 120.757939490634 49.2369610758225 49.4078532030424 74.350172382721 5.64814814814815 0
119.227287933748 121.249027273715 49.2650336045477 49.4410365164605 74.399093799399 5.64814814814815 0
119.045012842249 121.001593376418 49.3661614953344 49.5733846341066 74.366574128305 5.64814814814815 0
119.044982772549 121.001610175059 49.366589310127 49.5738558153523 74.366680866158 5.64814814814815 0
119.17045835416 121.140863158515 49.1678949459072 49.3291451532848 74.4226241382753 5.64814814814815 0
119.390970345491 121.352390305559 49.0697295309445 49.2245592872048 74.5316039078777 5.64814814814815 0
0 0 0 0 0 0 0
0 0 0 0 0 0 0
0 0 0 0 0 0 0
0 0 0 0 0 0 0
0 0 0 0 0 0 0
0 0 0 0 0 0 0
0 0 0 0 0 0 0
0 0 0 0 0 0 0
0 0 0 0 0 0 0
0 0 0 0 0 0 0
0 0 0 0 0 0 0
0 0 0 0 0 0 0
0 0 0 0 0 0 0
0 0 0 0 0 0 0
0 0 0 0 0 0 0
0 0 0 0 0 0 0
0 0 0 0 0 0 0
0 0 0 0 0 0 0
0 0 0 0 0 0 0
0 0 0 0 0 0 0
0 0 0 0 0 0 0
0 0 0 0 0 0 0
0 0 0 0 0 0 0
0 0 0 0 0 0 0
0 0 0 0 0 0 0
0 0 0 0 0 0 0
0 0 0 0 0 0 0
0 0 0 0 0 0 0
0 0 0 0 0 0 0
0 0 0 0 0 0 0
0 0 0 0 0 0 0
0 0 0 0 0 0 0
0 0 0 0 0 0 0
0 0 0 0 0 0 0
0 0 0 0 0 0 0
0 0 0 0 0 0 0
0 0 0 0 0 0 0
0 0 0 0 0 0 0
0 0 0 0 0 0 0
0 0 0 0 0 0 0
0 0 0 0 0 0 0
0 0 0 0 0 0 0
0 0 0 0 0 0 0
0 0 0 0 0 0 0
0 0 0 0 0 0 0
0 0 0 0 0 0 0
0 0 0 0 0 0 0
0 0 0 0 0 0 0
0 0 0 0 0 0 0
0 0 0 0 0 0 0
0 0 0 0 0 0 0
0 0 0 0 0 0 0
0 0 0 0 0 0 0
0 0 0 0 0 0 0
0 0 0 0 0 0 0
0 0 0 0 0 0 0
0 0 0 0 0 0 0
0 0 0 0 0 0 0
0 0 0 0 0 0 0
0 0 0 0 0 0 0
0 0 0 0 0 0 0
0 0 0 0 0 0 0
0 0 0 0 0 0 0
0 0 0 0 0 0 0
0 0 0 0 0 0 0
0 0 0 0 0 0 0
0 0 0 0 0 0 0
0 0 0 0 0 0 0
0 0 0 0 0 0 0
0 0 0 0 0 0 0
0 0 0 0 0 0 0
