119.197447820803 120.43925572554 54.7539403844206 54.8681040126349 78.7086609307036 5.56172839506173 0
119.190518511077 120.401056103577 54.7506044434931 54.8650121664336 78.6935373033089 5.56172839506173 0
119.136516653452 120.347413426538 54.7570945860108 54.8744573325862 78.6552858186869 5.56172839506173 0
120.540833313095 121.898732559124 54.4277382120831 54.5442213523819 78.9070441997373 5.56172839506173 0
120.536244836305 122.021481574793 54.3690637362954 54.479657975221 78.8450300819568 5.56172839506173 0
120.573857154482 122.058475327685 54.5557719638218 54.679395413125 78.9221720283448 5.56172839506173 0
120.553232277716 122.037889865379 54.5385373466492 54.6454963228684 78.8953612167874 5.56172839506173 0
120.38178973996 121.938961143334 54.6225817626856 54.720978408495 78.9010605707073 5.56172839506173 0
120.274150998328 121.860821015375 54.5566455424381 54.6473806886896 78.7994941543248 5.56172839506173 0
120.238886974628 121.866723808471 54.545792763731 54.6344779636063 78.7683932390931 5.56172839506173 0
119.93071535497 121.492250066294 54.6491439573847 54.7469771018879 78.7203911326855 5.56172839506173 0
119.925902402896 121.487464702418 54.636158290143 54.7371373635292 78.7132369437299 5.56172839506173 0
119.970007387218 121.530638855012 54.6752802480953 54.7478200052459 78.7697328866827 5.56172839506173 0
120.056150486166 121.693631675645 54.6474686835508 54.7214930988325 78.7877860226662 5.56172839506173 0
120.00978996184 121.778375206511 54.4521575422048 54.5137688180085 78.6727006510402 5.56172839506173 0
119.981271572661 121.749140080804 54.5258579023099 54.6279269163978 78.6596350689981 5.56172839506173 0
119.855319399824 121.492072979929 54.5370441646849 54.6291287017946 78.6268647737593 5.56172839506173 0
119.875669522817 121.398944723052 54.5466890784755 54.6300038454327 78.5871403904398 5.56172839506173 0
119.953340375003 121.357920216376 54.6040941520622 54.6880107522178 78.6551337433634 5.56172839506173 0
119.927563240452 121.337708273269 54.6346564669807 54.7130407706102 78.6395385490234 5.56172839506173 0
119.935946322729 121.348581322658 54.5309075700237 54.5936759603856 78.6161594435288 5.56172839506173 0
119.947918077972 121.34334902682 54.7640844884378 54.8332965954705 78.6768589335413 5.56172839506173 0
119.973689905596 121.361971493916 54.7691910470678 54.8388072209634 78.6760726416721 5.56172839506173 0
120.023120317916 121.43776407333 54.6542687491305 54.718844852042 78.6319804902961 5.56172839506173 0
120.100196372947 121.563653658814 54.8242154847159 54.8928216515456 78.6764705375212 5.56172839506173 0
120.437704878909 121.819869461268 54.8872465197524 55.0669099958549 78.7961368148867 5.56172839506173 0
120.454147283609 121.83856884749 54.9141436644638 55.1286360961929 78.8151477663874 5.56172839506173 0
120.442133705074 121.826671051766 54.8938530288988 55.109369310282 78.7976207309962 5.56172839506173 0
120.548518883138 121.938024506026 54.5109992244791 54.7305136122968 78.7003128426829 5.56172839506173 0
120.54983828902 121.964700368421 54.5121602438572 54.7311840438785 78.7009925901535 5.56172839506173 0
120.382087287738 121.791506415575 54.6414199724892 54.8443975115934 78.7175002799416 5.56172839506173 0
120.377460404787 121.786900956778 54.6303051685423 54.8327177426037 78.7109085437709 5.56172839506173 0
120.401689656748 121.803189025069 54.6934344626702 54.9069995120633 78.7433711109527 5.56172839506173 0
120.405694165565 121.806969308176 54.7111566167421 54.9392012474823 78.7497014187975 5.56172839506173 0
120.413071701647 121.810350682188 54.6550267023211 54.870297997312 78.7437974997546 5.56172839506173 0
120.384749234277 121.782417486235 54.6112241875234 54.7845252298359 78.7034622728315 5.56172839506173 0
120.219371901852 121.612932773354 54.3011661991863 54.6087438383566 78.5712935814086 5.56172839506173 0
120.225421249256 121.612731850795 54.3126456287902 54.6203266630966 78.5841697933212 5.56172839506173 0
120.106290230173 121.490584548988 54.5973020902399 54.9062176577811 78.5956815143832 5.56172839506173 0
120.114755931427 121.497919508965 54.6223553054824 54.8765481254364 78.6063438311825 5.56172839506173 0
120.115509871395 121.498652815403 54.5803103821 54.8590577519082 78.6032491563439 5.56172839506173 0
119.720011239305 121.147141351704 54.7253321726215 54.9811032220808 78.5377336985412 5.56172839506173 0
119.661084091505 121.08917120005 54.8029119637154 55.0511088040081 78.522689049389 5.56172839506173 0
119.639418325627 121.077403322791 54.8056987726176 55.0540530970048 78.5103398986336 5.56172839506173 0
119.607440172773 121.047697160086 54.8455200468484 55.1129303517283 78.504526354691 5.56172839506173 0
119.627225467956 121.070934814274 55.0769403780219 55.3279818745181 78.5625808002755 5.56172839506173 0
119.597690510682 121.046744516587 55.0254074562869 55.274682463507 78.5008610973911 5.56172839506173 0
119.656306039021 121.118555810884 54.9880481286274 55.23072839998 78.5191698254732 5.56172839506173 0
119.093589969365 120.549060272474 55.1589220552877 55.3972135423803 78.4030429557209 5.56172839506173 0
118.994085378727 120.446054250973 54.9545333267974 55.1891304451233 78.2593685004224 5.56172839506173 0
118.879788434198 120.304993275889 54.8827447315427 55.1166013612793 78.1583968808039 5.56172839506173 0
118.868195403497 120.275239506896 54.8827026577249 55.1160145992455 78.1488003899853 5.56172839506173 0
118.875313023517 120.282832875561 54.7976644288818 54.9465247724583 78.1453159269587 5.56172839506173 0
119.444412419232 121.020842985219 54.6324264869632 54.7546184009717 78.282871705312 5.56172839506173 0
119.415915629631 120.976129257128 54.7363849541614 54.8642811696336 78.2903713488406 5.56172839506173 0
119.200827653953 120.807369102098 54.9500238544732 55.0940376901892 78.2745779125288 5.56172839506173 0
119.195526029962 120.801920506365 54.9445174524856 55.0886941388077 78.2676520513825 5.56172839506173 0
119.193926059024 120.800789968323 54.9437928212124 55.0879689181527 78.2665307464583 5.56172839506173 0
119.097263353948 120.706345765051 55.0340113713367 55.200136711954 78.213772577951 5.56172839506173 0
118.481326176028 120.291198697748 55.1194758215021 55.2900515316155 78.1868259290014 5.56172839506173 0
118.490796212167 120.308111582001 55.120889282136 55.2918906770966 78.1837554235887 5.56172839506173 0
118.489819229713 120.306806673366 55.0317155313043 55.2428883954845 78.1713480022334 5.56172839506173 0
118.4726632878 120.290490007896 55.0229498209572 55.1683586599804 78.1498062259041 5.56172839506173 0
118.753565052602 120.575657568595 54.9208048661983 55.0095535813222 78.2705929194404 5.56172839506173 0
118.691184188632 120.492033166825 55.1156255417723 55.2126708493764 78.3413751152384 5.56172839506173 0
118.815280596014 120.576534525179 54.8795800379139 55.0001740809071 78.2363993210714 5.56172839506173 0
118.804805206431 120.565210689068 54.871052694903 54.9918224234809 78.2242445012574 5.56172839506173 0
118.685089114475 120.236416021399 54.7967004211883 54.9209886306887 78.1177206149982 5.56172839506173 0
118.768050884039 120.249847548494 54.8489789136405 54.9739909361673 78.1577353274551 5.56172839506173 0
118.824482985569 120.308793923904 54.8336512566053 54.9595617199419 78.199270688245 5.56172839506173 0
118.579694426994 120.001490829349 54.8519674995172 54.9809948824199 78.1598837643274 5.56172839506173 0
118.58745892728 120.009551811196 54.8655644303363 54.9943117492188 78.1705205438832 5.56172839506173 0
118.619390934736 120.058260111319 54.9309970861526 55.0777706939314 78.2440962739923 5.56172839506173 0
118.420344386943 119.834812254122 55.1385811523203 55.2604297025986 78.1823879350255 5.56172839506173 0
118.079762107525 119.570946172125 55.1471794339093 55.2590323685851 78.0562098339416 5.56172839506173 0
118.052514295566 119.54103796912 54.8061741600046 54.9730549049186 77.9385965810458 5.56172839506173 0
118.137489824847 119.673030381042 54.7793522832315 54.9453100581781 77.9323869910968 5.56172839506173 0
117.730499219213 119.1990306094 54.7540768079904 54.9359958866094 77.7557618801956 5.56172839506173 0
117.675063312518 119.167136711451 54.7365391010373 54.9186730013116 77.7215083635969 5.56172839506173 0
117.674817854546 119.048907209903 54.7515647679024 54.9340213263784 77.7371983025914 5.56172839506173 0
117.657733912658 119.033623930384 54.9810257898279 55.3010847096581 77.7564410581936 5.56172839506173 0
117.608038990601 118.984367567543 54.9245109866501 55.2684372495084 77.693455368437 5.56172839506173 0
117.6100535925 118.969408101195 54.9353730638591 55.2914466497565 77.6976136622868 5.56172839506173 0
117.44946860356 118.782815458197 54.9804770084477 55.340274477442 77.6304273517332 5.56172839506173 0
117.322621608205 118.26950491602 54.9409311508906 55.3077387902099 77.5399838678277 5.56172839506173 0
117.251357627334 118.197592057741 54.9353834526833 55.2944445852899 77.4888346449617 5.56172839506173 0
117.267399167698 118.21391973231 55.0805497769396 55.4193092166262 77.5374426490482 5.56172839506173 0
117.268711348782 118.21523221446 55.0825756717593 55.4211470172575 77.5391044096377 5.56172839506173 0
117.05061026239 118.039626230877 55.0962814059052 55.4381937594089 77.4920288829327 5.56172839506173 0
117.118256391688 118.005483819548 55.0947575620573 55.4384868160265 77.5026489085619 5.56172839506173 0
117.220601648802 118.108163283518 55.0934940600122 55.429004392609 77.5651953516624 5.56172839506173 0
117.193360248814 118.083113116337 55.0667988231564 55.327133978434 77.5493026023991 5.56172839506173 0
117.159607230072 118.134182415971 55.0628384655604 55.295630695145 77.5336691168874 5.56172839506173 0
117.19838854613 118.177865834504 55.0716176988806 55.2999864453575 77.5383377861052 5.56172839506173 0
117.278211656591 118.258743841294 55.2763047687738 55.5023733464711 77.6622848023583 5.56172839506173 0
117.277531350312 118.262450304403 55.2850232959786 55.5339113357498 77.6671805050738 5.56172839506173 0
117.250255619 118.236242781175 55.2302010348725 55.5306775810325 77.6376289106186 5.56172839506173 0
117.244522361665 118.230455889543 55.2299941216108 55.5308399502691 77.632905846815 5.56172839506173 0
117.341537075599 118.327475963742 55.4828680234821 55.7772114520263 77.7800536261508 5.56172839506173 0
117.39211362427 118.377187279248 55.6487300075436 55.8821469353272 77.849699412393 5.56172839506173 0
117.521452880603 118.509373145155 55.5436902105746 55.7713611310064 77.8862262905802 5.56172839506173 0
117.443138253798 118.430670311948 55.6532173469772 55.9145619767353 77.8699890450586 5.56172839506173 0
117.194314200158 118.103657388406 55.6225302549633 55.881548000147 77.7965641201925 5.56172839506173 0
117.168204479833 118.06891995992 55.6502014096946 55.9241628862454 77.8315509571955 5.56172839506173 0
117.099000645817 117.968779592349 55.612310242986 55.8861997526973 77.7688694347556 5.56172839506173 0
117.091954966069 117.961655196901 55.6081760632432 55.8820215924912 77.7571245020947 5.56172839506173 0
116.906637381994 117.765311551626 55.6112253696745 55.8652861129343 77.6584612567489 5.56172839506173 0
117.907029105772 120.108123084467 55.6974358807823 55.9784331399122 77.8483834203143 5.56172839506173 0
118.269023159782 121.158542576548 55.6699773524066 55.9489357700522 77.8476528144124 5.56172839506173 0
119.149692979454 121.454709050179 55.3877483110713 55.5512711311098 77.8496065829056 5.56172839506173 0
119.128807747691 121.440544013486 55.4752159668821 55.6017296498215 77.8361136115675 5.56172839506173 0
119.131789287687 121.440137811842 55.5494126870961 55.7124799416936 77.8468530948555 5.56172839506173 0
119.066468444202 121.381576450353 55.6755970856846 55.850257329961 77.8943512431454 5.56172839506173 0
119.756188050906 121.471248481327 55.6000614881771 55.7842883507501 77.9497909199444 5.56172839506173 0
119.732752623947 121.454346024331 55.6173299260641 55.7705665110044 77.9290611855953 5.56172839506173 0
119.744192659663 121.468293643308 55.6328821868437 55.7382662269818 77.9412564449787 5.56172839506173 0
120.315735161999 121.886540968343 55.5890402495883 55.7026090435367 77.9462220436054 5.56172839506173 0
120.891620346128 122.723638774128 55.624509996217 55.7368201595342 78.0100910763189 5.56172839506173 0
121.175898482026 123.022764443471 55.598424939669 55.7404366167353 78.0986242186569 5.56172839506173 0
121.139997841328 122.985000743174 55.5831738461459 55.7281201141528 78.0660055596439 5.56172839506173 0
121.169121595076 123.015041122822 55.6399857890599 55.7925210720298 78.1070686894658 5.56172839506173 0
120.377997339048 122.404942068859 55.6085960627114 55.7567034695543 77.987339717502 5.56172839506173 0
120.37575174443 122.402760115701 55.602609068737 55.7515405231435 77.9833086767076 5.56172839506173 0
120.371845942187 122.39765237238 55.6010908797307 55.750106044408 77.9799011802896 5.56172839506173 0
120.366565116105 122.388965573921 55.5993561136207 55.748480594152 77.9741885841342 5.56172839506173 0
120.402013664765 122.435372705127 55.3928503476734 55.5751474392582 77.9460500771034 5.56172839506173 0
120.351467963504 122.381155874296 55.4114508414651 55.5297528002629 77.8990231203565 5.56172839506173 0
120.409761632085 122.439928538227 55.5009698805823 55.6139397908075 77.9729723556399 5.56172839506173 0
120.442161783047 122.472438596705 55.5413394854123 55.6552515347372 78.0085218376412 5.56172839506173 0
0 0 0 0 0 0 0
0 0 0 0 0 0 0
0 0 0 0 0 0 0
0 0 0 0 0 0 0
0 0 0 0 0 0 0
0 0 0 0 0 0 0
0 0 0 0 0 0 0
0 0 0 0 0 0 0
0 0 0 0 0 0 0
0 0 0 0 0 0 0
0 0 0 0 0 0 0
0 0 0 0 0 0 0
0 0 0 0 0 0 0
0 0 0 0 0 0 0
0 0 0 0 0 0 0
0 0 0 0 0 0 0
0 0 0 0 0 0 0
0 0 0 0 0 0 0
0 0 0 0 0 0 0
0 0 0 0 0 0 0
0 0 0 0 0 0 0
0 0 0 0 0 0 0
0 0 0 0 0 0 0
0 0 0 0 0 0 0
0 0 0 0 0 0 0
0 0 0 0 0 0 0
0 0 0 0 0 0 0
0 0 0 0 0 0 0
0 0 0 0 0 0 0
0 0 0 0 0 0 0
0 0 0 0 0 0 0
0 0 0 0 0 0 0
0 0 0 0 0 0 0
0 0 0 0 0 0 0
0 0 0 0 0 0 0
0 0 0 0 0 0 0
0 0 0 0 0 0 0
0 0 0 0 0 0 0
0 0 0 0 0 0 0
0 0 0 0 0 0 0
0 0 0 0 0 0 0
0 0 0 0 0 0 0
0 0 0 0 0 0 0
0 0 0 0 0 0 0
0 0 0 0 0 0 0
0 0 0 0 0 0 0
0 0 0 0 0 0 0
0 0 0 0 0 0 0
0 0 0 0 0 0 0
0 0 0 0 0 0 0
0 0 0 0 0 0 0
0 0 0 0 0 0 0
0 0 0 0 0 0 0
0 0 0 0 0 0 0
0 0 0 0 0 0 0
0 0 0 0 0 0 0
0 0 0 0 0 0 0
0 0 0 0 0 0 0
0 0 0 0 0 0 0
0 0 0 0 0 0 0
0 0 0 0 0 0 0
0 0 0 0 0 0 0
0 0 0 0 0 0 0
0 0 0 0 0 0 0
0 0 0 0 0 0 0
0 0 0 0 0 0 0
0 0 0 0 0 0 0
0 0 0 0 0 0 0
0 0 0 0 0 0 0
0 0 0 0 0 0 0
0 0 0 0 0 0 0
