1 2 0 0 0.631578947368421 -0
1 76 0 0 -0 0.631578947368421
1 113 0 0 0.166019665714008 0.543986000088982
2 3 0.631578947368421 -0 1.26315789473684 -0
2 113 0.631578947368421 -0 0.166019665714008 0.543986000088982
2 189 0.631578947368421 -0 0.47361091961948 0.756639566433797
2 228 0.631578947368421 -0 1.06511222939398 0.770428475563588
3 4 1.26315789473684 -0 1.89473684210526 -0
3 162 1.26315789473684 -0 1.47483004817517 0.208258826032289
3 228 1.26315789473684 -0 1.06511222939398 0.770428475563588
4 5 1.89473684210526 -0 2.52631578947368 -0
4 158 1.89473684210526 -0 1.907793195007 0.479401002281992
4 162 1.89473684210526 -0 1.47483004817517 0.208258826032289
5 6 2.52631578947368 -0 3.15789473684211 -0
5 137 2.52631578947368 -0 2.46703275627329 0.59026743376748
5 158 2.52631578947368 -0 1.907793195007 0.479401002281992
6 7 3.15789473684211 -0 3.78947368421053 -0
6 95 3.15789473684211 -0 3.4520293262532 0.852442195497426
6 108 3.15789473684211 -0 3.67094884699586 0.165453388913026
6 137 3.15789473684211 -0 2.46703275627329 0.59026743376748
7 8 3.78947368421053 -0 4.42105263157895 -0
7 108 3.78947368421053 -0 3.67094884699586 0.165453388913026
7 121 3.78947368421053 -0 4.09366319547128 0.674808582783699
8 9 4.42105263157895 -0 5.05263157894737 -0
8 121 4.42105263157895 -0 4.09366319547128 0.674808582783699
8 183 4.42105263157895 -0 4.70519593249352 0.354945534704703
9 10 5.05263157894737 -0 5.68421052631579 -0
9 120 5.05263157894737 -0 5.10403858669245 0.184462753689333
9 183 5.05263157894737 -0 4.70519593249352 0.354945534704703
10 11 5.68421052631579 -0 6.31578947368421 0
10 112 5.68421052631579 -0 5.88589446578909 0.478526966780248
10 120 5.68421052631579 -0 5.10403858669245 0.184462753689333
10 274 5.68421052631579 -0 6.11410553421091 0.478526966780248
11 12 6.31578947368421 0 6.94736842105263 0
11 274 6.31578947368421 0 6.11410553421091 0.478526966780248
11 282 6.31578947368421 0 6.89596141330755 0.184462753689333
12 13 6.94736842105263 0 7.57894736842105 0
12 282 6.94736842105263 0 6.89596141330755 0.184462753689333
12 345 6.94736842105263 0 7.29480406750648 0.354945534704703
13 14 7.57894736842105 0 8.21052631578947 0
13 283 7.57894736842105 0 7.90633680452872 0.674808582783699
13 345 7.57894736842105 0 7.29480406750648 0.354945534704703
14 15 8.21052631578947 0 8.8421052631579 0
14 270 8.21052631578947 0 8.32905115300414 0.165453388913026
14 283 8.21052631578947 0 7.90633680452872 0.674808582783699
15 16 8.8421052631579 0 9.47368421052632 0
15 257 8.8421052631579 0 8.5479706737468 0.852442195497426
15 270 8.8421052631579 0 8.32905115300414 0.165453388913026
15 299 8.8421052631579 0 9.53296724372671 0.59026743376748
16 17 9.47368421052632 0 10.1052631578947 0
16 299 9.47368421052632 0 9.53296724372671 0.59026743376748
16 320 9.47368421052632 0 10.092206804993 0.479401002281992
17 18 10.1052631578947 0 10.7368421052632 0
17 320 10.1052631578947 0 10.092206804993 0.479401002281992
17 324 10.1052631578947 0 10.5251699518248 0.208258826032289
18 19 10.7368421052632 0 11.3684210526316 0
18 324 10.7368421052632 0 10.5251699518248 0.208258826032289
18 390 10.7368421052632 0 10.934887770606 0.770428475563588
19 20 11.3684210526316 0 12 0
19 275 11.3684210526316 0 11.833980334286 0.543986000088982
19 351 11.3684210526316 0 11.5263890803805 0.756639566433797
19 390 11.3684210526316 0 10.934887770606 0.770428475563588
20 21 12 0 12 0.631578947368421
20 275 12 0 11.833980334286 0.543986000088982
21 22 12 0.631578947368421 12 1.26315789473684
21 255 12 0.631578947368421 11.8963986112585 1.09404638602337
21 275 12 0.631578947368421 11.833980334286 0.543986000088982
21 351 12 0.631578947368421 11.5263890803805 0.756639566433797
22 23 12 1.26315789473684 12 1.89473684210526
22 255 12 1.26315789473684 11.8963986112585 1.09404638602337
22 293 12 1.26315789473684 11.7358340230801 1.56543939358168
23 24 12 1.89473684210526 12 2.52631578947368
23 293 12 1.89473684210526 11.7358340230801 1.56543939358168
23 349 12 1.89473684210526 11.7961890464339 2.20860107437764
24 25 12 2.52631578947368 12 3.15789473684211
24 340 12 2.52631578947368 11.2354481938683 2.9019954183783
24 349 12 2.52631578947368 11.7961890464339 2.20860107437764
24 352 12 2.52631578947368 11.3532068885834 2.26701703435025
25 26 12 3.15789473684211 12 3.78947368421053
25 340 12 3.15789473684211 11.2354481938683 2.9019954183783
25 379 12 3.15789473684211 11.3986368972712 3.53838867851111
26 27 12 3.78947368421053 12 4.42105263157895
26 379 12 3.78947368421053 11.3986368972712 3.53838867851111
26 392 12 3.78947368421053 11.8043834329979 4.43353144026977
27 28 12 4.42105263157895 12 5.05263157894737
27 392 12 4.42105263157895 11.8043834329979 4.43353144026977
28 29 12 5.05263157894737 12 5.68421052631579
28 263 12 5.05263157894737 11.535244659859 5.55345171755845
28 392 12 5.05263157894737 11.8043834329979 4.43353144026977
28 394 12 5.05263157894737 11.5701032971524 5.11661345085652
29 30 12 5.68421052631579 12 6.31578947368421
29 263 12 5.68421052631579 11.535244659859 5.55345171755845
30 31 12 6.31578947368421 12 6.94736842105263
30 263 12 6.31578947368421 11.535244659859 5.55345171755845
30 272 12 6.31578947368421 11.320646608137 6.75330033078009
30 281 12 6.31578947368421 11.0130683545932 6.12198731034058
30 312 12 6.31578947368421 11.7560043381578 6.79506168289208
31 32 12 6.94736842105263 12 7.57894736842105
31 312 12 6.94736842105263 11.7560043381578 6.79506168289208
31 399 12 6.94736842105263 11.7845947553827 7.32347646232828
32 33 12 7.57894736842105 12 8.21052631578947
32 266 12 7.57894736842105 11.4987857437714 7.72870990175663
32 399 12 7.57894736842105 11.7845947553827 7.32347646232828
33 34 12 8.21052631578947 12 8.8421052631579
33 253 12 8.21052631578947 10.9201163592158 8.85095138828847
33 266 12 8.21052631578947 11.4987857437714 7.72870990175663
34 35 12 8.8421052631579 12 9.47368421052632
34 253 12 8.8421052631579 10.9201163592158 8.85095138828847
34 327 12 8.8421052631579 11.7339114209531 9.27411719071824
35 36 12 9.47368421052632 12 10.1052631578947
35 327 12 9.47368421052632 11.7339114209531 9.27411719071824
35 385 12 9.47368421052632 11.8416113590208 9.6850088563806
36 37 12 10.1052631578947 12 10.7368421052632
36 385 12 10.1052631578947 11.8416113590208 9.6850088563806
36 400 12 10.1052631578947 11.6557049095605 10.1846742648281
37 38 12 10.7368421052632 12 11.3684210526316
37 339 12 10.7368421052632 11.7690023065075 10.7607629490661
37 400 12 10.7368421052632 11.6557049095605 10.1846742648281
38 39 12 11.3684210526316 12 12
38 286 12 11.3684210526316 11.7606495693782 11.3830719347593
38 339 12 11.3684210526316 11.7690023065075 10.7607629490661
39 40 12 12 11.3684210526316 12
39 286 12 12 11.7606495693782 11.3830719347593
40 41 11.3684210526316 12 10.7368421052632 12
40 286 11.3684210526316 12 11.7606495693782 11.3830719347593
40 393 11.3684210526316 12 11.1081499386717 11.4033808859368
41 42 10.7368421052632 12 10.1052631578947 12
41 252 10.7368421052632 12 10.5462099235898 11.3158330976216
41 393 10.7368421052632 12 11.1081499386717 11.4033808859368
42 43 10.1052631578947 12 9.47368421052632 12
42 252 10.1052631578947 12 10.5462099235898 11.3158330976216
42 337 10.1052631578947 12 9.8720660376771 11.6306288085401
43 44 9.47368421052632 12 8.8421052631579 12
43 321 9.47368421052632 12 9.38891829679876 11.8744919415563
43 337 9.47368421052632 12 9.8720660376771 11.6306288085401
44 45 8.8421052631579 12 8.21052631578947 12
44 269 8.8421052631579 12 8.83579575966337 11.5701306031158
44 321 8.8421052631579 12 9.38891829679876 11.8744919415563
45 46 8.21052631578947 12 7.57894736842105 12
45 269 8.21052631578947 12 8.83579575966337 11.5701306031158
45 303 8.21052631578947 12 7.5493367431634 11.3915325896207
46 47 7.57894736842105 12 6.94736842105263 12
46 303 7.57894736842105 12 7.5493367431634 11.3915325896207
47 48 6.94736842105263 12 6.31578947368421 12
47 279 6.94736842105263 12 6.56444851432236 11.7475194879694
47 303 6.94736842105263 12 7.5493367431634 11.3915325896207
47 333 6.94736842105263 12 6.91206894882259 11.4607021732682
48 49 6.31578947368421 12 5.68421052631579 12
48 117 6.31578947368421 12 5.43555148567764 11.7475194879694
48 279 6.31578947368421 12 6.56444851432236 11.7475194879694
49 50 5.68421052631579 12 5.05263157894737 12
49 117 5.68421052631579 12 5.43555148567764 11.7475194879694
50 51 5.05263157894737 12 4.42105263157895 12
50 117 5.05263157894737 12 5.43555148567764 11.7475194879694
50 141 5.05263157894737 12 4.4506632568366 11.3915325896207
50 171 5.05263157894737 12 5.08793105117741 11.4607021732682
51 52 4.42105263157895 12 3.78947368421053 12
51 141 4.42105263157895 12 4.4506632568366 11.3915325896207
52 53 3.78947368421053 12 3.15789473684211 12
52 107 3.78947368421053 12 3.16420424033663 11.5701306031158
52 141 3.78947368421053 12 4.4506632568366 11.3915325896207
53 54 3.15789473684211 12 2.52631578947368 12
53 107 3.15789473684211 12 3.16420424033663 11.5701306031158
53 159 3.15789473684211 12 2.61108170320124 11.8744919415563
54 55 2.52631578947368 12 1.89473684210526 12
54 159 2.52631578947368 12 2.61108170320124 11.8744919415563
54 175 2.52631578947368 12 2.1279339623229 11.6306288085401
55 56 1.89473684210526 12 1.26315789473684 12
55 90 1.89473684210526 12 1.45379007641017 11.3158330976216
55 175 1.89473684210526 12 2.1279339623229 11.6306288085401
56 57 1.26315789473684 12 0.631578947368421 12
56 90 1.26315789473684 12 1.45379007641017 11.3158330976216
56 231 1.26315789473684 12 0.891850061328342 11.4033808859368
57 58 0.631578947368421 12 0 12
57 124 0.631578947368421 12 0.239350430621768 11.3830719347593
57 231 0.631578947368421 12 0.891850061328342 11.4033808859368
58 59 0 12 0 11.3684210526316
58 124 0 12 0.239350430621768 11.3830719347593
59 60 0 11.3684210526316 0 10.7368421052632
59 124 0 11.3684210526316 0.239350430621768 11.3830719347593
59 177 0 11.3684210526316 0.230997693492503 10.7607629490661
60 61 0 10.7368421052632 0 10.1052631578947
60 177 0 10.7368421052632 0.230997693492503 10.7607629490661
60 238 0 10.7368421052632 0.344295090439455 10.1846742648281
61 62 0 10.1052631578947 0 9.47368421052632
61 223 0 10.1052631578947 0.158388640979231 9.6850088563806
61 238 0 10.1052631578947 0.344295090439455 10.1846742648281
62 63 0 9.47368421052632 0 8.8421052631579
62 165 0 9.47368421052632 0.266088579046909 9.27411719071824
62 223 0 9.47368421052632 0.158388640979231 9.6850088563806
63 64 0 8.8421052631579 0 8.21052631578947
63 91 0 8.8421052631579 1.07988364078423 8.85095138828847
63 165 0 8.8421052631579 0.266088579046909 9.27411719071824
64 65 0 8.21052631578947 0 7.57894736842105
64 91 0 8.21052631578947 1.07988364078423 8.85095138828847
64 104 0 8.21052631578947 0.501214256228631 7.72870990175663
65 66 0 7.57894736842105 0 6.94736842105263
65 104 0 7.57894736842105 0.501214256228631 7.72870990175663
65 237 0 7.57894736842105 0.215405244617313 7.32347646232828
66 67 0 6.94736842105263 0 6.31578947368421
66 150 0 6.94736842105263 0.243995661842165 6.79506168289208
66 237 0 6.94736842105263 0.215405244617313 7.32347646232828
67 68 0 6.31578947368421 -0 5.68421052631579
67 101 0 6.31578947368421 0.464755340141003 5.55345171755845
67 110 0 6.31578947368421 0.679353391863041 6.75330033078009
67 119 0 6.31578947368421 0.986931645406846 6.12198731034058
67 150 0 6.31578947368421 0.243995661842165 6.79506168289208
68 69 -0 5.68421052631579 -0 5.05263157894737
68 101 -0 5.68421052631579 0.464755340141003 5.55345171755845
69 70 -0 5.05263157894737 -0 4.42105263157895
69 101 -0 5.05263157894737 0.464755340141003 5.55345171755845
69 230 -0 5.05263157894737 0.195616567002056 4.43353144026977
69 232 -0 5.05263157894737 0.429896702847624 5.11661345085652
70 71 -0 4.42105263157895 -0 3.78947368421053
70 230 -0 4.42105263157895 0.195616567002056 4.43353144026977
71 72 -0 3.78947368421053 -0 3.15789473684211
71 217 -0 3.78947368421053 0.601363102728845 3.53838867851111
71 230 -0 3.78947368421053 0.195616567002056 4.43353144026977
72 73 -0 3.15789473684211 -0 2.52631578947368
72 178 -0 3.15789473684211 0.76455180613166 2.9019954183783
72 217 -0 3.15789473684211 0.601363102728845 3.53838867851111
73 74 -0 2.52631578947368 -0 1.89473684210526
73 178 -0 2.52631578947368 0.76455180613166 2.9019954183783
73 187 -0 2.52631578947368 0.203810953566148 2.20860107437764
73 190 -0 2.52631578947368 0.646793111416585 2.26701703435025
74 75 -0 1.89473684210526 -0 1.26315789473684
74 131 -0 1.89473684210526 0.264165976919909 1.56543939358168
74 187 -0 1.89473684210526 0.203810953566148 2.20860107437764
75 76 -0 1.26315789473684 -0 0.631578947368421
75 93 -0 1.26315789473684 0.103601388741492 1.09404638602337
75 131 -0 1.26315789473684 0.264165976919909 1.56543939358168
76 93 -0 0.631578947368421 0.103601388741492 1.09404638602337
76 113 -0 0.631578947368421 0.166019665714008 0.543986000088982
76 189 -0 0.631578947368421 0.47361091961948 0.756639566433797
77 96 4.46853362441335 3.11777584302156 5.03483222897455 4.17233558597255
77 140 4.46853362441335 3.11777584302156 4.25223243550169 2.84672203035651
77 166 4.46853362441335 3.11777584302156 4.45200560124571 2.47470224396243
77 172 4.46853362441335 3.11777584302156 4.66639582411397 4.28704252724443
77 180 4.46853362441335 3.11777584302156 5.1945899312695 2.53125622376889
77 182 4.46853362441335 3.11777584302156 3.95513752207123 4.23148422395335
77 212 4.46853362441335 3.11777584302156 4.04597380687065 3.16901571998459
77 213 4.46853362441335 3.11777584302156 5.2565094576982 2.92116209174711
78 81 4.47300444676078 9.8486538920365 4.52987712733093 8.92411084865624
78 99 4.47300444676078 9.8486538920365 5.04092439779362 9.5193814111301
78 129 4.47300444676078 9.8486538920365 3.70376495738271 10.446986985607
78 147 4.47300444676078 9.8486538920365 5.05171772291823 9.99991610450083
78 184 4.47300444676078 9.8486538920365 3.95191643706258 9.73336019398358
78 202 4.47300444676078 9.8486538920365 5.04937278273848 10.3698498237709
79 91 1.16318711549195 7.97952821998527 1.07988364078423 8.85095138828847
79 104 1.16318711549195 7.97952821998527 0.501214256228631 7.72870990175663
79 143 1.16318711549195 7.97952821998527 2.09177414364006 7.5529878916565
79 196 1.16318711549195 7.97952821998527 1.09619416968794 7.26937056918946
79 200 1.16318711549195 7.97952821998527 1.47938461589614 8.18190799070951
79 205 1.16318711549195 7.97952821998527 1.90560424312505 7.21243739482083
80 89 4.07791130086429 5.86087002284567 3.66144266824361 6.28463108860176
80 98 4.07791130086429 5.86087002284567 4.67615222256362 6.50302544027806
80 142 4.07791130086429 5.86087002284567 3.5915068990392 5.2130582285546
80 152 4.07791130086429 5.86087002284567 4.64928580015803 4.71145672081039
80 163 4.07791130086429 5.86087002284567 5.04463087784883 5.55429517317959
80 186 4.07791130086429 5.86087002284567 4.18197022993156 6.44387541234943
81 99 4.52987712733093 8.92411084865624 5.04092439779362 9.5193814111301
81 184 4.52987712733093 8.92411084865624 3.95191643706258 9.73336019398358
81 216 4.52987712733093 8.92411084865624 4.44675305725174 8.4122502974331
81 218 4.52987712733093 8.92411084865624 4.09508089425473 8.69153952190362
81 235 4.52987712733093 8.92411084865624 4.80441057342423 8.57819590839881
82 139 5.80065371972788 2.12077653763293 5.22855413158372 1.89850408923051
82 210 5.80065371972788 2.12077653763293 5.73014708353782 1.43112038571622
82 233 5.80065371972788 2.12077653763293 5.62916424446908 2.5365922302796
82 244 5.80065371972788 2.12077653763293 6.19934628027212 2.12077653763293
83 128 5.55303682069332 7.54574433138296 4.6767101178132 6.99537122273652
83 211 5.55303682069332 7.54574433138296 5.60021233318932 6.71647532394008
83 215 5.55303682069332 7.54574433138296 4.96134707251595 8.22146717689385
83 227 5.55303682069332 7.54574433138296 5.83111805734131 7.87986092302184
83 245 5.55303682069332 7.54574433138296 6.44696317930668 7.54574433138296
83 373 5.55303682069332 7.54574433138296 6.39978766681068 6.71647532394008
83 389 5.55303682069332 7.54574433138296 6.16888194265869 7.87986092302184
84 111 2.02524376511805 4.8919185327531 1.82962799451705 4.14348627445939
84 114 2.02524376511805 4.8919185327531 1.52647605913256 5.14185065147395
84 136 2.02524376511805 4.8919185327531 2.61670271051704 4.65785810780417
84 170 2.02524376511805 4.8919185327531 2.20798358065572 4.35330488861663
84 188 2.02524376511805 4.8919185327531 2.49525035001926 5.20970876162807
84 198 2.02524376511805 4.8919185327531 2.09508250323958 5.37174768422585
85 92 2.31496947911635 9.47457313343644 2.39762349042333 9.93346698137055
85 204 2.31496947911635 9.47457313343644 1.46589064031571 9.94809111753121
85 206 2.31496947911635 9.47457313343644 2.42112552971448 8.99665229646182
85 207 2.31496947911635 9.47457313343644 1.86622210533131 8.72528555547683
85 229 2.31496947911635 9.47457313343644 2.95757128726658 9.65984070077313
85 234 2.31496947911635 9.47457313343644 1.18935193948889 9.52933160282542
86 88 5.25041461716455 1.27331157611355 4.79863486633954 1.76995820815546
86 139 5.25041461716455 1.27331157611355 5.22855413158372 1.89850408923051
86 145 5.25041461716455 1.27331157611355 4.55754331008312 0.807226946766349
86 155 5.25041461716455 1.27331157611355 5.05141871513512 0.826166498491401
86 210 5.25041461716455 1.27331157611355 5.73014708353782 1.43112038571622
86 236 5.25041461716455 1.27331157611355 5.43504168271424 0.805193289296393
87 94 3.14492236322477 5.18057503361494 3.64820976561716 4.38502990086225
87 122 3.14492236322477 5.18057503361494 2.89831575484447 5.58275774278162
87 136 3.14492236322477 5.18057503361494 2.61670271051704 4.65785810780417
87 142 3.14492236322477 5.18057503361494 3.5915068990392 5.2130582285546
87 188 3.14492236322477 5.18057503361494 2.49525035001926 5.20970876162807
88 116 4.79863486633954 1.76995820815546 4.41788429809198 1.91860339497868
88 139 4.79863486633954 1.76995820815546 5.22855413158372 1.89850408923051
88 145 4.79863486633954 1.76995820815546 4.55754331008312 0.807226946766349
88 149 4.79863486633954 1.76995820815546 4.11287212401485 1.46032300846215
88 166 4.79863486633954 1.76995820815546 4.45200560124571 2.47470224396243
88 180 4.79863486633954 1.76995820815546 5.1945899312695 2.53125622376889
89 122 3.66144266824361 6.28463108860176 2.89831575484447 5.58275774278162
89 142 3.66144266824361 6.28463108860176 3.5915068990392 5.2130582285546
89 153 3.66144266824361 6.28463108860176 3.37871242831307 6.7976682032815
89 167 3.66144266824361 6.28463108860176 2.64943706553307 6.49049734777947
89 168 3.66144266824361 6.28463108860176 3.75818070355261 6.80192672760957
89 186 3.66144266824361 6.28463108860176 4.18197022993156 6.44387541234943
90 109 1.45379007641017 11.3158330976216 1.38472391310671 10.4720829927429
90 175 1.45379007641017 11.3158330976216 2.1279339623229 11.6306288085401
90 199 1.45379007641017 11.3158330976216 1.78026719767293 10.4053282205232
90 231 1.45379007641017 11.3158330976216 0.891850061328342 11.4033808859368
91 104 1.07988364078423 8.85095138828847 0.501214256228631 7.72870990175663
91 165 1.07988364078423 8.85095138828847 0.266088579046909 9.27411719071824
91 200 1.07988364078423 8.85095138828847 1.47938461589614 8.18190799070951
91 207 1.07988364078423 8.85095138828847 1.86622210533131 8.72528555547683
91 234 1.07988364078423 8.85095138828847 1.18935193948889 9.52933160282542
92 199 2.39762349042333 9.93346698137055 1.78026719767293 10.4053282205232
92 204 2.39762349042333 9.93346698137055 1.46589064031571 9.94809111753121
92 209 2.39762349042333 9.93346698137055 2.9960271670246 10.5503249122202
92 229 2.39762349042333 9.93346698137055 2.95757128726658 9.65984070077313
93 131 0.103601388741492 1.09404638602337 0.264165976919909 1.56543939358168
93 189 0.103601388741492 1.09404638602337 0.47361091961948 0.756639566433797
94 136 3.64820976561716 4.38502990086225 2.61670271051704 4.65785810780417
94 142 3.64820976561716 4.38502990086225 3.5915068990392 5.2130582285546
94 152 3.64820976561716 4.38502990086225 4.64928580015803 4.71145672081039
94 182 3.64820976561716 4.38502990086225 3.95513752207123 4.23148422395335
94 185 3.64820976561716 4.38502990086225 3.07246445299158 3.81159297024179
95 108 3.4520293262532 0.852442195497426 3.67094884699586 0.165453388913026
95 121 3.4520293262532 0.852442195497426 4.09366319547128 0.674808582783699
95 137 3.4520293262532 0.852442195497426 2.46703275627329 0.59026743376748
95 138 3.4520293262532 0.852442195497426 3.33289883127214 1.56903062224664
95 146 3.4520293262532 0.852442195497426 2.56522015207363 0.952199123595101
95 173 3.4520293262532 0.852442195497426 3.86031510860673 1.06071647087214
96 115 5.03483222897455 4.17233558597255 5.44590588047292 4.60885538282373
96 148 5.03483222897455 4.17233558597255 5.5182666328405 3.94962351268283
96 152 5.03483222897455 4.17233558597255 4.64928580015803 4.71145672081039
96 172 5.03483222897455 4.17233558597255 4.66639582411397 4.28704252724443
96 213 5.03483222897455 4.17233558597255 5.2565094576982 2.92116209174711
97 126 5.30539156229289 5.79679892266404 5.07059376057207 6.44330179725258
97 163 5.30539156229289 5.79679892266404 5.04463087784883 5.55429517317959
97 201 5.30539156229289 5.79679892266404 5.80920125956199 5.38369839277056
97 211 5.30539156229289 5.79679892266404 5.60021233318932 6.71647532394008
98 126 4.67615222256362 6.50302544027806 5.07059376057207 6.44330179725258
98 128 4.67615222256362 6.50302544027806 4.6767101178132 6.99537122273652
98 163 4.67615222256362 6.50302544027806 5.04463087784883 5.55429517317959
98 186 4.67615222256362 6.50302544027806 4.18197022993156 6.44387541234943
99 144 5.04092439779362 9.5193814111301 5.55951005639058 10.1253947123479
99 147 5.04092439779362 9.5193814111301 5.05171772291823 9.99991610450083
99 226 5.04092439779362 9.5193814111301 5.80339829116883 9.39726263263321
99 235 5.04092439779362 9.5193814111301 4.80441057342423 8.57819590839881
100 123 3.526328833888 9.66360817787468 3.292959260717 9.11624446951848
100 129 3.526328833888 9.66360817787468 3.70376495738271 10.446986985607
100 184 3.526328833888 9.66360817787468 3.95191643706258 9.73336019398358
100 209 3.526328833888 9.66360817787468 2.9960271670246 10.5503249122202
100 229 3.526328833888 9.66360817787468 2.95757128726658 9.65984070077313
101 103 0.464755340141003 5.55345171755845 0.863178013477329 5.09532644218783
101 119 0.464755340141003 5.55345171755845 0.986931645406846 6.12198731034058
101 224 0.464755340141003 5.55345171755845 1.15102942105475 5.49215192294908
101 232 0.464755340141003 5.55345171755845 0.429896702847624 5.11661345085652
102 118 1.3984789333 2.37155244909595 1.06086861043297 1.16956260955417
102 154 1.3984789333 2.37155244909595 0.657501756847578 1.6703925626711
102 161 1.3984789333 2.37155244909595 1.42182759121503 1.14737917799373
102 178 1.3984789333 2.37155244909595 0.76455180613166 2.9019954183783
102 190 1.3984789333 2.37155244909595 0.646793111416585 2.26701703435025
102 214 1.3984789333 2.37155244909595 1.54094290392531 3.12395037851201
102 219 1.3984789333 2.37155244909595 1.69457021216125 2.58829266922578
102 220 1.3984789333 2.37155244909595 1.95380864199079 1.96538109841309
103 111 0.863178013477329 5.09532644218783 1.82962799451705 4.14348627445939
103 114 0.863178013477329 5.09532644218783 1.52647605913256 5.14185065147395
103 181 0.863178013477329 5.09532644218783 0.906431723533052 3.69476098370922
103 224 0.863178013477329 5.09532644218783 1.15102942105475 5.49215192294908
103 230 0.863178013477329 5.09532644218783 0.195616567002056 4.43353144026977
103 232 0.863178013477329 5.09532644218783 0.429896702847624 5.11661345085652
104 196 0.501214256228631 7.72870990175663 1.09619416968794 7.26937056918946
104 237 0.501214256228631 7.72870990175663 0.215405244617313 7.32347646232828
105 134 2.74587279930573 7.46304013596084 2.44075320141813 7.84235664640783
105 143 2.74587279930573 7.46304013596084 2.09177414364006 7.5529878916565
105 153 2.74587279930573 7.46304013596084 3.37871242831307 6.7976682032815
105 157 2.74587279930573 7.46304013596084 3.46083611423014 8.15480763027061
105 167 2.74587279930573 7.46304013596084 2.64943706553307 6.49049734777947
105 205 2.74587279930573 7.46304013596084 1.90560424312505 7.21243739482083
106 109 0.621324855597466 11.2005202513188 1.38472391310671 10.4720829927429
106 124 0.621324855597466 11.2005202513188 0.239350430621768 11.3830719347593
106 169 0.621324855597466 11.2005202513188 0.729614185180259 10.4660524452269
106 177 0.621324855597466 11.2005202513188 0.230997693492503 10.7607629490661
106 231 0.621324855597466 11.2005202513188 0.891850061328342 11.4033808859368
107 129 3.16420424033663 11.5701306031158 3.70376495738271 10.446986985607
107 141 3.16420424033663 11.5701306031158 4.4506632568366 11.3915325896207
107 159 3.16420424033663 11.5701306031158 2.61108170320124 11.8744919415563
107 175 3.16420424033663 11.5701306031158 2.1279339623229 11.6306288085401
107 209 3.16420424033663 11.5701306031158 2.9960271670246 10.5503249122202
108 121 3.67094884699586 0.165453388913026 4.09366319547128 0.674808582783699
109 169 1.38472391310671 10.4720829927429 0.729614185180259 10.4660524452269
109 199 1.38472391310671 10.4720829927429 1.78026719767293 10.4053282205232
109 204 1.38472391310671 10.4720829927429 1.46589064031571 9.94809111753121
109 231 1.38472391310671 10.4720829927429 0.891850061328342 11.4033808859368
110 119 0.679353391863041 6.75330033078009 0.986931645406846 6.12198731034058
110 150 0.679353391863041 6.75330033078009 0.243995661842165 6.79506168289208
110 193 0.679353391863041 6.75330033078009 1.47031885969312 6.9618955629428
110 194 0.679353391863041 6.75330033078009 1.43752410047662 6.5709066721952
110 196 0.679353391863041 6.75330033078009 1.09619416968794 7.26937056918946
110 237 0.679353391863041 6.75330033078009 0.215405244617313 7.32347646232828
111 114 1.82962799451705 4.14348627445939 1.52647605913256 5.14185065147395
111 125 1.82962799451705 4.14348627445939 1.54860442449575 3.63380929716415
111 170 1.82962799451705 4.14348627445939 2.20798358065572 4.35330488861663
111 174 1.82962799451705 4.14348627445939 1.90839792199502 3.39235867656005
111 181 1.82962799451705 4.14348627445939 0.906431723533052 3.69476098370922
111 222 1.82962799451705 4.14348627445939 2.41360018327702 3.28517172748731
112 120 5.88589446578909 0.478526966780248 5.10403858669245 0.184462753689333
112 210 5.88589446578909 0.478526966780248 5.73014708353782 1.43112038571622
112 236 5.88589446578909 0.478526966780248 5.43504168271424 0.805193289296393
112 274 5.88589446578909 0.478526966780248 6.11410553421091 0.478526966780248
113 189 0.166019665714008 0.543986000088982 0.47361091961948 0.756639566433797
114 197 1.52647605913256 5.14185065147395 1.48579028124059 5.67073928158199
114 198 1.52647605913256 5.14185065147395 2.09508250323958 5.37174768422585
114 224 1.52647605913256 5.14185065147395 1.15102942105475 5.49215192294908
115 148 5.44590588047292 4.60885538282373 5.5182666328405 3.94962351268283
115 152 5.44590588047292 4.60885538282373 4.64928580015803 4.71145672081039
115 201 5.44590588047292 4.60885538282373 5.80920125956199 5.38369839277056
115 203 5.44590588047292 4.60885538282373 5.28661507244441 4.96243734542295
115 277 5.44590588047292 4.60885538282373 6.55409411952708 4.60885538282373
115 310 5.44590588047292 4.60885538282373 6.4817333671595 3.94962351268283
115 363 5.44590588047292 4.60885538282373 6.19079874043801 5.38369839277056
116 133 4.41788429809198 1.91860339497868 3.92976510071274 2.25481079276772
116 149 4.41788429809198 1.91860339497868 4.11287212401485 1.46032300846215
116 151 4.41788429809198 1.91860339497868 3.72753474248323 1.66600570806904
116 166 4.41788429809198 1.91860339497868 4.45200560124571 2.47470224396243
117 144 5.43555148567764 11.7475194879694 5.55951005639058 10.1253947123479
117 171 5.43555148567764 11.7475194879694 5.08793105117741 11.4607021732682
117 279 5.43555148567764 11.7475194879694 6.56444851432236 11.7475194879694
117 306 5.43555148567764 11.7475194879694 6.44048994360942 10.1253947123479
118 154 1.06086861043297 1.16956260955417 0.657501756847578 1.6703925626711
118 161 1.06086861043297 1.16956260955417 1.42182759121503 1.14737917799373
118 189 1.06086861043297 1.16956260955417 0.47361091961948 0.756639566433797
118 228 1.06086861043297 1.16956260955417 1.06511222939398 0.770428475563588
119 194 0.986931645406846 6.12198731034058 1.43752410047662 6.5709066721952
119 197 0.986931645406846 6.12198731034058 1.48579028124059 5.67073928158199
119 224 0.986931645406846 6.12198731034058 1.15102942105475 5.49215192294908
120 155 5.10403858669245 0.184462753689333 5.05141871513512 0.826166498491401
120 183 5.10403858669245 0.184462753689333 4.70519593249352 0.354945534704703
120 236 5.10403858669245 0.184462753689333 5.43504168271424 0.805193289296393
121 145 4.09366319547128 0.674808582783699 4.55754331008312 0.807226946766349
121 173 4.09366319547128 0.674808582783699 3.86031510860673 1.06071647087214
121 183 4.09366319547128 0.674808582783699 4.70519593249352 0.354945534704703
122 142 2.89831575484447 5.58275774278162 3.5915068990392 5.2130582285546
122 167 2.89831575484447 5.58275774278162 2.64943706553307 6.49049734777947
122 188 2.89831575484447 5.58275774278162 2.49525035001926 5.20970876162807
122 191 2.89831575484447 5.58275774278162 2.22683612165482 5.85169700009251
123 184 3.292959260717 9.11624446951848 3.95191643706258 9.73336019398358
123 206 3.292959260717 9.11624446951848 2.42112552971448 8.99665229646182
123 208 3.292959260717 9.11624446951848 3.31900447724435 8.76075672065779
123 218 3.292959260717 9.11624446951848 4.09508089425473 8.69153952190362
123 229 3.292959260717 9.11624446951848 2.95757128726658 9.65984070077313
124 177 0.239350430621768 11.3830719347593 0.230997693492503 10.7607629490661
124 231 0.239350430621768 11.3830719347593 0.891850061328342 11.4033808859368
125 130 1.54860442449575 3.63380929716415 0.917945684139221 3.27353610458403
125 174 1.54860442449575 3.63380929716415 1.90839792199502 3.39235867656005
125 181 1.54860442449575 3.63380929716415 0.906431723533052 3.69476098370922
125 214 1.54860442449575 3.63380929716415 1.54094290392531 3.12395037851201
126 128 5.07059376057207 6.44330179725258 4.6767101178132 6.99537122273652
126 163 5.07059376057207 6.44330179725258 5.04463087784883 5.55429517317959
126 211 5.07059376057207 6.44330179725258 5.60021233318932 6.71647532394008
127 132 2.27441368833913 2.67246088209419 2.29483860102031 1.8174844173359
127 156 2.27441368833913 2.67246088209419 2.96179891483618 2.45714501356272
127 174 2.27441368833913 2.67246088209419 1.90839792199502 3.39235867656005
127 179 2.27441368833913 2.67246088209419 2.83016164128791 1.91761096843464
127 214 2.27441368833913 2.67246088209419 1.54094290392531 3.12395037851201
127 219 2.27441368833913 2.67246088209419 1.69457021216125 2.58829266922578
127 220 2.27441368833913 2.67246088209419 1.95380864199079 1.96538109841309
127 221 2.27441368833913 2.67246088209419 2.86884003491636 2.88034785637335
127 222 2.27441368833913 2.67246088209419 2.41360018327702 3.28517172748731
128 157 4.6767101178132 6.99537122273652 3.46083611423014 8.15480763027061
128 168 4.6767101178132 6.99537122273652 3.75818070355261 6.80192672760957
128 186 4.6767101178132 6.99537122273652 4.18197022993156 6.44387541234943
128 211 4.6767101178132 6.99537122273652 5.60021233318932 6.71647532394008
128 215 4.6767101178132 6.99537122273652 4.96134707251595 8.22146717689385
128 216 4.6767101178132 6.99537122273652 4.44675305725174 8.4122502974331
129 141 3.70376495738271 10.446986985607 4.4506632568366 11.3915325896207
129 184 3.70376495738271 10.446986985607 3.95191643706258 9.73336019398358
129 202 3.70376495738271 10.446986985607 5.04937278273848 10.3698498237709
129 209 3.70376495738271 10.446986985607 2.9960271670246 10.5503249122202
130 178 0.917945684139221 3.27353610458403 0.76455180613166 2.9019954183783
130 181 0.917945684139221 3.27353610458403 0.906431723533052 3.69476098370922
130 214 0.917945684139221 3.27353610458403 1.54094290392531 3.12395037851201
130 217 0.917945684139221 3.27353610458403 0.601363102728845 3.53838867851111
131 154 0.264165976919909 1.56543939358168 0.657501756847578 1.6703925626711
131 187 0.264165976919909 1.56543939358168 0.203810953566148 2.20860107437764
131 189 0.264165976919909 1.56543939358168 0.47361091961948 0.756639566433797
132 146 2.29483860102031 1.8174844173359 2.56522015207363 0.952199123595101
132 161 2.29483860102031 1.8174844173359 1.42182759121503 1.14737917799373
132 179 2.29483860102031 1.8174844173359 2.83016164128791 1.91761096843464
132 192 2.29483860102031 1.8174844173359 2.68305380893669 1.58617735086995
132 220 2.29483860102031 1.8174844173359 1.95380864199079 1.96538109841309
133 135 3.92976510071274 2.25481079276772 3.97637457073467 2.64346268213517
133 151 3.92976510071274 2.25481079276772 3.72753474248323 1.66600570806904
133 164 3.92976510071274 2.25481079276772 3.59091352110959 2.06272589079525
133 166 3.92976510071274 2.25481079276772 4.45200560124571 2.47470224396243
134 143 2.44075320141813 7.84235664640783 2.09177414364006 7.5529878916565
134 157 2.44075320141813 7.84235664640783 3.46083611423014 8.15480763027061
134 200 2.44075320141813 7.84235664640783 1.47938461589614 8.18190799070951
134 206 2.44075320141813 7.84235664640783 2.42112552971448 8.99665229646182
134 207 2.44075320141813 7.84235664640783 1.86622210533131 8.72528555547683
134 208 2.44075320141813 7.84235664640783 3.31900447724435 8.76075672065779
135 140 3.97637457073467 2.64346268213517 4.25223243550169 2.84672203035651
135 156 3.97637457073467 2.64346268213517 2.96179891483618 2.45714501356272
135 160 3.97637457073467 2.64346268213517 3.41123496142983 3.12107497004006
135 164 3.97637457073467 2.64346268213517 3.59091352110959 2.06272589079525
135 166 3.97637457073467 2.64346268213517 4.45200560124571 2.47470224396243
135 212 3.97637457073467 2.64346268213517 4.04597380687065 3.16901571998459
136 170 2.61670271051704 4.65785810780417 2.20798358065572 4.35330488861663
136 185 2.61670271051704 4.65785810780417 3.07246445299158 3.81159297024179
136 188 2.61670271051704 4.65785810780417 2.49525035001926 5.20970876162807
137 146 2.46703275627329 0.59026743376748 2.56522015207363 0.952199123595101
137 158 2.46703275627329 0.59026743376748 1.907793195007 0.479401002281992
138 146 3.33289883127214 1.56903062224664 2.56522015207363 0.952199123595101
138 151 3.33289883127214 1.56903062224664 3.72753474248323 1.66600570806904
138 164 3.33289883127214 1.56903062224664 3.59091352110959 2.06272589079525
138 173 3.33289883127214 1.56903062224664 3.86031510860673 1.06071647087214
138 179 3.33289883127214 1.56903062224664 2.83016164128791 1.91761096843464
138 192 3.33289883127214 1.56903062224664 2.68305380893669 1.58617735086995
139 180 5.22855413158372 1.89850408923051 5.1945899312695 2.53125622376889
139 210 5.22855413158372 1.89850408923051 5.73014708353782 1.43112038571622
139 233 5.22855413158372 1.89850408923051 5.62916424446908 2.5365922302796
140 166 4.25223243550169 2.84672203035651 4.45200560124571 2.47470224396243
140 212 4.25223243550169 2.84672203035651 4.04597380687065 3.16901571998459
141 171 4.4506632568366 11.3915325896207 5.08793105117741 11.4607021732682
141 202 4.4506632568366 11.3915325896207 5.04937278273848 10.3698498237709
142 152 3.5915068990392 5.2130582285546 4.64928580015803 4.71145672081039
143 200 2.09177414364006 7.5529878916565 1.47938461589614 8.18190799070951
143 205 2.09177414364006 7.5529878916565 1.90560424312505 7.21243739482083
144 147 5.55951005639058 10.1253947123479 5.05171772291823 9.99991610450083
144 171 5.55951005639058 10.1253947123479 5.08793105117741 11.4607021732682
144 202 5.55951005639058 10.1253947123479 5.04937278273848 10.3698498237709
144 226 5.55951005639058 10.1253947123479 5.80339829116883 9.39726263263321
144 306 5.55951005639058 10.1253947123479 6.44048994360942 10.1253947123479
144 388 5.55951005639058 10.1253947123479 6.19660170883117 9.39726263263321
145 149 4.55754331008312 0.807226946766349 4.11287212401485 1.46032300846215
145 155 4.55754331008312 0.807226946766349 5.05141871513512 0.826166498491401
145 173 4.55754331008312 0.807226946766349 3.86031510860673 1.06071647087214
145 183 4.55754331008312 0.807226946766349 4.70519593249352 0.354945534704703
146 158 2.56522015207363 0.952199123595101 1.907793195007 0.479401002281992
146 161 2.56522015207363 0.952199123595101 1.42182759121503 1.14737917799373
146 192 2.56522015207363 0.952199123595101 2.68305380893669 1.58617735086995
147 202 5.05171772291823 9.99991610450083 5.04937278273848 10.3698498237709
148 195 5.5182666328405 3.94962351268283 5.89522025102736 3.01667681279071
148 213 5.5182666328405 3.94962351268283 5.2565094576982 2.92116209174711
148 310 5.5182666328405 3.94962351268283 6.4817333671595 3.94962351268283
148 357 5.5182666328405 3.94962351268283 6.10477974897264 3.01667681279071
149 151 4.11287212401485 1.46032300846215 3.72753474248323 1.66600570806904
149 173 4.11287212401485 1.46032300846215 3.86031510860673 1.06071647087214
150 237 0.243995661842165 6.79506168289208 0.215405244617313 7.32347646232828
151 164 3.72753474248323 1.66600570806904 3.59091352110959 2.06272589079525
151 173 3.72753474248323 1.66600570806904 3.86031510860673 1.06071647087214
152 163 4.64928580015803 4.71145672081039 5.04463087784883 5.55429517317959
152 172 4.64928580015803 4.71145672081039 4.66639582411397 4.28704252724443
152 182 4.64928580015803 4.71145672081039 3.95513752207123 4.23148422395335
152 203 4.64928580015803 4.71145672081039 5.28661507244441 4.96243734542295
153 157 3.37871242831307 6.7976682032815 3.46083611423014 8.15480763027061
153 167 3.37871242831307 6.7976682032815 2.64943706553307 6.49049734777947
153 168 3.37871242831307 6.7976682032815 3.75818070355261 6.80192672760957
154 187 0.657501756847578 1.6703925626711 0.203810953566148 2.20860107437764
154 189 0.657501756847578 1.6703925626711 0.47361091961948 0.756639566433797
154 190 0.657501756847578 1.6703925626711 0.646793111416585 2.26701703435025
155 183 5.05141871513512 0.826166498491401 4.70519593249352 0.354945534704703
155 236 5.05141871513512 0.826166498491401 5.43504168271424 0.805193289296393
156 160 2.96179891483618 2.45714501356272 3.41123496142983 3.12107497004006
156 164 2.96179891483618 2.45714501356272 3.59091352110959 2.06272589079525
156 179 2.96179891483618 2.45714501356272 2.83016164128791 1.91761096843464
156 221 2.96179891483618 2.45714501356272 2.86884003491636 2.88034785637335
157 168 3.46083611423014 8.15480763027061 3.75818070355261 6.80192672760957
157 208 3.46083611423014 8.15480763027061 3.31900447724435 8.76075672065779
157 216 3.46083611423014 8.15480763027061 4.44675305725174 8.4122502974331
157 218 3.46083611423014 8.15480763027061 4.09508089425473 8.69153952190362
158 161 1.907793195007 0.479401002281992 1.42182759121503 1.14737917799373
158 162 1.907793195007 0.479401002281992 1.47483004817517 0.208258826032289
158 176 1.907793195007 0.479401002281992 1.43218982306662 0.680548927513655
159 175 2.61108170320124 11.8744919415563 2.1279339623229 11.6306288085401
160 182 3.41123496142983 3.12107497004006 3.95513752207123 4.23148422395335
160 185 3.41123496142983 3.12107497004006 3.07246445299158 3.81159297024179
160 212 3.41123496142983 3.12107497004006 4.04597380687065 3.16901571998459
160 221 3.41123496142983 3.12107497004006 2.86884003491636 2.88034785637335
160 225 3.41123496142983 3.12107497004006 2.8744185650164 3.41758998171364
161 176 1.42182759121503 1.14737917799373 1.43218982306662 0.680548927513655
161 220 1.42182759121503 1.14737917799373 1.95380864199079 1.96538109841309
161 228 1.42182759121503 1.14737917799373 1.06511222939398 0.770428475563588
162 176 1.47483004817517 0.208258826032289 1.43218982306662 0.680548927513655
162 228 1.47483004817517 0.208258826032289 1.06511222939398 0.770428475563588
163 201 5.04463087784883 5.55429517317959 5.80920125956199 5.38369839277056
163 203 5.04463087784883 5.55429517317959 5.28661507244441 4.96243734542295
164 179 3.59091352110959 2.06272589079525 2.83016164128791 1.91761096843464
165 223 0.266088579046909 9.27411719071824 0.158388640979231 9.6850088563806
165 234 0.266088579046909 9.27411719071824 1.18935193948889 9.52933160282542
166 180 4.45200560124571 2.47470224396243 5.1945899312695 2.53125622376889
167 191 2.64943706553307 6.49049734777947 2.22683612165482 5.85169700009251
167 194 2.64943706553307 6.49049734777947 1.43752410047662 6.5709066721952
167 205 2.64943706553307 6.49049734777947 1.90560424312505 7.21243739482083
168 186 3.75818070355261 6.80192672760957 4.18197022993156 6.44387541234943
169 177 0.729614185180259 10.4660524452269 0.230997693492503 10.7607629490661
169 204 0.729614185180259 10.4660524452269 1.46589064031571 9.94809111753121
169 234 0.729614185180259 10.4660524452269 1.18935193948889 9.52933160282542
169 238 0.729614185180259 10.4660524452269 0.344295090439455 10.1846742648281
170 185 2.20798358065572 4.35330488861663 3.07246445299158 3.81159297024179
170 222 2.20798358065572 4.35330488861663 2.41360018327702 3.28517172748731
171 202 5.08793105117741 11.4607021732682 5.04937278273848 10.3698498237709
172 182 4.66639582411397 4.28704252724443 3.95513752207123 4.23148422395335
174 214 1.90839792199502 3.39235867656005 1.54094290392531 3.12395037851201
174 222 1.90839792199502 3.39235867656005 2.41360018327702 3.28517172748731
175 199 2.1279339623229 11.6306288085401 1.78026719767293 10.4053282205232
175 209 2.1279339623229 11.6306288085401 2.9960271670246 10.5503249122202
176 228 1.43218982306662 0.680548927513655 1.06511222939398 0.770428475563588
177 238 0.230997693492503 10.7607629490661 0.344295090439455 10.1846742648281
178 190 0.76455180613166 2.9019954183783 0.646793111416585 2.26701703435025
178 214 0.76455180613166 2.9019954183783 1.54094290392531 3.12395037851201
178 217 0.76455180613166 2.9019954183783 0.601363102728845 3.53838867851111
179 192 2.83016164128791 1.91761096843464 2.68305380893669 1.58617735086995
180 213 5.1945899312695 2.53125622376889 5.2565094576982 2.92116209174711
180 233 5.1945899312695 2.53125622376889 5.62916424446908 2.5365922302796
181 217 0.906431723533052 3.69476098370922 0.601363102728845 3.53838867851111
181 230 0.906431723533052 3.69476098370922 0.195616567002056 4.43353144026977
182 185 3.95513752207123 4.23148422395335 3.07246445299158 3.81159297024179
182 212 3.95513752207123 4.23148422395335 4.04597380687065 3.16901571998459
184 218 3.95191643706258 9.73336019398358 4.09508089425473 8.69153952190362
185 222 3.07246445299158 3.81159297024179 2.41360018327702 3.28517172748731
185 225 3.07246445299158 3.81159297024179 2.8744185650164 3.41758998171364
187 190 0.203810953566148 2.20860107437764 0.646793111416585 2.26701703435025
188 191 2.49525035001926 5.20970876162807 2.22683612165482 5.85169700009251
188 198 2.49525035001926 5.20970876162807 2.09508250323958 5.37174768422585
189 228 0.47361091961948 0.756639566433797 1.06511222939398 0.770428475563588
191 194 2.22683612165482 5.85169700009251 1.43752410047662 6.5709066721952
191 197 2.22683612165482 5.85169700009251 1.48579028124059 5.67073928158199
191 198 2.22683612165482 5.85169700009251 2.09508250323958 5.37174768422585
193 194 1.47031885969312 6.9618955629428 1.43752410047662 6.5709066721952
193 196 1.47031885969312 6.9618955629428 1.09619416968794 7.26937056918946
193 205 1.47031885969312 6.9618955629428 1.90560424312505 7.21243739482083
194 197 1.43752410047662 6.5709066721952 1.48579028124059 5.67073928158199
194 205 1.43752410047662 6.5709066721952 1.90560424312505 7.21243739482083
195 213 5.89522025102736 3.01667681279071 5.2565094576982 2.92116209174711
195 233 5.89522025102736 3.01667681279071 5.62916424446908 2.5365922302796
195 357 5.89522025102736 3.01667681279071 6.10477974897264 3.01667681279071
196 205 1.09619416968794 7.26937056918946 1.90560424312505 7.21243739482083
196 237 1.09619416968794 7.26937056918946 0.215405244617313 7.32347646232828
197 198 1.48579028124059 5.67073928158199 2.09508250323958 5.37174768422585
197 224 1.48579028124059 5.67073928158199 1.15102942105475 5.49215192294908
199 204 1.78026719767293 10.4053282205232 1.46589064031571 9.94809111753121
199 209 1.78026719767293 10.4053282205232 2.9960271670246 10.5503249122202
200 207 1.47938461589614 8.18190799070951 1.86622210533131 8.72528555547683
201 203 5.80920125956199 5.38369839277056 5.28661507244441 4.96243734542295
201 211 5.80920125956199 5.38369839277056 5.60021233318932 6.71647532394008
201 363 5.80920125956199 5.38369839277056 6.19079874043801 5.38369839277056
204 234 1.46589064031571 9.94809111753121 1.18935193948889 9.52933160282542
206 207 2.42112552971448 8.99665229646182 1.86622210533131 8.72528555547683
206 208 2.42112552971448 8.99665229646182 3.31900447724435 8.76075672065779
206 229 2.42112552971448 8.99665229646182 2.95757128726658 9.65984070077313
207 234 1.86622210533131 8.72528555547683 1.18935193948889 9.52933160282542
208 218 3.31900447724435 8.76075672065779 4.09508089425473 8.69153952190362
209 229 2.9960271670246 10.5503249122202 2.95757128726658 9.65984070077313
210 236 5.73014708353782 1.43112038571622 5.43504168271424 0.805193289296393
210 244 5.73014708353782 1.43112038571622 6.19934628027212 2.12077653763293
210 274 5.73014708353782 1.43112038571622 6.11410553421091 0.478526966780248
210 372 5.73014708353782 1.43112038571622 6.26985291646218 1.43112038571622
211 363 5.60021233318932 6.71647532394008 6.19079874043801 5.38369839277056
211 373 5.60021233318932 6.71647532394008 6.39978766681068 6.71647532394008
213 233 5.2565094576982 2.92116209174711 5.62916424446908 2.5365922302796
214 219 1.54094290392531 3.12395037851201 1.69457021216125 2.58829266922578
215 216 4.96134707251595 8.22146717689385 4.44675305725174 8.4122502974331
215 226 4.96134707251595 8.22146717689385 5.80339829116883 9.39726263263321
215 227 4.96134707251595 8.22146717689385 5.83111805734131 7.87986092302184
215 235 4.96134707251595 8.22146717689385 4.80441057342423 8.57819590839881
216 218 4.44675305725174 8.4122502974331 4.09508089425473 8.69153952190362
216 235 4.44675305725174 8.4122502974331 4.80441057342423 8.57819590839881
217 230 0.601363102728845 3.53838867851111 0.195616567002056 4.43353144026977
219 220 1.69457021216125 2.58829266922578 1.95380864199079 1.96538109841309
221 222 2.86884003491636 2.88034785637335 2.41360018327702 3.28517172748731
221 225 2.86884003491636 2.88034785637335 2.8744185650164 3.41758998171364
222 225 2.41360018327702 3.28517172748731 2.8744185650164 3.41758998171364
223 234 0.158388640979231 9.6850088563806 1.18935193948889 9.52933160282542
223 238 0.158388640979231 9.6850088563806 0.344295090439455 10.1846742648281
226 227 5.80339829116883 9.39726263263321 5.83111805734131 7.87986092302184
226 235 5.80339829116883 9.39726263263321 4.80441057342423 8.57819590839881
226 388 5.80339829116883 9.39726263263321 6.19660170883117 9.39726263263321
226 389 5.80339829116883 9.39726263263321 6.16888194265869 7.87986092302184
227 389 5.83111805734131 7.87986092302184 6.16888194265869 7.87986092302184
230 232 0.195616567002056 4.43353144026977 0.429896702847624 5.11661345085652
233 244 5.62916424446908 2.5365922302796 6.19934628027212 2.12077653763293
233 357 5.62916424446908 2.5365922302796 6.10477974897264 3.01667681279071
233 395 5.62916424446908 2.5365922302796 6.37083575553092 2.5365922302796
234 238 1.18935193948889 9.52933160282542 0.344295090439455 10.1846742648281
239 258 7.53146637558665 3.11777584302156 6.96516777102545 4.17233558597255
239 302 7.53146637558665 3.11777584302156 7.74776756449831 2.84672203035651
239 328 7.53146637558665 3.11777584302156 7.54799439875429 2.47470224396243
239 334 7.53146637558665 3.11777584302156 7.33360417588603 4.28704252724443
239 342 7.53146637558665 3.11777584302156 6.8054100687305 2.53125622376889
239 344 7.53146637558665 3.11777584302156 8.04486247792877 4.23148422395335
239 374 7.53146637558665 3.11777584302156 7.95402619312935 3.16901571998459
239 375 7.53146637558665 3.11777584302156 6.7434905423018 2.92116209174711
240 243 7.52699555323922 9.8486538920365 7.47012287266907 8.92411084865624
240 261 7.52699555323922 9.8486538920365 6.95907560220638 9.5193814111301
240 291 7.52699555323922 9.8486538920365 8.29623504261729 10.446986985607
240 309 7.52699555323922 9.8486538920365 6.94828227708177 9.99991610450083
240 346 7.52699555323922 9.8486538920365 8.04808356293742 9.73336019398358
240 364 7.52699555323922 9.8486538920365 6.95062721726152 10.3698498237709
241 253 10.8368128845081 7.97952821998527 10.9201163592158 8.85095138828847
241 266 10.8368128845081 7.97952821998527 11.4987857437714 7.72870990175663
241 305 10.8368128845081 7.97952821998527 9.90822585635994 7.5529878916565
241 358 10.8368128845081 7.97952821998527 10.9038058303121 7.26937056918946
241 362 10.8368128845081 7.97952821998527 10.5206153841039 8.18190799070951
241 367 10.8368128845081 7.97952821998527 10.094395756875 7.21243739482083
242 251 7.92208869913571 5.86087002284567 8.33855733175639 6.28463108860176
242 260 7.92208869913571 5.86087002284567 7.32384777743638 6.50302544027806
242 304 7.92208869913571 5.86087002284567 8.4084931009608 5.2130582285546
242 314 7.92208869913571 5.86087002284567 7.35071419984197 4.71145672081039
242 325 7.92208869913571 5.86087002284567 6.95536912215117 5.55429517317959
242 348 7.92208869913571 5.86087002284567 7.81802977006844 6.44387541234943
243 261 7.47012287266907 8.92411084865624 6.95907560220638 9.5193814111301
243 346 7.47012287266907 8.92411084865624 8.04808356293742 9.73336019398358
243 378 7.47012287266907 8.92411084865624 7.55324694274826 8.4122502974331
243 380 7.47012287266907 8.92411084865624 7.90491910574527 8.69153952190362
243 397 7.47012287266907 8.92411084865624 7.19558942657577 8.57819590839881
244 301 6.19934628027212 2.12077653763293 6.77144586841628 1.89850408923051
244 372 6.19934628027212 2.12077653763293 6.26985291646218 1.43112038571622
244 395 6.19934628027212 2.12077653763293 6.37083575553092 2.5365922302796
245 290 6.44696317930668 7.54574433138296 7.3232898821868 6.99537122273652
245 373 6.44696317930668 7.54574433138296 6.39978766681068 6.71647532394008
245 377 6.44696317930668 7.54574433138296 7.03865292748405 8.22146717689385
245 389 6.44696317930668 7.54574433138296 6.16888194265869 7.87986092302184
246 273 9.97475623488195 4.8919185327531 10.1703720054829 4.14348627445939
246 276 9.97475623488195 4.8919185327531 10.4735239408674 5.14185065147395
246 298 9.97475623488195 4.8919185327531 9.38329728948296 4.65785810780417
246 332 9.97475623488195 4.8919185327531 9.79201641934428 4.35330488861663
246 350 9.97475623488195 4.8919185327531 9.50474964998074 5.20970876162807
246 360 9.97475623488195 4.8919185327531 9.90491749676042 5.37174768422585
247 254 9.68503052088365 9.47457313343644 9.60237650957667 9.93346698137055
247 366 9.68503052088365 9.47457313343644 10.5341093596843 9.94809111753121
247 368 9.68503052088365 9.47457313343644 9.57887447028552 8.99665229646182
247 369 9.68503052088365 9.47457313343644 10.1337778946687 8.72528555547683
247 391 9.68503052088365 9.47457313343644 9.04242871273342 9.65984070077313
247 396 9.68503052088365 9.47457313343644 10.8106480605111 9.52933160282542
248 250 6.74958538283545 1.27331157611355 7.20136513366046 1.76995820815546
248 301 6.74958538283545 1.27331157611355 6.77144586841628 1.89850408923051
248 307 6.74958538283545 1.27331157611355 7.44245668991688 0.807226946766349
248 317 6.74958538283545 1.27331157611355 6.94858128486488 0.826166498491401
248 372 6.74958538283545 1.27331157611355 6.26985291646218 1.43112038571622
248 398 6.74958538283545 1.27331157611355 6.56495831728576 0.805193289296393
249 256 8.85507763677523 5.18057503361494 8.35179023438284 4.38502990086225
249 284 8.85507763677523 5.18057503361494 9.10168424515553 5.58275774278162
249 298 8.85507763677523 5.18057503361494 9.38329728948296 4.65785810780417
249 304 8.85507763677523 5.18057503361494 8.4084931009608 5.2130582285546
249 350 8.85507763677523 5.18057503361494 9.50474964998074 5.20970876162807
250 278 7.20136513366046 1.76995820815546 7.58211570190802 1.91860339497868
250 301 7.20136513366046 1.76995820815546 6.77144586841628 1.89850408923051
250 307 7.20136513366046 1.76995820815546 7.44245668991688 0.807226946766349
250 311 7.20136513366046 1.76995820815546 7.88712787598515 1.46032300846215
250 328 7.20136513366046 1.76995820815546 7.54799439875429 2.47470224396243
250 342 7.20136513366046 1.76995820815546 6.8054100687305 2.53125622376889
251 284 8.33855733175639 6.28463108860176 9.10168424515553 5.58275774278162
251 304 8.33855733175639 6.28463108860176 8.4084931009608 5.2130582285546
251 315 8.33855733175639 6.28463108860176 8.62128757168693 6.7976682032815
251 329 8.33855733175639 6.28463108860176 9.35056293446693 6.49049734777947
251 330 8.33855733175639 6.28463108860176 8.24181929644739 6.80192672760957
251 348 8.33855733175639 6.28463108860176 7.81802977006844 6.44387541234943
252 271 10.5462099235898 11.3158330976216 10.6152760868933 10.4720829927429
252 337 10.5462099235898 11.3158330976216 9.8720660376771 11.6306288085401
252 361 10.5462099235898 11.3158330976216 10.2197328023271 10.4053282205232
252 393 10.5462099235898 11.3158330976216 11.1081499386717 11.4033808859368
253 266 10.9201163592158 8.85095138828847 11.4987857437714 7.72870990175663
253 327 10.9201163592158 8.85095138828847 11.7339114209531 9.27411719071824
253 362 10.9201163592158 8.85095138828847 10.5206153841039 8.18190799070951
253 369 10.9201163592158 8.85095138828847 10.1337778946687 8.72528555547683
253 396 10.9201163592158 8.85095138828847 10.8106480605111 9.52933160282542
254 361 9.60237650957667 9.93346698137055 10.2197328023271 10.4053282205232
254 366 9.60237650957667 9.93346698137055 10.5341093596843 9.94809111753121
254 371 9.60237650957667 9.93346698137055 9.0039728329754 10.5503249122202
254 391 9.60237650957667 9.93346698137055 9.04242871273342 9.65984070077313
255 293 11.8963986112585 1.09404638602337 11.7358340230801 1.56543939358168
255 351 11.8963986112585 1.09404638602337 11.5263890803805 0.756639566433797
256 298 8.35179023438284 4.38502990086225 9.38329728948296 4.65785810780417
256 304 8.35179023438284 4.38502990086225 8.4084931009608 5.2130582285546
256 314 8.35179023438284 4.38502990086225 7.35071419984197 4.71145672081039
256 344 8.35179023438284 4.38502990086225 8.04486247792877 4.23148422395335
256 347 8.35179023438284 4.38502990086225 8.92753554700842 3.81159297024179
257 270 8.5479706737468 0.852442195497426 8.32905115300414 0.165453388913026
257 283 8.5479706737468 0.852442195497426 7.90633680452872 0.674808582783699
257 299 8.5479706737468 0.852442195497426 9.53296724372671 0.59026743376748
257 300 8.5479706737468 0.852442195497426 8.66710116872786 1.56903062224664
257 308 8.5479706737468 0.852442195497426 9.43477984792637 0.952199123595101
257 335 8.5479706737468 0.852442195497426 8.13968489139327 1.06071647087214
258 277 6.96516777102545 4.17233558597255 6.55409411952708 4.60885538282373
258 310 6.96516777102545 4.17233558597255 6.4817333671595 3.94962351268283
258 314 6.96516777102545 4.17233558597255 7.35071419984197 4.71145672081039
258 334 6.96516777102545 4.17233558597255 7.33360417588603 4.28704252724443
258 375 6.96516777102545 4.17233558597255 6.7434905423018 2.92116209174711
259 288 6.69460843770711 5.79679892266404 6.92940623942793 6.44330179725258
259 325 6.69460843770711 5.79679892266404 6.95536912215117 5.55429517317959
259 363 6.69460843770711 5.79679892266404 6.19079874043801 5.38369839277056
259 373 6.69460843770711 5.79679892266404 6.39978766681068 6.71647532394008
260 288 7.32384777743638 6.50302544027806 6.92940623942793 6.44330179725258
260 290 7.32384777743638 6.50302544027806 7.3232898821868 6.99537122273652
260 325 7.32384777743638 6.50302544027806 6.95536912215117 5.55429517317959
260 348 7.32384777743638 6.50302544027806 7.81802977006844 6.44387541234943
261 306 6.95907560220638 9.5193814111301 6.44048994360942 10.1253947123479
261 309 6.95907560220638 9.5193814111301 6.94828227708177 9.99991610450083
261 388 6.95907560220638 9.5193814111301 6.19660170883117 9.39726263263321
261 397 6.95907560220638 9.5193814111301 7.19558942657577 8.57819590839881
262 285 8.473671166112 9.66360817787468 8.70704073928301 9.11624446951848
262 291 8.473671166112 9.66360817787468 8.29623504261729 10.446986985607
262 346 8.473671166112 9.66360817787468 8.04808356293742 9.73336019398358
262 371 8.473671166112 9.66360817787468 9.0039728329754 10.5503249122202
262 391 8.473671166112 9.66360817787468 9.04242871273342 9.65984070077313
263 265 11.535244659859 5.55345171755845 11.1368219865227 5.09532644218783
263 281 11.535244659859 5.55345171755845 11.0130683545932 6.12198731034058
263 386 11.535244659859 5.55345171755845 10.8489705789452 5.49215192294908
263 394 11.535244659859 5.55345171755845 11.5701032971524 5.11661345085652
264 280 10.6015210667 2.37155244909595 10.939131389567 1.16956260955417
264 316 10.6015210667 2.37155244909595 11.3424982431524 1.6703925626711
264 323 10.6015210667 2.37155244909595 10.578172408785 1.14737917799373
264 340 10.6015210667 2.37155244909595 11.2354481938683 2.9019954183783
264 352 10.6015210667 2.37155244909595 11.3532068885834 2.26701703435025
264 376 10.6015210667 2.37155244909595 10.4590570960747 3.12395037851201
264 381 10.6015210667 2.37155244909595 10.3054297878388 2.58829266922578
264 382 10.6015210667 2.37155244909595 10.0461913580092 1.96538109841309
265 273 11.1368219865227 5.09532644218783 10.1703720054829 4.14348627445939
265 276 11.1368219865227 5.09532644218783 10.4735239408674 5.14185065147395
265 343 11.1368219865227 5.09532644218783 11.0935682764669 3.69476098370922
265 386 11.1368219865227 5.09532644218783 10.8489705789452 5.49215192294908
265 392 11.1368219865227 5.09532644218783 11.8043834329979 4.43353144026977
265 394 11.1368219865227 5.09532644218783 11.5701032971524 5.11661345085652
266 358 11.4987857437714 7.72870990175663 10.9038058303121 7.26937056918946
266 399 11.4987857437714 7.72870990175663 11.7845947553827 7.32347646232828
267 296 9.25412720069427 7.46304013596084 9.55924679858187 7.84235664640783
267 305 9.25412720069427 7.46304013596084 9.90822585635994 7.5529878916565
267 315 9.25412720069427 7.46304013596084 8.62128757168693 6.7976682032815
267 319 9.25412720069427 7.46304013596084 8.53916388576986 8.15480763027061
267 329 9.25412720069427 7.46304013596084 9.35056293446693 6.49049734777947
267 367 9.25412720069427 7.46304013596084 10.094395756875 7.21243739482083
268 271 11.3786751444025 11.2005202513188 10.6152760868933 10.4720829927429
268 286 11.3786751444025 11.2005202513188 11.7606495693782 11.3830719347593
268 331 11.3786751444025 11.2005202513188 11.2703858148197 10.4660524452269
268 339 11.3786751444025 11.2005202513188 11.7690023065075 10.7607629490661
268 393 11.3786751444025 11.2005202513188 11.1081499386717 11.4033808859368
269 291 8.83579575966337 11.5701306031158 8.29623504261729 10.446986985607
269 303 8.83579575966337 11.5701306031158 7.5493367431634 11.3915325896207
269 321 8.83579575966337 11.5701306031158 9.38891829679876 11.8744919415563
269 337 8.83579575966337 11.5701306031158 9.8720660376771 11.6306288085401
269 371 8.83579575966337 11.5701306031158 9.0039728329754 10.5503249122202
270 283 8.32905115300414 0.165453388913026 7.90633680452872 0.674808582783699
271 331 10.6152760868933 10.4720829927429 11.2703858148197 10.4660524452269
271 361 10.6152760868933 10.4720829927429 10.2197328023271 10.4053282205232
271 366 10.6152760868933 10.4720829927429 10.5341093596843 9.94809111753121
271 393 10.6152760868933 10.4720829927429 11.1081499386717 11.4033808859368
272 281 11.320646608137 6.75330033078009 11.0130683545932 6.12198731034058
272 312 11.320646608137 6.75330033078009 11.7560043381578 6.79506168289208
272 355 11.320646608137 6.75330033078009 10.5296811403069 6.9618955629428
272 356 11.320646608137 6.75330033078009 10.5624758995234 6.5709066721952
272 358 11.320646608137 6.75330033078009 10.9038058303121 7.26937056918946
272 399 11.320646608137 6.75330033078009 11.7845947553827 7.32347646232828
273 276 10.1703720054829 4.14348627445939 10.4735239408674 5.14185065147395
273 287 10.1703720054829 4.14348627445939 10.4513955755043 3.63380929716415
273 332 10.1703720054829 4.14348627445939 9.79201641934428 4.35330488861663
273 336 10.1703720054829 4.14348627445939 10.091602078005 3.39235867656005
273 343 10.1703720054829 4.14348627445939 11.0935682764669 3.69476098370922
273 384 10.1703720054829 4.14348627445939 9.58639981672298 3.28517172748731
274 282 6.11410553421091 0.478526966780248 6.89596141330755 0.184462753689333
274 372 6.11410553421091 0.478526966780248 6.26985291646218 1.43112038571622
274 398 6.11410553421091 0.478526966780248 6.56495831728576 0.805193289296393
275 351 11.833980334286 0.543986000088982 11.5263890803805 0.756639566433797
276 359 10.4735239408674 5.14185065147395 10.5142097187594 5.67073928158199
276 360 10.4735239408674 5.14185065147395 9.90491749676042 5.37174768422585
276 386 10.4735239408674 5.14185065147395 10.8489705789452 5.49215192294908
277 310 6.55409411952708 4.60885538282373 6.4817333671595 3.94962351268283
277 314 6.55409411952708 4.60885538282373 7.35071419984197 4.71145672081039
277 363 6.55409411952708 4.60885538282373 6.19079874043801 5.38369839277056
277 365 6.55409411952708 4.60885538282373 6.71338492755559 4.96243734542295
278 295 7.58211570190802 1.91860339497868 8.07023489928726 2.25481079276772
278 311 7.58211570190802 1.91860339497868 7.88712787598515 1.46032300846215
278 313 7.58211570190802 1.91860339497868 8.27246525751677 1.66600570806904
278 328 7.58211570190802 1.91860339497868 7.54799439875429 2.47470224396243
279 306 6.56444851432236 11.7475194879694 6.44048994360942 10.1253947123479
279 333 6.56444851432236 11.7475194879694 6.91206894882259 11.4607021732682
280 316 10.939131389567 1.16956260955417 11.3424982431524 1.6703925626711
280 323 10.939131389567 1.16956260955417 10.578172408785 1.14737917799373
280 351 10.939131389567 1.16956260955417 11.5263890803805 0.756639566433797
280 390 10.939131389567 1.16956260955417 10.934887770606 0.770428475563588
281 356 11.0130683545932 6.12198731034058 10.5624758995234 6.5709066721952
281 359 11.0130683545932 6.12198731034058 10.5142097187594 5.67073928158199
281 386 11.0130683545932 6.12198731034058 10.8489705789452 5.49215192294908
282 317 6.89596141330755 0.184462753689333 6.94858128486488 0.826166498491401
282 345 6.89596141330755 0.184462753689333 7.29480406750648 0.354945534704703
282 398 6.89596141330755 0.184462753689333 6.56495831728576 0.805193289296393
283 307 7.90633680452872 0.674808582783699 7.44245668991688 0.807226946766349
283 335 7.90633680452872 0.674808582783699 8.13968489139327 1.06071647087214
283 345 7.90633680452872 0.674808582783699 7.29480406750648 0.354945534704703
284 304 9.10168424515553 5.58275774278162 8.4084931009608 5.2130582285546
284 329 9.10168424515553 5.58275774278162 9.35056293446693 6.49049734777947
284 350 9.10168424515553 5.58275774278162 9.50474964998074 5.20970876162807
284 353 9.10168424515553 5.58275774278162 9.77316387834518 5.85169700009251
285 346 8.70704073928301 9.11624446951848 8.04808356293742 9.73336019398358
285 368 8.70704073928301 9.11624446951848 9.57887447028552 8.99665229646182
285 370 8.70704073928301 9.11624446951848 8.68099552275566 8.76075672065779
285 380 8.70704073928301 9.11624446951848 7.90491910574527 8.69153952190362
285 391 8.70704073928301 9.11624446951848 9.04242871273342 9.65984070077313
286 339 11.7606495693782 11.3830719347593 11.7690023065075 10.7607629490661
286 393 11.7606495693782 11.3830719347593 11.1081499386717 11.4033808859368
287 292 10.4513955755043 3.63380929716415 11.0820543158608 3.27353610458403
287 336 10.4513955755043 3.63380929716415 10.091602078005 3.39235867656005
287 343 10.4513955755043 3.63380929716415 11.0935682764669 3.69476098370922
287 376 10.4513955755043 3.63380929716415 10.4590570960747 3.12395037851201
288 290 6.92940623942793 6.44330179725258 7.3232898821868 6.99537122273652
288 325 6.92940623942793 6.44330179725258 6.95536912215117 5.55429517317959
288 373 6.92940623942793 6.44330179725258 6.39978766681068 6.71647532394008
289 294 9.72558631166087 2.67246088209419 9.70516139897969 1.8174844173359
289 318 9.72558631166087 2.67246088209419 9.03820108516382 2.45714501356272
289 336 9.72558631166087 2.67246088209419 10.091602078005 3.39235867656005
289 341 9.72558631166087 2.67246088209419 9.16983835871209 1.91761096843464
289 376 9.72558631166087 2.67246088209419 10.4590570960747 3.12395037851201
289 381 9.72558631166087 2.67246088209419 10.3054297878388 2.58829266922578
289 382 9.72558631166087 2.67246088209419 10.0461913580092 1.96538109841309
289 383 9.72558631166087 2.67246088209419 9.13115996508364 2.88034785637335
289 384 9.72558631166087 2.67246088209419 9.58639981672298 3.28517172748731
290 319 7.3232898821868 6.99537122273652 8.53916388576986 8.15480763027061
290 330 7.3232898821868 6.99537122273652 8.24181929644739 6.80192672760957
290 348 7.3232898821868 6.99537122273652 7.81802977006844 6.44387541234943
290 373 7.3232898821868 6.99537122273652 6.39978766681068 6.71647532394008
290 377 7.3232898821868 6.99537122273652 7.03865292748405 8.22146717689385
290 378 7.3232898821868 6.99537122273652 7.55324694274826 8.4122502974331
291 303 8.29623504261729 10.446986985607 7.5493367431634 11.3915325896207
291 346 8.29623504261729 10.446986985607 8.04808356293742 9.73336019398358
291 364 8.29623504261729 10.446986985607 6.95062721726152 10.3698498237709
291 371 8.29623504261729 10.446986985607 9.0039728329754 10.5503249122202
292 340 11.0820543158608 3.27353610458403 11.2354481938683 2.9019954183783
292 343 11.0820543158608 3.27353610458403 11.0935682764669 3.69476098370922
292 376 11.0820543158608 3.27353610458403 10.4590570960747 3.12395037851201
292 379 11.0820543158608 3.27353610458403 11.3986368972712 3.53838867851111
293 316 11.7358340230801 1.56543939358168 11.3424982431524 1.6703925626711
293 349 11.7358340230801 1.56543939358168 11.7961890464339 2.20860107437764
293 351 11.7358340230801 1.56543939358168 11.5263890803805 0.756639566433797
294 308 9.70516139897969 1.8174844173359 9.43477984792637 0.952199123595101
294 323 9.70516139897969 1.8174844173359 10.578172408785 1.14737917799373
294 341 9.70516139897969 1.8174844173359 9.16983835871209 1.91761096843464
294 354 9.70516139897969 1.8174844173359 9.31694619106331 1.58617735086995
294 382 9.70516139897969 1.8174844173359 10.0461913580092 1.96538109841309
295 297 8.07023489928726 2.25481079276772 8.02362542926533 2.64346268213517
295 313 8.07023489928726 2.25481079276772 8.27246525751677 1.66600570806904
295 326 8.07023489928726 2.25481079276772 8.40908647889041 2.06272589079525
295 328 8.07023489928726 2.25481079276772 7.54799439875429 2.47470224396243
296 305 9.55924679858187 7.84235664640783 9.90822585635994 7.5529878916565
296 319 9.55924679858187 7.84235664640783 8.53916388576986 8.15480763027061
296 362 9.55924679858187 7.84235664640783 10.5206153841039 8.18190799070951
296 368 9.55924679858187 7.84235664640783 9.57887447028552 8.99665229646182
296 369 9.55924679858187 7.84235664640783 10.1337778946687 8.72528555547683
296 370 9.55924679858187 7.84235664640783 8.68099552275566 8.76075672065779
297 302 8.02362542926533 2.64346268213517 7.74776756449831 2.84672203035651
297 318 8.02362542926533 2.64346268213517 9.03820108516382 2.45714501356272
297 322 8.02362542926533 2.64346268213517 8.58876503857017 3.12107497004006
297 326 8.02362542926533 2.64346268213517 8.40908647889041 2.06272589079525
297 328 8.02362542926533 2.64346268213517 7.54799439875429 2.47470224396243
297 374 8.02362542926533 2.64346268213517 7.95402619312935 3.16901571998459
298 332 9.38329728948296 4.65785810780417 9.79201641934428 4.35330488861663
298 347 9.38329728948296 4.65785810780417 8.92753554700842 3.81159297024179
298 350 9.38329728948296 4.65785810780417 9.50474964998074 5.20970876162807
299 308 9.53296724372671 0.59026743376748 9.43477984792637 0.952199123595101
299 320 9.53296724372671 0.59026743376748 10.092206804993 0.479401002281992
300 308 8.66710116872786 1.56903062224664 9.43477984792637 0.952199123595101
300 313 8.66710116872786 1.56903062224664 8.27246525751677 1.66600570806904
300 326 8.66710116872786 1.56903062224664 8.40908647889041 2.06272589079525
300 335 8.66710116872786 1.56903062224664 8.13968489139327 1.06071647087214
300 341 8.66710116872786 1.56903062224664 9.16983835871209 1.91761096843464
300 354 8.66710116872786 1.56903062224664 9.31694619106331 1.58617735086995
301 342 6.77144586841628 1.89850408923051 6.8054100687305 2.53125622376889
301 372 6.77144586841628 1.89850408923051 6.26985291646218 1.43112038571622
301 395 6.77144586841628 1.89850408923051 6.37083575553092 2.5365922302796
302 328 7.74776756449831 2.84672203035651 7.54799439875429 2.47470224396243
302 374 7.74776756449831 2.84672203035651 7.95402619312935 3.16901571998459
303 333 7.5493367431634 11.3915325896207 6.91206894882259 11.4607021732682
303 364 7.5493367431634 11.3915325896207 6.95062721726152 10.3698498237709
304 314 8.4084931009608 5.2130582285546 7.35071419984197 4.71145672081039
305 362 9.90822585635994 7.5529878916565 10.5206153841039 8.18190799070951
305 367 9.90822585635994 7.5529878916565 10.094395756875 7.21243739482083
306 309 6.44048994360942 10.1253947123479 6.94828227708177 9.99991610450083
306 333 6.44048994360942 10.1253947123479 6.91206894882259 11.4607021732682
306 364 6.44048994360942 10.1253947123479 6.95062721726152 10.3698498237709
306 388 6.44048994360942 10.1253947123479 6.19660170883117 9.39726263263321
307 311 7.44245668991688 0.807226946766349 7.88712787598515 1.46032300846215
307 317 7.44245668991688 0.807226946766349 6.94858128486488 0.826166498491401
307 335 7.44245668991688 0.807226946766349 8.13968489139327 1.06071647087214
307 345 7.44245668991688 0.807226946766349 7.29480406750648 0.354945534704703
308 320 9.43477984792637 0.952199123595101 10.092206804993 0.479401002281992
308 323 9.43477984792637 0.952199123595101 10.578172408785 1.14737917799373
308 354 9.43477984792637 0.952199123595101 9.31694619106331 1.58617735086995
309 364 6.94828227708177 9.99991610450083 6.95062721726152 10.3698498237709
310 357 6.4817333671595 3.94962351268283 6.10477974897264 3.01667681279071
310 375 6.4817333671595 3.94962351268283 6.7434905423018 2.92116209174711
311 313 7.88712787598515 1.46032300846215 8.27246525751677 1.66600570806904
311 335 7.88712787598515 1.46032300846215 8.13968489139327 1.06071647087214
312 399 11.7560043381578 6.79506168289208 11.7845947553827 7.32347646232828
313 326 8.27246525751677 1.66600570806904 8.40908647889041 2.06272589079525
313 335 8.27246525751677 1.66600570806904 8.13968489139327 1.06071647087214
314 325 7.35071419984197 4.71145672081039 6.95536912215117 5.55429517317959
314 334 7.35071419984197 4.71145672081039 7.33360417588603 4.28704252724443
314 344 7.35071419984197 4.71145672081039 8.04486247792877 4.23148422395335
314 365 7.35071419984197 4.71145672081039 6.71338492755559 4.96243734542295
315 319 8.62128757168693 6.7976682032815 8.53916388576986 8.15480763027061
315 329 8.62128757168693 6.7976682032815 9.35056293446693 6.49049734777947
315 330 8.62128757168693 6.7976682032815 8.24181929644739 6.80192672760957
316 349 11.3424982431524 1.6703925626711 11.7961890464339 2.20860107437764
316 351 11.3424982431524 1.6703925626711 11.5263890803805 0.756639566433797
316 352 11.3424982431524 1.6703925626711 11.3532068885834 2.26701703435025
317 345 6.94858128486488 0.826166498491401 7.29480406750648 0.354945534704703
317 398 6.94858128486488 0.826166498491401 6.56495831728576 0.805193289296393
318 322 9.03820108516382 2.45714501356272 8.58876503857017 3.12107497004006
318 326 9.03820108516382 2.45714501356272 8.40908647889041 2.06272589079525
318 341 9.03820108516382 2.45714501356272 9.16983835871209 1.91761096843464
318 383 9.03820108516382 2.45714501356272 9.13115996508364 2.88034785637335
319 330 8.53916388576986 8.15480763027061 8.24181929644739 6.80192672760957
319 370 8.53916388576986 8.15480763027061 8.68099552275566 8.76075672065779
319 378 8.53916388576986 8.15480763027061 7.55324694274826 8.4122502974331
319 380 8.53916388576986 8.15480763027061 7.90491910574527 8.69153952190362
320 323 10.092206804993 0.479401002281992 10.578172408785 1.14737917799373
320 324 10.092206804993 0.479401002281992 10.5251699518248 0.208258826032289
320 338 10.092206804993 0.479401002281992 10.5678101769334 0.680548927513655
321 337 9.38891829679876 11.8744919415563 9.8720660376771 11.6306288085401
322 344 8.58876503857017 3.12107497004006 8.04486247792877 4.23148422395335
322 347 8.58876503857017 3.12107497004006 8.92753554700842 3.81159297024179
322 374 8.58876503857017 3.12107497004006 7.95402619312935 3.16901571998459
322 383 8.58876503857017 3.12107497004006 9.13115996508364 2.88034785637335
322 387 8.58876503857017 3.12107497004006 9.1255814349836 3.41758998171364
323 338 10.578172408785 1.14737917799373 10.5678101769334 0.680548927513655
323 382 10.578172408785 1.14737917799373 10.0461913580092 1.96538109841309
323 390 10.578172408785 1.14737917799373 10.934887770606 0.770428475563588
324 338 10.5251699518248 0.208258826032289 10.5678101769334 0.680548927513655
324 390 10.5251699518248 0.208258826032289 10.934887770606 0.770428475563588
325 363 6.95536912215117 5.55429517317959 6.19079874043801 5.38369839277056
325 365 6.95536912215117 5.55429517317959 6.71338492755559 4.96243734542295
326 341 8.40908647889041 2.06272589079525 9.16983835871209 1.91761096843464
327 385 11.7339114209531 9.27411719071824 11.8416113590208 9.6850088563806
327 396 11.7339114209531 9.27411719071824 10.8106480605111 9.52933160282542
328 342 7.54799439875429 2.47470224396243 6.8054100687305 2.53125622376889
329 353 9.35056293446693 6.49049734777947 9.77316387834518 5.85169700009251
329 356 9.35056293446693 6.49049734777947 10.5624758995234 6.5709066721952
329 367 9.35056293446693 6.49049734777947 10.094395756875 7.21243739482083
330 348 8.24181929644739 6.80192672760957 7.81802977006844 6.44387541234943
331 339 11.2703858148197 10.4660524452269 11.7690023065075 10.7607629490661
331 366 11.2703858148197 10.4660524452269 10.5341093596843 9.94809111753121
331 396 11.2703858148197 10.4660524452269 10.8106480605111 9.52933160282542
331 400 11.2703858148197 10.4660524452269 11.6557049095605 10.1846742648281
332 347 9.79201641934428 4.35330488861663 8.92753554700842 3.81159297024179
332 384 9.79201641934428 4.35330488861663 9.58639981672298 3.28517172748731
333 364 6.91206894882259 11.4607021732682 6.95062721726152 10.3698498237709
334 344 7.33360417588603 4.28704252724443 8.04486247792877 4.23148422395335
336 376 10.091602078005 3.39235867656005 10.4590570960747 3.12395037851201
336 384 10.091602078005 3.39235867656005 9.58639981672298 3.28517172748731
337 361 9.8720660376771 11.6306288085401 10.2197328023271 10.4053282205232
337 371 9.8720660376771 11.6306288085401 9.0039728329754 10.5503249122202
338 390 10.5678101769334 0.680548927513655 10.934887770606 0.770428475563588
339 400 11.7690023065075 10.7607629490661 11.6557049095605 10.1846742648281
340 352 11.2354481938683 2.9019954183783 11.3532068885834 2.26701703435025
340 376 11.2354481938683 2.9019954183783 10.4590570960747 3.12395037851201
340 379 11.2354481938683 2.9019954183783 11.3986368972712 3.53838867851111
341 354 9.16983835871209 1.91761096843464 9.31694619106331 1.58617735086995
342 375 6.8054100687305 2.53125622376889 6.7434905423018 2.92116209174711
342 395 6.8054100687305 2.53125622376889 6.37083575553092 2.5365922302796
343 379 11.0935682764669 3.69476098370922 11.3986368972712 3.53838867851111
343 392 11.0935682764669 3.69476098370922 11.8043834329979 4.43353144026977
344 347 8.04486247792877 4.23148422395335 8.92753554700842 3.81159297024179
344 374 8.04486247792877 4.23148422395335 7.95402619312935 3.16901571998459
346 380 8.04808356293742 9.73336019398358 7.90491910574527 8.69153952190362
347 384 8.92753554700842 3.81159297024179 9.58639981672298 3.28517172748731
347 387 8.92753554700842 3.81159297024179 9.1255814349836 3.41758998171364
349 352 11.7961890464339 2.20860107437764 11.3532068885834 2.26701703435025
350 353 9.50474964998074 5.20970876162807 9.77316387834518 5.85169700009251
350 360 9.50474964998074 5.20970876162807 9.90491749676042 5.37174768422585
351 390 11.5263890803805 0.756639566433797 10.934887770606 0.770428475563588
353 356 9.77316387834518 5.85169700009251 10.5624758995234 6.5709066721952
353 359 9.77316387834518 5.85169700009251 10.5142097187594 5.67073928158199
353 360 9.77316387834518 5.85169700009251 9.90491749676042 5.37174768422585
355 356 10.5296811403069 6.9618955629428 10.5624758995234 6.5709066721952
355 358 10.5296811403069 6.9618955629428 10.9038058303121 7.26937056918946
355 367 10.5296811403069 6.9618955629428 10.094395756875 7.21243739482083
356 359 10.5624758995234 6.5709066721952 10.5142097187594 5.67073928158199
356 367 10.5624758995234 6.5709066721952 10.094395756875 7.21243739482083
357 375 6.10477974897264 3.01667681279071 6.7434905423018 2.92116209174711
357 395 6.10477974897264 3.01667681279071 6.37083575553092 2.5365922302796
358 367 10.9038058303121 7.26937056918946 10.094395756875 7.21243739482083
358 399 10.9038058303121 7.26937056918946 11.7845947553827 7.32347646232828
359 360 10.5142097187594 5.67073928158199 9.90491749676042 5.37174768422585
359 386 10.5142097187594 5.67073928158199 10.8489705789452 5.49215192294908
361 366 10.2197328023271 10.4053282205232 10.5341093596843 9.94809111753121
361 371 10.2197328023271 10.4053282205232 9.0039728329754 10.5503249122202
362 369 10.5206153841039 8.18190799070951 10.1337778946687 8.72528555547683
363 365 6.19079874043801 5.38369839277056 6.71338492755559 4.96243734542295
363 373 6.19079874043801 5.38369839277056 6.39978766681068 6.71647532394008
366 396 10.5341093596843 9.94809111753121 10.8106480605111 9.52933160282542
368 369 9.57887447028552 8.99665229646182 10.1337778946687 8.72528555547683
368 370 9.57887447028552 8.99665229646182 8.68099552275566 8.76075672065779
368 391 9.57887447028552 8.99665229646182 9.04242871273342 9.65984070077313
369 396 10.1337778946687 8.72528555547683 10.8106480605111 9.52933160282542
370 380 8.68099552275566 8.76075672065779 7.90491910574527 8.69153952190362
371 391 9.0039728329754 10.5503249122202 9.04242871273342 9.65984070077313
372 398 6.26985291646218 1.43112038571622 6.56495831728576 0.805193289296393
375 395 6.7434905423018 2.92116209174711 6.37083575553092 2.5365922302796
376 381 10.4590570960747 3.12395037851201 10.3054297878388 2.58829266922578
377 378 7.03865292748405 8.22146717689385 7.55324694274826 8.4122502974331
377 388 7.03865292748405 8.22146717689385 6.19660170883117 9.39726263263321
377 389 7.03865292748405 8.22146717689385 6.16888194265869 7.87986092302184
377 397 7.03865292748405 8.22146717689385 7.19558942657577 8.57819590839881
378 380 7.55324694274826 8.4122502974331 7.90491910574527 8.69153952190362
378 397 7.55324694274826 8.4122502974331 7.19558942657577 8.57819590839881
379 392 11.3986368972712 3.53838867851111 11.8043834329979 4.43353144026977
381 382 10.3054297878388 2.58829266922578 10.0461913580092 1.96538109841309
383 384 9.13115996508364 2.88034785637335 9.58639981672298 3.28517172748731
383 387 9.13115996508364 2.88034785637335 9.1255814349836 3.41758998171364
384 387 9.58639981672298 3.28517172748731 9.1255814349836 3.41758998171364
385 396 11.8416113590208 9.6850088563806 10.8106480605111 9.52933160282542
385 400 11.8416113590208 9.6850088563806 11.6557049095605 10.1846742648281
388 389 6.19660170883117 9.39726263263321 6.16888194265869 7.87986092302184
388 397 6.19660170883117 9.39726263263321 7.19558942657577 8.57819590839881
392 394 11.8043834329979 4.43353144026977 11.5701032971524 5.11661345085652
396 400 10.8106480605111 9.52933160282542 11.6557049095605 10.1846742648281
