98.2395790135107,99.2172347283197,43.9823855389452,44.1520906256452,64.064803804141,5.6404958677686
98.2724047264201,99.1863326757277,43.9866973435241,44.1606379463077,64.0749518240931,5.63636363636364
98.4044711969403,99.1976072944264,44.0344140642968,44.2009076414521,64.1504715891132,5.63223140495868
98.4119469194473,99.2046930004857,44.0520457852715,44.222416808466,64.1611839158913,5.62809917355372
98.4360816834048,99.2274799381786,44.109753660826,44.287843124583,64.1957322168018,5.62396694214876
98.4400470706919,99.2314003752331,44.1183130924286,44.2991352655558,64.2013819091673,5.6198347107438
98.4543308502447,99.2457618718901,44.1504089767227,44.3308360301916,64.221682516279,5.61570247933884
98.4686398883274,99.2602066308402,44.1814378341441,44.3600617714329,64.2419762972656,5.61157024793388
98.4726122989795,99.2642155327433,44.1911443943309,44.3684037525138,64.2476464645059,5.60743801652893
98.482564047721,99.274198766179,44.2118777964655,44.3936951171211,64.2617389804249,5.60330578512397
98.4986959584528,99.2903987231067,44.2441959929036,44.4263855773296,64.2845203567684,5.59917355371901
98.5148879619333,99.3066799654549,44.2759111253253,44.459698042849,64.3073449191273,5.59504132231405
98.5241934177254,99.3160326230994,44.2964558043223,44.480122166992,64.3205529743844,5.59090909090909
98.5409229637969,99.3328626595156,44.3332710070572,44.5161534186568,64.3442792258622,5.58677685950413
98.5658151226015,99.3579685867789,44.3870505533702,44.5676567288947,64.3795958949773,5.58264462809917
98.5907983585043,99.383105563104,44.4425404273285,44.6265110505769,64.4151044028071,5.57851239669422
98.6014942136357,99.3939498532933,44.4675925377545,44.6442426567652,64.4303700521801,5.57438016528926
98.6122488566356,99.4046278610157,44.4929392205724,44.6792052277519,64.4457074007483,5.5702479338843
98.6291822571953,99.4216390968692,44.5296503829878,44.7301897626635,64.4697338908737,5.56611570247934
98.6403232898625,99.4328917592518,44.552817960875,44.760497025183,64.4854717516929,5.56198347107438
98.6504476909543,99.4431235712731,44.5734009618809,44.7845295914855,64.499826027953,5.55785123966942
98.6675015899412,99.4603142849296,44.6110693644924,44.8330345563737,64.524083031048,5.55371900826446
98.6751040314871,99.4679618544801,44.6292621327478,44.8459356552423,64.5349959020395,5.5495867768595
98.6984146558283,99.4912961547941,44.6773514891719,44.9338116186045,64.5678831193252,5.54545454545455
98.7220890897199,99.51506990654,44.7258163966694,45.0061936133404,64.60115537286,5.54132231404959
98.7333260214719,99.526361288945,44.7496353183385,45.0388699255343,64.6170592348964,5.53719008264463
98.7504613168405,99.5439764876982,44.7874963976746,45.0816629169491,64.64146601923,5.53305785123967
98.7623069947332,99.5556097215175,44.8118308737165,45.1012670965779,64.6580757234726,5.52892561983471
98.7782536365005,99.5719949134934,44.8487357662703,45.1287681121198,64.6809468773307,5.52479338842975
98.7937508945904,99.5870149753542,44.8848876421009,45.1569981272095,64.7030576740731,5.52066115702479
98.8175794444629,99.6108274050922,44.9333681219213,45.2260225054335,64.7365929517647,5.51652892561984
98.8413591723809,99.6347732479534,44.9824691670795,45.3004095386349,64.770051911304,5.51239669421488
98.8770813786671,99.670979906905,45.0565558367875,45.404921482828,64.8203373167155,5.50826446280992
98.893321698476,99.6876053879294,45.0935140731362,45.4345682541326,64.8435681570848,5.50413223140496
98.905226935786,99.698883068367,45.1188614694178,45.4543496911386,64.860332971084,5.5
98.9412529344796,99.7353559965726,45.1933099481827,45.5695250230182,64.9110134444328,5.49586776859504
98.9568637692721,99.7514006938693,45.2297647852866,45.5957706935328,64.9333258239244,5.49173553719008
98.9706187653507,99.7645869944459,45.2579966715716,45.6210364932875,64.9526508659703,5.48760330578512
98.9866761704779,99.7814423612559,45.2914340043079,45.6466684402385,64.9754441715374,5.48347107438016
99.0029120854496,99.7968317663623,45.3231656742544,45.6749242890455,64.9983737381436,5.47933884297521
99.0387858358334,99.8333063481625,45.3987010619839,45.7730839439832,65.0489900296978,5.47520661157025
99.0556487100423,99.8502377689238,45.4258425520807,45.8034306574472,65.0725970905288,5.47107438016529
99.0694324329856,99.8637775245994,45.4541794373532,45.8264118203475,65.0919881289247,5.46694214876033
99.0874975583757,99.8817879560999,45.4811567502933,45.8161840319152,65.1171207273169,5.46280991735537
99.1101119027955,99.9055228731928,45.5339518228413,45.8587049564538,65.1494543835525,5.45867768595041
99.1330057973951,99.9272512290462,45.5846953077528,45.8965801428931,65.1820193131623,5.45454545454545
99.1668262380506,99.9627535184741,45.6648720475571,45.9662412426972,65.2301063238531,5.4504132231405
99.1876294458134,99.9822146172863,45.7138229536823,45.9980869269464,65.2598009050119,5.44628099173554
99.224306070792,100.018839580325,45.7882788313195,46.09524606377,65.3114044237434,5.44214876033058
99.2683739722805,100.064239100458,45.8824843450563,46.2083678197349,65.3733763657444,5.43801652892562
99.2848704305133,100.079693564781,45.9145527956269,46.2334185381808,65.3964454068201,5.43388429752066
99.3215315746346,100.117263566484,45.9950149748551,46.3189628100158,65.4480928441273,5.4297520661157
99.336980664974,100.131898927656,46.0283048605271,46.3432576933649,65.4700123055312,5.42561983471074
99.3716782981748,100.16819102028,46.1085787123258,46.4103991793859,65.5193215032118,5.42148760330578
99.3977744146995,100.192570407792,46.1700367168876,46.452936964182,65.5567202950746,5.41735537190083
99.4163751795454,100.211611396912,46.1962121475819,46.4692206082227,65.5825937691127,5.41322314049587
99.4290088951214,100.224129761683,46.2204147816272,46.5039697073044,65.6000724495641,5.40909090909091
99.4742704948376,100.270737397505,46.3149083099498,46.6189618524269,65.6633542445691,5.40495867768595
99.4917554965239,100.287040058534,46.3394901353211,46.6463961127176,65.6878647135091,5.40082644628099
99.5290326208443,100.325621245721,46.4215701832863,46.7319783877438,65.7403532307268,5.39669421487603
99.5449419407179,100.340456637178,46.4562526224787,46.7581440165394,65.7628984318977,5.39256198347107
99.5842230435108,100.382155369108,46.5476206515042,46.8224538353451,65.8191550447899,5.38842975206612
99.6136532065479,100.409716040781,46.6055788286282,46.8721954570379,65.8608104473083,5.38429752066116
99.6411473654221,100.436832057151,46.6645240618967,46.9347490149959,65.8992721077854,5.3801652892562
99.6580323247069,100.454203625509,46.6998629427975,46.9627886682675,65.9230346684696,5.37603305785124
99.6698579549115,100.465528125238,46.696360260505,46.9790994401722,65.9380557385609,5.37190082644628
99.6965172171003,100.492388697572,46.7480938674795,47.0524290602379,65.9750415067412,5.36776859504132
99.713227312398,100.509160688487,46.780592457988,47.0919125782927,65.9981048665597,5.36363636363636
99.7298429312995,100.525878601039,46.8131351964197,47.1324455230127,66.0211493641957,5.3595041322314
99.7565897642737,100.553052508016,46.8652545211854,47.2078599606378,66.0583568275351,5.35537190082645
99.7970398110348,100.595387894572,46.9539184781521,47.2754567168289,66.1159375707221,5.35123966942149
99.8269408445496,100.623098866407,47.0104217054992,47.3215898682444,66.1581605196133,5.34710743801653
99.8547444136501,100.651802529038,47.0712236252359,47.3809161623072,66.1972009341372,5.34297520661157
99.8862712212006,100.683334913836,47.1382977192472,47.4358582553509,66.2415757121026,5.33884297520661
99.9083171992354,100.704887580005,47.1881146734526,47.4702990551644,66.273031819418,5.33471074380165
99.9475019387079,100.744184389443,47.2465197122838,47.5586967681971,66.3263948286428,5.33057851239669
99.9736519962297,100.770325636823,47.2943916054599,47.5958186761298,66.3627598378851,5.32644628099174
100.012785616182,100.810762794905,47.357148599744,47.6798791291297,66.4164080432413,5.32231404958678
100.044722942705,100.842493814177,47.3804535157724,47.7297883281267,66.4603365305564,5.31818181818182
100.056836354166,100.85394682178,47.3750580482371,47.7447366238711,66.4756043662923,5.31404958677686
100.088622300201,100.88708058686,47.4437693078785,47.7967562524219,66.5204635364306,5.3099173553719
100.11556790015,100.91246768386,47.4967434781735,47.8400660288038,66.5579078410799,5.30578512396694
100.14528049087,100.942665788215,47.5521084832164,47.9030422765616,66.5989506852134,5.30165289256198
100.177793295005,100.975220067732,47.614347346162,47.9810245285642,66.6436744624098,5.29752066115702
100.210292043857,101.00810534723,47.6769290486103,48.0574850757913,66.6886792346123,5.29338842975207
100.224058568056,101.021651503274,47.6990968345579,48.0867326915514,66.7058439000685,5.28925619834711
100.275519096209,101.075854989472,47.8070956905337,48.1916518899031,66.7775788362784,5.28512396694215
100.307335751552,101.10534517529,47.843707403336,48.2377978726225,66.8208883989319,5.28099173553719
100.337840057571,101.135796804976,47.895826781787,48.2874416555088,66.8623646691695,5.27685950413223
100.370322081084,101.170221746141,47.9223876236472,48.3384108258035,66.9072014157887,5.27272727272727
100.401496219272,101.199227800849,47.9756791161099,48.3834001607773,66.9501066594673,5.26859504132231
100.43817710766,101.236355906019,48.0422492829972,48.4782100092471,67.0004341291406,5.26446280991736
100.49087253603,101.291554062711,48.1529653755189,48.5747535428693,67.0737678331341,5.2603305785124
100.522965813749,101.321232379589,48.1900068819356,48.6259863125592,67.1173734989629,5.25619834710744
100.56018785445,101.35876450123,48.2568130183633,48.7186199645307,67.1682219255806,5.25206611570248
100.604084322685,101.405381303948,48.3448550849493,48.7922394900129,67.2299870277526,5.24793388429752
100.648472070809,101.446899960225,48.4337850463137,48.8588028682049,67.292469924068,5.24380165289256
100.662546357775,101.461248043771,48.458498845677,48.8896859892991,67.3103393987068,5.2396694214876
100.720680251279,101.522873407292,48.5549597082417,48.9724577653924,67.3922977188864,5.23553719008264
100.778568298884,101.577118567383,48.6503860065486,49.0610946444859,67.4735943328609,5.23140495867769
100.805317854605,101.604334702721,48.6958291118598,49.1097491103403,67.509517271331,5.22727272727273
100.822986370272,101.621701796457,48.7270178715184,49.1393726979905,67.5324772677378,5.22314049586777
100.857183486055,101.65619796838,48.7727526986698,49.2066127794723,67.5772990220033,5.21900826446281
100.883929947205,101.683314872612,48.8178684045553,49.2606430092012,67.6132270491397,5.21487603305785
100.914774279271,101.713965963154,48.8615726319239,49.3266119162489,67.6534123425849,5.21074380165289
100.943325693921,101.744081998729,48.9150978009726,49.3692615961893,67.6933268824471,5.20661157024793
100.971837394543,101.770897149719,48.9659770917327,49.4130543842808,67.7322093607041,5.20247933884298
101.007934438768,101.807410665631,49.0114426596012,49.4894331141617,67.7797374647853,5.19834710743802
101.058088864652,101.859875413032,49.1141579691272,49.5840942305088,67.8490256614356,5.19421487603306
101.089475733011,101.888953106107,49.1700720547122,49.6336943013004,67.8920839329948,5.1900826446281
101.126003089737,101.925883012001,49.2177213183869,49.7052327890387,67.9401214243016,5.18595041322314
101.177414946813,101.97935435404,49.3177102780451,49.8262421786387,68.0103585010522,5.18181818181818
101.206135755068,102.006436617772,49.3707170425158,49.8696387528417,68.049686188439,5.17768595041322
101.231977755789,102.032407200466,49.4108262457313,49.9261463980974,68.083353737206,5.17355371900826
101.267947988155,102.069408976153,49.4696704569508,49.9835367068115,68.1316419967601,5.16942148760331
101.278741467714,102.079542189121,49.4869473400303,49.9981057280537,68.1459026762633,5.16528925619835
101.310319594912,102.112944280703,49.5434304472575,50.0443648978209,68.1893244568167,5.16115702479339
101.329420076981,102.129961236282,49.5706726859693,50.0664811557607,68.2145173794362,5.15702479338843
101.366087429798,102.167185275305,49.6289407589628,50.1239293541771,68.2631822411288,5.15289256198347
101.401733399597,102.203124899996,49.6770794170057,50.2045969489903,68.3099495565288,5.14876033057851
101.436361161751,102.239421249092,49.7404915611754,50.2614171694286,68.3575025188168,5.14462809917355
101.455463522832,102.256374072295,49.7680258721431,50.2827303277423,68.3827573976524,5.1404958677686
101.498314712531,102.302085403234,49.8509066590413,50.3454887356402,68.4427290070371,5.13636363636364
101.541689470517,102.342342612111,49.9338773938762,50.4134220502692,68.5033200471564,5.13223140495868
101.568094688414,102.369030737931,49.97804120299,50.472548833432,68.5382954420721,5.12809917355372
101.612205004766,102.416008830099,50.0625323698546,50.5425189767332,68.5990269713446,5.12396694214876
101.656751453777,102.457673925756,50.1467028233028,50.6185503700772,68.6602452639935,5.1198347107438
101.691896867706,102.495244633279,50.2111949161338,50.6715700034657,68.7084572197868,5.11570247933884
101.721674723331,102.522601475243,50.2634129367709,50.7163264100734,68.7490000769515,5.11157024793388
101.753609838177,102.555037350849,50.3141865973392,50.7816858572926,68.791014378571,5.10743801652893
101.771004274681,102.572187883316,50.3326436998389,50.8137964765919,68.8121706389545,5.10330578512397
101.828368824794,102.630223733541,50.4154330782589,50.923417572077,68.885943436294,5.09917355371901
101.857528735072,102.661029292978,50.4699750484284,50.9739928715448,68.9254540524361,5.09504132231405
101.875167254771,102.676985807611,50.4970767641118,50.9978362636357,68.9485356466112,5.09090909090909
101.949044225358,102.753539360446,50.6250969845304,51.144437351,69.0472709174106,5.08677685950413
101.978580398574,102.780960083219,50.6764721816222,51.1912538261931,69.0872140742514,5.08264462809917
102.037498647786,102.840581125573,50.7558317677706,51.2826072285473,69.1618668198565,5.07851239669422
102.083770851886,102.890421873551,50.840473583785,51.3463495162812,69.2258039441879,5.07438016528926
102.130762839343,102.933434827825,50.9245195844023,51.4161296637342,69.2902090672827,5.0702479338843
102.206382840183,103.011316699846,51.0517237581086,51.5724431746497,69.3907205220169,5.06611570247934
102.217702420114,103.021439260514,51.0704028293835,51.5866230758844,69.4058054180342,5.06198347107438
102.255559451433,103.059762449667,51.1338114680108,51.6599802454725,69.4558710148446,5.05785123966942
102.273727932872,103.077993278569,51.160390021471,51.6872095817074,69.4791740607975,5.05371900826446
102.291916074115,103.096050571082,51.1853501899571,51.7126745221807,69.5021134160649,5.0495867768595
102.33019497952,103.13438938488,51.2474916063641,51.7923796367792,69.5523483629816,5.04545454545455
102.36081520784,103.166766062097,51.303532978266,51.8343237008289,69.5945444141175,5.04132231404959
102.378139008059,103.181814134718,51.3247695632331,51.8366791181233,69.615658972469,5.03719008264463
102.426533040542,103.232215006082,51.3969082300684,51.8887513177165,69.6788166156022,5.03305785123967
102.4509338753,103.255508771501,51.4353681080161,51.9226786141069,69.7107870071696,5.02892561983471
102.487291410355,103.29290168363,51.4997213141582,51.982025091695,69.757787788922,5.02479338842975
102.524289183141,103.328958790067,51.56140006619,52.0501467673669,69.8044366920281,5.02066115702479
102.570563364064,103.37792995737,51.6454031880589,52.1190333045209,69.8645026646342,5.01652892561984
102.609568922056,103.413772208894,51.7166982180756,52.1757055415474,69.9175936267837,5.01239669421488
102.639950803452,103.4443287011,51.7603517923058,52.2250110941806,69.956254934268,5.00826446280992
102.658098299372,103.463134780461,51.7854053170371,52.2638241268595,69.978942332318,5.00413223140496
102.696954306152,103.504281552546,51.8574001105064,52.3157363127457,70.0321047390067,5
102.725158658,103.529199030106,51.8985159510083,52.3493192710566,70.068827190847,4.99586776859504
102.747048155377,103.551373620681,51.9319246622947,52.3908022245327,70.0971778463388,4.99173553719008
102.784348373427,103.589724142521,51.9910541028813,52.467909913029,70.1460214178315,4.98760330578512
102.801779576555,103.606854318861,52.0174072802926,52.4944520322116,70.1685544268032,4.98347107438016
102.819164178552,103.62441190473,52.0450418590431,52.5292641833306,70.1913262964202,4.97933884297521
102.890723761539,103.701964020542,52.0186589579511,52.5818251447825,70.2817017572609,4.97520661157025
102.943244615953,103.748502279937,52.0684219650602,52.6292320709249,70.3531619445601,4.97107438016529
102.967108158143,103.771902839436,52.1028557874951,52.6578968773628,70.3839253113454,4.96694214876033
103.0194831333,103.827801827508,52.1884913425411,52.7275349329522,70.4561087731936,4.96280991735537
103.06132184272,103.865559673973,52.2578550666386,52.7847969858565,70.5123648810563,4.95867768595041
103.133218122185,103.942338185584,52.2799445012078,52.8595096153392,70.6053312804551,4.95454545454545
103.276365473867,103.974621561584,52.3390526790726,52.9187698697029,70.6920441931263,4.9504132231405
103.307134871346,104.002297005733,52.3836529835782,52.9577913722263,70.7325878105658,4.94628099173554
103.33834132287,104.033486544278,52.431044354313,53.0230635977444,70.7725892444361,4.94214876033058
103.358419929625,104.053641450383,52.461769117658,53.0616966416811,70.798367995425,4.93801652892562
103.37850071722,104.073952212663,52.4932934452545,53.1000724774839,70.8243135883421,4.93388429752066
103.40672764146,104.102547666774,52.5374253512213,53.1540340396721,70.8607156996683,4.9297520661157
103.429605259808,104.125793638613,52.5726944324137,53.198331192719,70.8901902003015,4.92561983471074
103.464296806409,104.162153105506,52.6205947642668,53.2590015212646,70.9339907902368,4.92148760330578
103.499591496354,104.196528597661,52.666238902056,53.3209849811669,70.9779687417313,4.91735537190083
103.550446642049,104.251251068734,52.7489586536959,53.3897665196538,71.0466921755289,4.91322314049587
103.595476121193,104.291859095732,52.7715631672851,53.4392356396468,71.1039111510497,4.90909090909091
103.672600510607,104.371327237181,52.8872148865302,53.5810471457354,71.2029494509737,4.90495867768595
103.697131569606,104.394750496659,52.9212076981734,53.6150266045229,71.2330625523313,4.90082644628099
103.739707200892,104.440844169778,52.9933953423319,53.6713805769395,71.2908037764297,4.89669421487603
103.78405950759,104.481298521685,53.0586196311449,53.7334197917882,71.3487692383275,4.89256198347107
103.856407734942,104.558970716044,53.1576079419649,53.8175472864752,71.4411597053957,4.88842975206612
103.90927833909,104.606803112253,53.2396085167369,53.8899542337646,71.5123977775093,4.88429752066116
103.938665125649,104.63718274183,53.2847484385595,53.9525000652203,71.5499902351669,4.8801652892562
103.971068291229,104.670128182284,53.3336142385393,54.0011307648004,71.5919462826173,4.87603305785124
103.990664116465,104.68844302758,53.3643316175172,54.0258367642159,71.6179118150215,4.87190082644628
104.051224832344,104.751877152511,53.4648290341545,54.1352483351786,71.694802620994,4.86776859504132
104.077611591824,104.775598338902,53.5064111032038,54.1687168177605,71.7296612903679,4.86363636363636
104.125282739977,104.824756740971,53.5805622332156,54.2567963817545,71.78994662628,4.8595041322314
104.164757437677,104.863858054428,53.6387316213242,54.3290829763731,71.8396497927255,4.85537190082645
104.217464424227,104.917486512855,53.7163169520646,54.4227638696247,71.9061542765584,4.85123966942149
104.263502458521,104.96759642166,53.7402869705672,54.4738454146671,71.9649299059549,4.84710743801653
104.316772516416,105.016273050344,53.8150271238142,54.5452168900116,72.0314204083639,4.84297520661157
104.361936987978,105.064579547554,53.8838782994727,54.6062238665134,72.0907442443994,4.83884297520661
104.401308304522,105.100232420276,53.9390016411964,54.6588244852268,72.1418054051861,4.83471074380165
104.462637877172,105.166000607102,54.0383331631666,54.7498072775422,72.2204713411806,4.83057851239669
104.515195203097,105.214265867246,54.1126777284695,54.8194448699149,72.2872046732518,4.82644628099174
104.555234336138,105.255961539637,54.1736000069129,54.8917413046605,72.3380126269638,4.82231404958678
104.603858329892,105.305400539507,54.2515897710579,54.974456973343,72.4009765305114,4.81818181818182
104.636937982007,105.33768575711,54.3037286864883,55.0207872464912,72.4442216457224,4.81404958677686
104.720733762766,105.422511995273,54.4084246458493,55.1424281234712,72.5475063103333,4.8099173553719
104.753825697026,105.457083592316,54.4556837325554,55.182106370532,72.5912079012072,4.80578512396694
104.785626252884,105.486581035381,54.4973496063348,55.2223880626024,72.630522887131,4.80165289256198
104.844812693873,105.550754383411,54.5900038553313,55.2954613162622,72.7086098343299,4.79752066115702
104.877333317038,105.577614412224,54.6294205423291,55.3221959813588,72.7481175253534,4.79338842975207
104.948816279727,105.650604413976,54.7406112304704,55.4530768759103,72.8398824928362,4.78925619834711
104.975750686632,105.67673630201,54.7701653512052,55.4595532795419,72.8729941586207,4.78512396694215
105.009572400147,105.710688907585,54.8180921813422,55.5270282410223,72.9149407601577,4.78099173553719
105.066139643043,105.770264663423,54.8925459244734,55.57889911901,72.9853421902789,4.77685950413223
105.089042334305,105.791812189627,54.9243917765242,55.6116948869628,73.013483787611,4.77272727272727
105.151335736416,105.855468939579,55.0092306407032,55.7209810236406,73.0906074963803,4.76859504132231
105.174189601907,105.877957459492,55.0405737392487,55.7505981125894,73.1186372753267,4.76446280991736
105.246432066124,105.954429000751,55.1543274008433,55.8691074138653,73.2115082609817,4.7603305785124
105.280531447877,105.984512958264,55.1888636906287,55.8903689102383,73.2513151169269,4.75619834710744
105.343862532366,106.050629709137,55.2393754882305,55.9689783130732,73.3273734673185,4.75206611570248
105.37587967696,106.081993133012,55.2862242582273,56.0054980438401,73.3695215355517,4.74793388429752
105.406076715069,106.111191704392,55.3288984890092,56.0543922642759,73.4070406567858,4.74380165289256
105.460326507231,106.169997029505,55.4109647810749,56.1254835698163,73.477068699743,4.7396694214876
105.508430490608,106.212947667355,55.4609200229974,56.1815683918812,73.5357807771814,4.73553719008264
105.566040993571,106.271721622,55.5416923299897,56.2779465389669,73.6070420764723,4.73140495867769
105.62122519622,106.330161762998,55.6206130041388,56.3701601275633,73.6732832631514,4.72727272727273
105.653813372049,106.359500331557,55.665108360772,56.4003129581094,73.7140730717114,4.72314049586777
105.695294663969,106.404640118305,55.7238291976133,56.4511005512571,73.7681130524702,4.71900826446281
105.735339111128,106.441088791482,55.7076660024682,56.479097385521,73.8129429943934,4.71487603305785
105.765801677417,106.471659928346,55.7514958471711,56.5252804358257,73.8509734256589,4.71074380165289
105.815641018349,106.522676546861,55.813130779845,56.6055606712784,73.911980982832,4.70661157024793
105.851997877333,106.559784210601,55.8646518580213,56.6644364765027,73.9571590824986,4.70247933884298
105.888208699893,106.595727395937,55.9166429181024,56.7216404294986,74.0024124978229,4.69834710743802
105.951792716274,106.66525640597,56.0162955750375,56.7967245282934,74.0859247228395,4.69421487603306
106.016268310989,106.722363945387,56.1153339923383,56.8795001597178,74.1711809834263,4.6900826446281
106.094102104555,106.805866674834,56.2335917232931,56.9931310242572,74.2704389186856,4.68595041322314
106.160526225257,106.867695733955,56.3173770452106,57.0737581949007,74.3518727297924,4.68181818181818
106.214738603899,106.921636021243,56.3937743148201,57.1600915484348,74.4193050987759,4.67768595041322
106.262513013024,106.970755014994,56.4632274192496,57.2442763990074,74.47925861738,4.67355371900826
106.298860725221,107.007638632551,56.511569682043,57.2882400828897,74.524265923366,4.66942148760331
106.353528307829,107.063324830432,56.5895478611526,57.3830260689046,74.5925102291919,4.66528925619835
106.412238364325,107.124735366203,56.6766162136416,57.4603159841754,74.6672202683039,4.66115702479339
106.471781608129,107.181429088955,56.7642738572872,57.5520847051445,74.7422191486044,4.65702479338843
106.530158375796,107.242736489354,56.8469596784633,57.6363015477502,74.8088838337941,4.65289256198347
106.611290962162,107.323116869256,56.966740486933,57.7673870734945,74.9108647146473,4.64876033057851
106.645406779378,107.356737956308,57.0117076781008,57.7996366928106,74.9534125213296,4.64462809917355
106.66228736864,107.370890777587,57.0286135463416,57.8160819510547,74.9722141636417,4.6404958677686
106.691851837205,107.40130070308,57.062901785994,57.8591817947593,75.0068780845939,4.63636363636364
106.742679496518,107.456563306883,57.1112238781546,57.9119034208263,75.069245631063,4.63223140495868
106.786921514555,107.494855607588,57.1629665100236,57.9598882190798,75.1218632142338,4.62809917355372
106.840328571019,107.550133694746,57.2221168618838,58.0390976289359,75.1854627690565,4.62396694214876
106.891813474731,107.602067778108,57.2889962513916,58.11725352152,75.2474476533458,4.6198347107438
106.975051824419,107.689487085965,57.3124696643143,58.2610269840219,75.3396262835281,4.61570247933884
107.017666376639,107.731656925195,57.2917237617162,58.2902753163727,75.3866705458306,4.61157024793388
107.091450943297,107.806366300719,57.4013471680887,58.3965373463367,75.4800286013517,4.60743801652893
107.126235934867,107.83751118394,57.4390277200313,58.4211460981654,75.517811899594,4.60330578512397
107.18825678999,107.902472032237,57.4995952753937,58.4884476335356,75.5898066844405,4.59917355371901
107.231245328283,107.944466796071,57.5434543872219,58.5404396618953,75.6385530498963,4.59504132231405
107.298360344529,108.013203854395,57.6276357653594,58.6413364528895,75.7180257863011,4.59090909090909
107.373568067683,108.095826052325,57.7182392900494,58.7149760474276,75.8099283775349,4.58677685950413
107.426376796784,108.139161438305,57.7641261592944,58.7449838990611,75.8754628313717,4.58264462809917
107.479293167135,108.19412465652,57.8338582587034,58.8300975083693,75.9396016561854,4.57851239669422
107.538203805667,108.254148731558,57.906271996272,58.8966023353629,76.010408600565,4.57438016528926
107.619190066407,108.335469948439,58.0109515624979,59.0230149590132,76.1075080296837,4.5702479338843
107.687294147073,108.404965081547,58.0988830424702,59.1305745072192,76.188707637889,4.56611570247934
107.739375634552,108.462793051007,58.1553762868751,59.1704859385595,76.2546756418648,4.56198347107438
107.794720023545,108.509984078959,58.218747120376,59.2286610648262,76.3202272155654,4.55785123966942
107.883354019416,108.607837802979,58.3358122498839,59.3200966732005,76.4303611382097,4.55371900826446
107.973512461898,108.685927286129,58.4552780458819,59.4223552478645,76.5419937652083,4.5495867768595
108.014362959119,108.730127324606,58.508534448226,59.4726006527067,76.5908957988934,4.54545454545455
108.050711818016,108.764052136004,58.5475639426266,59.5033561426413,76.6309779479095,4.54132231404959
108.138898248603,108.860149755391,58.629904394362,59.5907064796423,76.7355994348349,4.53719008264463
108.22766677704,108.939072004953,58.7193406801497,59.6884288304025,76.8420210117005,4.53305785123967
108.29631077396,109.010055106142,58.8018644855223,59.7848563603134,76.9221397572824,4.52892561983471
108.365390630901,109.080835883495,58.8834382059896,59.8863013150905,77.0025583939774,4.52479338842975
108.404751381337,109.123194300914,58.9217941840206,59.9011467780627,77.0472665359559,4.52066115702479
108.447596456957,109.162435927496,58.971827830952,59.949722197233,77.0968817168777,4.51652892561984
108.494194975076,109.210838267903,59.0122808365167,60.0248683159361,77.1476521751652,4.51239669421488
108.545918406161,109.264632594724,59.0325350530818,59.9715788214572,77.2021237995656,4.50826446280992
108.563799248079,109.280809230985,59.0505223966763,59.9875602050586,77.2221230478693,4.50413223140496
108.61998765706,109.341200816732,59.1216993975675,60.0613028500433,77.2886408255715,4.5
108.667130977328,109.38399321663,59.1784013538283,60.1076252757966,77.345163957925,4.49586776859504
108.726651781129,109.447780136394,59.2485509474379,60.2039980558069,77.4109486609783,4.49173553719008
108.755746441623,109.472501303984,59.2797601259432,60.2336106277004,77.4441803498723,4.48760330578512
108.811830636189,109.534216114981,59.3499077237229,60.2954804040265,77.5104953859921,4.48347107438016
108.856365786974,109.572316968221,59.4001540289898,60.3424346512833,77.5625802069505,4.47933884297521
108.953655441103,109.678823717075,59.5110958997449,60.4632317872405,77.670890462449,4.47520661157025
109.011213704735,109.72782393687,59.577397085156,60.5183418155794,77.7391561751101,4.47107438016529
109.040395193584,109.755748199899,59.6084111260815,60.5455567560366,77.7724711306289,4.46694214876033
109.091409952702,109.808932238225,59.6625913862143,60.6003711737655,77.8299420097138,4.46280991735537
109.11484033491,109.829216475789,59.679040967919,60.6196631017476,77.8528278707834,4.45867768595041
109.212727541721,109.936827515509,59.7868763393899,60.7278871083383,77.9608882678652,4.45454545454545
109.280619850112,109.992552283986,59.8473265155267,60.7762839214534,78.0368624119356,4.4504132231405
109.408528937278,110.128753864271,59.9758573214656,60.9402582365715,78.1745779120815,4.44628099173554
109.445553505316,110.159437256306,60.0105831642639,60.9740057692183,78.2149660282082,4.44214876033058
109.477290831242,110.192523615509,60.0460761382033,61.0128934196709,78.2507573975146,4.43801652892562
109.512031549276,110.227212924699,60.0849891484944,61.0606672892946,78.2897717199042,4.43388429752066
109.576935173792,110.295358856185,60.1583657941344,61.1443994809606,78.3625679276071,4.4297520661157
109.599783372354,110.317476938228,60.1793729058663,61.1663036600223,78.3871763701713,4.42561983471074
109.635151136119,110.353927703222,60.2181196417415,61.1988928708326,78.4283024244577,4.42148760330578
109.684573513444,110.402087575551,60.2698115378251,61.2485262384919,78.4840984878941,4.41735537190083
109.717301332505,110.432737899319,60.3019848800554,61.2748380600434,78.5193852586369,4.41322314049587
109.752536217287,110.469659164627,60.3407236654901,61.3268010280873,78.558549653669,4.40909090909091
109.804877819543,110.525702000553,60.3965224044229,61.3754964937671,78.6174574608064,4.40495867768595
109.882166071822,110.603666845548,60.4782196913863,61.4676816840061,78.7014167204404,4.40082644628099
109.928305488816,110.646847667432,60.5293957789013,61.5109002501051,78.7553696679308,4.39669421487603
110.024632247494,110.748554539972,60.6387534393392,61.6276647737466,78.8651323929199,4.39256198347107
110.074099756444,110.790527819202,60.6905837436647,61.6736035265723,78.9211064143059,4.38842975206612
110.17509266595,110.901475880248,60.8045170417787,61.7752050484735,79.0384206533764,4.38429752066116
110.228620838097,110.940597541387,60.8429754913932,61.8003209087271,79.0948948216411,4.3801652892562
110.290737808261,111.004832459086,60.9075339692761,61.8771418274891,79.1627444029741,4.37603305785124
110.353207383914,111.069672432768,60.9721375906635,61.9562579604773,79.2306015244604,4.37190082644628
110.455711780379,111.1825151483,61.0897257154084,62.0730157109362,79.3495099348052,4.36776859504132
110.526249696267,111.238968832449,61.1521515497202,62.1217655448467,79.428019566027,4.36363636363636
110.624042203963,111.346326868743,61.2632852997229,62.2302279089928,79.5395188215239,4.3595041322314
110.669023014962,111.381322384719,61.3022040422157,62.2628898670738,79.5851473150215,4.35537190082645
110.808697263408,111.531653775021,61.3953762200446,62.4413548628947,79.7267869292072,4.35123966942149
110.864552878901,111.580010172434,61.4519039976696,62.4903677022353,79.789602690032,4.34710743801653
110.90324730341,111.619590101288,61.4845622193963,62.526352092953,79.8290735078127,4.34297520661157
111.006530933113,111.735333524796,61.5831483658073,62.6528994563275,79.9403701164946,4.33884297520661
111.068617404011,111.784919059524,61.6417289914583,62.7012222009713,80.0087814583644,4.33471074380165
111.144586988293,111.870052086601,61.7182462340749,62.7687878780564,80.0919037635918,4.33057851239669
111.189588038314,111.906018980546,61.7580667237429,62.8032934196799,80.138293120539,4.32644628099174
111.229258518251,111.947134024338,61.7874500784964,62.8358194413608,80.1776290036017,4.32231404958678
111.303785515963,112.030130715918,61.8711265225504,62.920033980144,80.2621893449889,4.31818181818182
111.360753529412,112.077599047506,61.9307192508483,62.9711997472046,80.3269026363085,4.31404958677686
111.44247988238,112.168337105722,62.0138989946728,63.0631560278845,80.4148381247673,4.3099173553719
111.493833114916,112.207463390171,62.0555571000097,63.0998965735985,80.4665075561434,4.30578512396694
111.550468986267,112.267328724034,62.1113974295029,63.1648438387556,80.5264246015512,4.30165289256198
111.606837635182,112.32629668497,62.1686253841385,63.2355860550818,80.5864491818856,4.29752066115702
111.648477700897,112.368182392936,62.2117549956937,63.2840701329015,80.6314403713743,4.29338842975207
111.734834704013,112.464552642856,62.2990978686185,63.3748157291895,80.7257884380115,4.28925619834711
111.790049951819,112.505951475568,62.3319276716615,63.3981000432334,80.7789272947143,4.28512396694215
111.879987079686,112.608076785849,62.424440104865,63.4617948536187,80.8784580082982,4.28099173553719
111.944297082167,112.658590099472,62.4611939524478,63.5009899646329,80.932768381967,4.27685950413223
111.993664873405,112.706677963621,62.5095285070857,63.5488943721336,80.9862826052737,4.27272727272727
112.052970614477,112.764704218426,62.5703100822437,63.6151064261255,81.0503761293301,4.26859504132231
112.154845574906,112.878531247334,62.6679666520209,63.7078968664127,81.1564289844014,4.26446280991736
112.223672255204,112.93079578725,62.6871546352553,63.7391083304276,81.2087814054415,4.2603305785124
112.298783304477,113.008378773624,62.7573692680508,63.8157337397364,81.2864362832328,4.25619834710744
112.354928308585,113.068220890915,62.808154304436,63.8713311949697,81.3483132628095,4.25206611570248
112.405401563298,113.112909312247,62.8575746808584,63.9159816140752,81.4030736844746,4.24793388429752
112.484801708242,113.199076476327,62.9384578961723,64.004221961055,81.4886684132075,4.24380165289256
112.535615219107,113.241038654148,62.9554431705899,64.0396199078386,81.5328332834491,4.2396694214876
112.615508294064,113.329914438052,63.0353230941494,64.1245317970724,81.6178372322025,4.23553719008264
112.668674155091,113.373652519952,63.0736350257384,64.1667117775866,81.6696065332085,4.23140495867769
112.721878806263,113.429244948972,63.1252404592024,64.2268869152735,81.7254895462438,4.22727272727273
112.801107158535,113.516872576285,63.2091549384533,64.3042936144415,81.8137915990652,4.22314049586777
112.866238479899,113.571014897387,63.2721221263722,64.3614130253016,81.8860096886858,4.21900826446281
112.971465730006,113.685168304631,63.3490831299391,64.4826429322498,81.9827281758927,4.21487603305785
113.023079768622,113.7321689727,63.3986657699949,64.5246491936811,82.0382551117469,4.21074380165289
113.071579929516,113.781023539312,63.4271991250512,64.5649699964288,82.0859500738911,4.20661157024793
113.134593196407,113.843285686617,63.4926493195676,64.6314926800295,82.1523217839853,4.20247933884298
113.214477747453,113.927273271073,63.5763744100826,64.7186202947715,82.2405278688399,4.19834710743802
113.263155346702,113.968612535917,63.6200106029738,64.7602286444673,82.2910546447266,4.19421487603306
113.388882248463,114.103519407463,63.7196790092242,64.9039091933082,82.4179487265932,4.1900826446281
113.482165724421,114.201287328274,63.8115444777838,64.9851731449454,82.5208700665577,4.18595041322314
113.538232644318,114.244791159017,63.849138941284,65.0064981432641,82.5790305563242,4.18181818181818
113.647284706655,114.361950474396,63.9483418392006,65.0931643282232,82.6916722583524,4.17768595041322
113.734144478849,114.435278209036,64.005737368053,65.0665727287638,82.7787668453963,4.17355371900826
113.794735691348,114.494961958025,64.0555125450176,65.1174149100249,82.8442094310669,4.16942148760331
113.892005490881,114.594588855173,64.1403366143897,65.2029850488286,82.9488421963494,4.16528925619835
113.952736531516,114.648426722069,64.1995584283628,65.2542406077875,83.013813806474,4.16115702479339
114.031995119427,114.734231009841,64.2810544952521,65.3563063411559,83.099485995875,4.15702479338843
114.090358121038,114.788651498037,64.3395348599647,65.4149850801523,83.1620571695298,4.15289256198347
114.154070173106,114.856523360166,64.4029055244343,65.4880505791028,83.2300118304663,4.14876033057851
114.28466095212,114.992559322822,64.4966608280193,65.6064569443089,83.3585618427123,4.14462809917355
114.370623141712,115.090644126209,64.5867205943673,65.6743340418546,83.4525538067877,4.1404958677686
114.458313580173,115.161356573634,64.6693997006699,65.7502092778685,83.5477799026643,4.13636363636364
114.531884286629,115.240129439038,64.6288525501729,65.6559035745686,83.6101689064823,4.13223140495868
114.620480121112,115.332709843774,64.6920796637802,65.6843068238678,83.7008762494829,4.12809917355372
114.670897604032,115.377190672616,64.7364226997079,65.729914075554,83.7529423016329,4.12396694214876
114.728305705418,115.437343296349,64.7909378700449,65.7942273242324,83.812442526557,4.1198347107438
114.843089570436,115.561195341109,64.8527290188494,65.8671408088392,83.9116773198485,4.11570247933884
114.904872185692,115.621667579095,64.9129013258556,65.9241671654947,83.9780697675257,4.11157024793388
114.993992201167,115.713463283997,65.0000373314865,65.9982590280565,84.0761508241536,4.10743801652893
115.049535134001,115.755990664363,65.0468914125282,66.0409637003528,84.1332253480682,4.10330578512397
115.136516076742,115.855714696587,65.1326332974162,66.1226087051922,84.2293116231349,4.09917355371901
115.200855846012,115.906125775631,65.1779381695224,66.1684139327816,84.2888606878767,4.09504132231405
115.26133361543,115.974029769674,65.237512530058,66.2328804493179,84.3534205660781,4.09090909090909
115.314393673323,116.020804549524,65.2867491156822,66.2777436156314,84.410027185322,4.08677685950413
115.405676103785,116.120358066855,65.3747273601016,66.3643775420823,84.5080075788795,4.08264462809917
115.483740936638,116.186112978727,65.4420097608012,66.4257537600817,84.5890113932087,4.07851239669422
115.568960187629,116.278988380626,65.5149370791145,66.5044098267518,84.6745635985642,4.07438016528926
115.632163036964,116.33192033007,65.5481387959939,66.5532765744138,84.7335336008945,4.0702479338843
115.7252039437,116.434721917369,65.6386848459197,66.6352696099043,84.8343024042543,4.06611570247934
115.786823255416,116.478028841366,65.6690817204447,66.6594426318227,84.8860937530081,4.06198347107438
115.927665049792,116.639199060988,65.7867248334543,66.7850322323888,85.0294621423314,4.05785123966942
116.006174215021,116.702420725253,65.8542012373319,66.8460418043009,85.1109888619506,4.05371900826446
116.067563441785,116.764257001738,65.9074091390305,66.8935331358083,85.1743034103383,4.0495867768595
116.100889751664,116.790606672797,65.9261274787828,66.9170516468615,85.2008878336398,4.04545454545455
116.189035147194,116.884187660139,65.995852683183,66.999939407163,85.2850791546516,4.04132231404959
116.276047204018,116.977085245616,66.0788865364092,67.0945399239254,85.3756736234261,4.03719008264463
116.331016762822,117.030445511456,66.1281484995765,67.1387704099862,85.433684442289,4.03305785123967
116.411396622754,117.111853818866,66.2050898853996,67.2240347711174,85.5178499585273,4.02892561983471
116.472335296604,117.174404982659,66.1479211838869,67.2591580872098,85.5582548893217,4.02479338842975
116.560905917326,117.265332123247,66.2294848640988,67.3342440592303,85.6524588155768,4.02066115702479
116.626869193989,117.318045806334,66.2880930818947,67.385375020411,85.7212958362146,4.01652892561984
116.784136800784,117.494919156458,66.4203881115893,67.5406647667166,85.8671791333904,4.01239669421488
116.85460826102,117.536108787648,66.46372465991,67.5808672800189,85.9267971419087,4.00826446280992
116.907986236266,117.595452256296,66.5144130776848,67.639045264775,85.9807025951592,4.00413223140496
117.015968101745,117.708937363975,66.6095255909132,67.7459602894229,86.0901772711387,4
117.068098377455,117.75205989004,66.6525306410963,67.7862371385761,86.1416889749082,3.99586776859504
117.206938029199,117.903812386856,66.7757030941136,67.9513765920876,86.2827109390004,3.99173553719008
117.297893637566,117.996312190739,66.8532218205052,68.0337142986055,86.3738183175587,3.98760330578512
117.354321789096,118.042574412613,66.9014090262577,68.0761538306337,86.4312430595692,3.98347107438017
117.425087512642,118.12027837286,66.9687239158353,68.150279009653,86.5051131201164,3.97933884297521
117.543696542485,118.244130948794,67.0834086120459,68.2727027221776,86.6302370121115,3.97520661157025
117.619954534206,118.311855177144,67.1453309267579,68.3373980454125,86.7010793013278,3.97107438016529
117.76931740835,118.482175755932,67.1396213504648,68.3382599492909,86.8597138705923,3.96694214876033
117.78365389072,118.4733730717,67.1485817562549,68.3489111792995,86.8707936042195,3.96280991735537
117.83705954425,118.520858475087,67.193149551043,68.3938131653793,86.9236996295916,3.95867768595041
117.903880356439,118.591543503129,67.2453405818508,68.440635542571,86.9930282010785,3.95454545454545
117.961521654583,118.637250534477,67.2944634487008,68.4883865243056,87.0514500944167,3.9504132231405
118.055003335587,118.737167011575,67.367936719054,68.5735779016112,87.1397957739948,3.94628099173554
118.114304958577,118.799792639774,67.4220872056255,68.6393166726944,87.1993745185624,3.94214876033058
118.234309388813,118.93570332087,67.538429206447,68.7484726731543,87.3270557493431,3.93801652892562
118.328453000344,119.009469800754,67.618380564056,68.8223143194889,87.4245316325806,3.93388429752066
118.436942289236,119.123642249055,67.6964415765465,68.9088968449799,87.5241815971786,3.9297520661157
118.513348096401,119.205556149033,67.7586294658496,68.9886800969446,87.5986525253354,3.92561983471074
118.598234689475,119.300250640696,67.8395805138046,69.0709657285998,87.6875613738689,3.92148760330579
118.669066013645,119.362282719735,67.9013882938177,69.1296344822491,87.7608640937549,3.91735537190083
118.762347876122,119.459219411732,67.9889305807962,69.2232191412147,87.8572933427191,3.91322314049587
118.877682856837,119.583741019419,68.0830003881447,69.3042063472887,87.9739552136823,3.90909090909091
118.972172165391,119.658157592583,68.1678282772904,69.3751505748252,88.0735814162887,3.90495867768595
119.086892670206,119.788486887022,68.267028027995,69.4789825259941,88.1885685030631,3.90082644628099
119.159705303749,119.844518362658,68.3284659122352,69.5373238339857,88.2625359924296,3.89669421487603
119.276034437005,119.976905372448,68.4142350502592,69.6177795468097,88.3806816073778,3.89256198347107
119.34169465452,120.013691133582,68.4470715008071,69.636315312144,88.4355625075157,3.88842975206612
119.438190627178,120.119277318067,68.5317393582325,69.7072611151417,88.5357390618182,3.88429752066116
119.528019375586,120.194882133249,68.5915228332767,69.7455389460532,88.6189781428426,3.8801652892562
119.705879580576,120.394786141551,68.6987578387535,69.9363815723272,88.7693027535481,3.87603305785124
119.780230900966,120.438469064976,68.74440370123,69.9747874422178,88.8329921419563,3.87190082644628
119.837348707727,120.50122703923,68.7948368993399,70.0705448953734,88.8909946037239,3.86776859504132
119.900190855917,120.567719206906,68.8503221000401,70.1376683344712,88.953202744066,3.86363636363636
120.052179088612,120.737368797858,68.9677723570825,70.272729765731,89.101804964913,3.8595041322314
120.122944884966,120.800930664848,69.0235610015867,70.3063222900085,89.1748464442112,3.85537190082645
120.279217383262,120.98096934111,69.0065689204875,70.2570459052868,89.3430091247013,3.85123966942149
120.34531798157,121.01144880611,69.0371850920674,70.2730773298519,89.3992217937436,3.84710743801653
120.424077215389,121.083044004894,69.0908827215383,70.3228595786539,89.4724596349638,3.84297520661157
120.513095095251,121.177878433849,69.1560791193237,70.4004165750705,89.55661762236,3.83884297520661
120.589593552373,121.265264988152,69.2236153266562,70.4659245264777,89.6346713577939,3.83471074380165
120.657973393443,121.322313758641,69.2788177807746,70.5194768524655,89.7021587043392,3.83057851239669
120.760736974995,121.434075785363,69.369009315293,70.621204832658,89.8045692149631,3.82644628099174
120.863956396782,121.538329495912,69.4579107170591,70.7310214793099,89.907280419243,3.82231404958678
120.983308184338,121.668332805958,69.5584830316774,70.8183098731187,90.0303054740113,3.81818181818182
121.060478726009,121.722840190382,69.5901648906572,70.7880328145077,90.0924842726457,3.81404958677686
121.09768046786,121.754674032636,69.6114008194085,70.8120342394096,90.1234704171968,3.8099173553719
121.163012820994,121.82359596358,69.6675900168476,70.8786982827528,90.1871408070306,3.80578512396694
121.293565221918,121.971223121251,69.7800773860579,70.9776907071171,90.3222260392268,3.80165289256198
121.414401665511,122.066232570409,69.8847894696998,71.0767696558182,90.4468075660925,3.79752066115702
121.490960002305,122.15185056782,69.9491002776236,71.1317319609815,90.525122044163,3.79338842975207
121.577875628037,122.229558628523,69.9891169101201,71.1547604093808,90.5980364639769,3.78925619834711
121.699672921675,122.362846144699,70.0983533448031,71.2756308614986,90.7202602900521,3.78512396694215
121.769765950916,122.420648906906,70.1542097213415,71.3252275698524,90.7894478611402,3.78099173553719
121.905034267876,122.566437799073,70.2645515659306,71.4581168586618,90.9173890074605,3.77685950413223
121.915366666778,122.576047075658,70.2724929815983,71.4665636874483,90.9269007352455,3.77272727272727
121.988779836839,122.656498155994,70.3372740776874,71.542936124141,90.9991477306282,3.76859504132231
122.092552683027,122.76804622124,70.4272444710959,71.6258591689104,91.1035219259342,3.76446280991736
122.180747844809,122.841962188829,70.4980571651234,71.6941943583893,91.1902154922541,3.7603305785124
122.31897135832,122.986830496261,70.6089382046439,71.8182816618131,91.3197791229047,3.75619834710744
122.453385729593,123.139523696893,70.7265367631219,71.9299980283692,91.4587905224823,3.75206611570248
122.539442287761,123.193777970473,70.7262112922648,71.9227302676718,91.5208541863806,3.74793388429752
122.661285304617,123.32387756818,70.8168091437991,72.0286982985328,91.6313415853837,3.74380165289256
122.729639745571,123.397159102022,70.8747066269669,72.0961700914489,91.6974307552445,3.7396694214876
122.854670356304,123.541483223498,70.9863203216973,72.2087893546416,91.8229294790381,3.73553719008264
122.939324329051,123.607398087802,70.8871004097494,72.2166147373283,91.8703400396335,3.73140495867769
123.080643452992,123.76859775875,70.9737328655813,72.3000003322528,91.9932155045385,3.72727272727273
123.156408340889,123.834536653273,71.0345424487035,72.3728614280755,92.0555794501905,3.72314049586777
123.266431953778,123.957945579867,71.1237920898014,72.456978834279,92.1615881485797,3.71900826446281
123.356804055831,124.027057833106,71.1950276107895,72.5206958722577,92.2503354916417,3.71487603305785
123.488514430785,124.171420242148,71.2719650543401,72.5915919240249,92.3691302547132,3.71074380165289
123.577300215543,124.237203760568,71.3389795481614,72.6515915636651,92.4516695792086,3.70661157024793
123.670268983278,124.340165362334,71.4159365266322,72.730523969696,92.5418900998117,3.70247933884298
123.757313093842,124.417617800169,71.4823711597077,72.7968589619417,92.6225089576659,3.69834710743802
123.87730436472,124.546753858124,71.5805871260383,72.9076348324468,92.7366789922675,3.69421487603306
124.006054137145,124.686737800479,71.6605288761996,72.9939430137497,92.8450172599949,3.6900826446281
124.086010191826,124.770059447588,71.705676305246,73.0017069430852,92.9229344354182,3.68595041322314
124.124618810013,124.798221028424,71.7207697465468,73.0209437326432,92.946930532937,3.68181818181818
124.305185888778,124.997335163572,71.8525259421002,73.1370142825873,93.1195135046599,3.67768595041322
124.442798083892,125.074448343745,71.9266670241083,73.1997420299493,93.2315970251614,3.67355371900826
124.599287722167,125.255275070749,72.0428884427137,73.3013726636964,93.3817981435118,3.66942148760331
124.708818087464,125.339695491686,72.127449240078,73.377102198792,93.4873089536231,3.66528925619835
124.836228394265,125.482142348411,72.220167615087,73.4856476087079,93.6029075339763,3.66115702479339
124.875694595379,125.508351874269,72.2354314587894,73.5050365286868,93.6271749705316,3.65702479338843
125.045610925199,125.710874328405,72.3539745294346,73.5802224218587,93.7815887920318,3.65289256198347
125.132918128125,125.775860465871,72.4221214483247,73.6451959540272,93.8633506783796,3.64876033057851
125.25273585661,125.90459701347,72.5199383191455,73.7531495450467,93.9788758016926,3.64462809917355
125.363043221174,126.018128147743,72.5674421791872,73.7788284656744,94.0710457288072,3.6404958677686
125.452906566427,126.101892477301,72.6374976171296,73.8532721232808,94.1545845203459,3.63636363636364
125.539867751475,126.192012906012,72.6998141303499,73.9180563520382,94.2305243544035,3.63223140495868
125.636984590114,126.298149325313,72.7742337993999,74.0083894877269,94.3177697133887,3.62809917355372
125.755745987619,126.435041300068,72.8733499963768,74.1071938924952,94.4341982179756,3.62396694214876
125.840115010747,126.497843956369,72.9302004790816,74.1664296929958,94.5072913071858,3.6198347107438
125.991666194207,126.673319969754,73.0190384694669,74.2463490422118,94.6446365636109,3.61570247933884
126.147556577277,126.788420708663,73.1025128185527,74.3190282204884,94.7820182410463,3.61157024793388
126.242653106192,126.898263909744,73.1680675288376,74.3716375923527,94.8673630648278,3.60743801652893
126.332823384647,126.97123040004,73.2356022544087,74.4400453087994,94.9509899149699,3.60330578512397
126.446608468501,127.096140640658,73.3212703927755,74.5160724969795,95.0597907641034,3.59917355371901
126.552235206832,127.184055089341,73.4057809296059,74.6044675649793,95.1608200089471,3.59504132231405
126.712591075993,127.364723117481,73.4879889981466,74.6701335661694,95.2913533907052,3.59090909090909
126.798549782826,127.4322983545,73.5450320292331,74.7253152120541,95.3659834413039,3.58677685950413
126.936269175585,127.592991327535,73.6552019059498,74.8720209670359,95.4903159109089,3.58264462809917
126.992056476431,127.629325368211,73.6895797790864,74.9042685863917,95.5358045303435,3.57851239669421
127.122391551922,127.779885929165,73.7837324219455,74.9974022564233,95.6561750948319,3.57438016528926
127.207695329415,127.84092643931,73.8455621668601,75.0546375341025,95.7329733886081,3.5702479338843
127.314578875058,127.966526716673,73.9304660437567,75.1428648976235,95.8352345957924,3.56611570247934
127.407411377827,128.043324522052,73.9988458005764,75.2053658802459,95.9212135444046,3.56198347107438
127.573324167246,128.236710214315,74.1077363826966,75.3366450307573,96.0597408330933,3.55785123966942
127.705675823442,128.337054892873,74.2047405409566,75.4267947430728,96.1824722030802,3.55371900826446
127.812032416533,128.465611820642,74.2779729864203,75.4690258809784,96.276633244051,3.5495867768595
127.926374354044,128.561501080498,74.3643794362633,75.5564231058284,96.3811897032975,3.54545454545455
128.084478666935,128.742877742284,74.486461095068,75.6907920962368,96.5256625352527,3.54132231404959
128.178094112338,128.814222888056,74.554795292383,75.7543032156475,96.612203773685,3.53719008264463
128.329281849948,128.98080709843,74.6692980333203,75.8980791888222,96.7474328403637,3.53305785123967
128.462966612649,129.134151002713,74.7665652814168,75.9928307135414,96.8722159983085,3.52892561983471
128.599203557916,129.234805772331,74.8624563031751,76.0764411630647,96.9982735617565,3.52479338842975
128.670529067106,129.307492423772,74.9151132171291,76.1350441252849,97.0617028808925,3.52066115702479
128.887567439211,129.565018301886,75.0821750922819,76.3360428676585,97.2616952528195,3.51652892561983
129.002505087362,129.651763502129,75.1328734968889,76.4066273182434,97.3463437055706,3.51239669421488
129.162202070424,129.835763216771,75.249757697932,76.5196145402077,97.4962419914446,3.50826446280992
129.245354441279,129.894067911621,75.3049221791118,76.5714883920147,97.567699215738,3.50413223140496
129.372750738249,130.013497354885,75.4007122718987,76.7056529203301,97.6457535796978,3.5
129.599302875944,130.280645429928,75.5590421120213,76.8957063552231,97.846021732554,3.49586776859504
129.712012201715,130.36722572836,75.6126783686593,76.964698954769,97.9339332749042,3.49173553719008
129.873689512941,130.553399311609,75.7361515923556,77.0861343068979,98.0872561915425,3.48760330578512
129.963933273956,130.609898837011,75.7989393005596,77.1385948250074,98.1679378548591,3.48347107438017
130.122263478193,130.789640121524,75.9130782377821,77.2725968541112,98.3070343291922,3.47933884297521
130.24841766117,130.920778698531,75.9909233556169,77.3484187496873,98.412109306569,3.47520661157025
130.371286871737,131.010794844602,76.0725629211906,77.4223282934314,98.5193489070639,3.47107438016529
130.535419864822,131.205344407639,76.2011118637823,77.5615743762356,98.6704603352242,3.46694214876033
130.630496244921,131.275781653309,76.2068560715894,77.6088668463822,98.7270850047588,3.46280991735537
130.704872244194,131.352464641247,76.2613670909651,77.66877876728,98.7929978715797,3.45867768595041
130.863951025666,131.524377654202,76.3764031061677,77.7957614669343,98.9327132018651,3.45454545454545
131.068995486633,131.770134693021,76.5288538654875,77.9327446198835,99.1319377217745,3.4504132231405
131.197879406466,131.843184991485,76.6280828526052,78.0168345712984,99.2513352306622,3.44628099173554
131.298911756381,131.941143238276,76.6987890984076,78.0930884249669,99.3375539394942,3.44214876033058
131.421874884807,132.086866887891,76.7896789861441,78.1875670157988,99.4495600984554,3.43801652892562
131.517160565424,132.154142328895,76.8512593835684,78.246856191906,99.5293943006694,3.43388429752066
131.678545421503,132.329075222518,76.9674887723112,78.3750072161144,99.6706143933544,3.4297520661157
131.860955064335,132.544762820855,77.0974528440736,78.5025172631301,99.8368664832972,3.42561983471074
131.985586650959,132.628675016532,77.1840662302889,78.5828832041225,99.947830333745,3.42148760330579
132.180025251031,132.831222409865,77.3253998497581,78.7378671543515,100.119232101323,3.41735537190083
132.431338515116,133.130813053641,77.5166653091138,78.9418008647577,100.347888380244,3.41322314049587
132.574821825377,133.231116232735,77.611025687781,79.0350186683166,100.473543029084,3.40909090909091
132.702848043279,133.375270104866,77.7047430097921,79.138404300048,100.587224749723,3.40495867768595
132.856032897088,133.521882120975,77.8027440732877,79.2285357674124,100.711676068189,3.40082644628099
132.949765137262,133.589854139337,77.8255922691403,79.2772061527277,100.777038748963,3.39669421487603
133.203012888279,133.894091925157,78.0187417435314,79.4898020585912,101.008586494775,3.39256198347107
133.389887950682,134.038403479293,78.1553803091412,79.6176646523715,101.179637380774,3.38842975206612
133.479574332911,134.132571270979,78.2137826868894,79.6752102280834,101.256500014642,3.38429752066116
133.592929415435,134.235875895366,78.2825085546098,79.7500622888108,101.343990452363,3.3801652892562
133.712528323316,134.367127476256,78.3667373518927,79.8607461240749,101.444298124403,3.37603305785124
133.928733483183,134.625831471435,78.5340609540487,80.0284394666624,101.645355507553,3.37190082644628
134.078160312434,134.7310251659,78.6274790430997,80.1192562147491,101.765311148184,3.36776859504132
134.258667102279,134.932138927815,78.7552486832529,80.2699023473191,101.920803583687,3.36363636363636
134.386167492843,135.047109506325,78.8320670490599,80.338621485216,102.028591256312,3.3595041322314
134.486377283036,135.13419561207,78.8958497864866,80.4029666103827,102.112394538849,3.35537190082645
134.594126843479,135.249878192761,78.9583150935335,80.4798436655703,102.186930839379,3.35123966942149
134.700827755967,135.351800524478,79.0333782527087,80.5633462351527,102.278270915472,3.34710743801653
134.869769285406,135.55733156928,79.1536031506186,80.6895351818464,102.428132044133,3.34297520661157
135.013918001566,135.662159175094,79.2424838705832,80.7815456778923,102.54476919775,3.33884297520661
135.18613296397,135.861323058683,79.3648747981456,80.9033920964762,102.696004634498,3.33471074380165
135.318725499709,135.954100713741,79.4548676125789,80.9912672299823,102.813383703137,3.33057851239669
135.650095042235,136.373605086663,79.6240514096735,81.1359578190784,103.084114649113,3.32644628099174
135.790689199051,136.438214160316,79.6607574735874,81.1317556522554,103.169923809985,3.32231404958678
135.981618038325,136.646969868767,79.7892018214113,81.2755893608795,103.329454842978,3.31818181818182
136.046175368493,136.705199612442,79.8285305781587,81.3140879352003,103.3823256023,3.31404958677686
136.182764651093,136.863163090715,79.9181277414709,81.3871520759743,103.498015672645,3.3099173553719
136.328645669621,136.969985927867,80.0088815407835,81.4822313797661,103.618960388552,3.30578512396694
136.520224664982,137.202334976977,80.1466208053716,81.6192377931375,103.789341462237,3.30165289256198
136.645110058859,137.292256658514,80.2143893824681,81.6948044350424,103.882489049593,3.29752066115702
136.911658789728,137.621835914441,80.4036383041499,81.8961050357075,104.118580208481,3.29338842975207
137.007629628815,137.672606478659,80.4602658993705,81.9470512756826,104.194551149257,3.28925619834711
137.113668052975,137.745824324056,80.5192325520263,82.0065377674628,104.27130276469,3.28512396694215
137.377313245849,138.055341019714,80.6998634021436,82.2251695849194,104.492244595476,3.28099173553719
137.524319792422,138.189433747998,80.7944444402884,82.3207642892117,104.615992795184,3.27685950413223
137.690726767837,138.330934051614,80.8968470482518,82.4128587129302,104.751359670403,3.27272727272727
137.885619212392,138.529055682373,81.0351640982317,82.5575516215292,104.924354616574,3.26859504132231
137.986017190884,138.61852654551,81.0973416476804,82.6244548574263,105.001452021383,3.26446280991736
138.259795096473,138.952416448205,81.2631485674429,82.820239440843,105.213883820498,3.2603305785124
138.410565172301,139.058433840478,81.3600226891607,82.9139333943852,105.338863617107,3.25619834710744
138.559063180863,139.218838067145,81.4607484035847,83.017970482924,105.46485032454,3.25206611570248
138.696011186126,139.341442744213,81.5437269644175,83.0961863628834,105.579762838462,3.24793388429752
138.865541570288,139.507386744819,81.6525876102464,83.215511302384,105.716207658314,3.24380165289256
139.123261711991,139.821694264553,81.8393108297523,83.3858244887621,105.953280712465,3.2396694214876
139.28158478748,139.905574109767,81.8480131513998,83.3784532514193,106.056519809919,3.23553719008264
139.490234920656,140.118386704015,81.9862282038404,83.528735579721,106.228952668234,3.23140495867769
139.73699401538,140.443651307779,82.153842655871,83.6915180040158,106.445477114202,3.22727272727273
139.921899719591,140.5545363536,82.2545530009932,83.7830714344957,106.593622611944,3.22314049586777
140.123648802648,140.769630771003,82.3492589451274,83.8882226113813,106.742693223935,3.21900826446281
140.38935583696,141.045121441168,82.5349898030569,84.0679094565821,106.984544419797,3.21487603305785
140.527612066047,141.143011718234,82.6193936849125,84.151398478234,107.09348784419,3.21074380165289
140.726317937494,141.353038175244,82.7356931551625,84.2765254171217,107.247748091787,3.20661157024793
140.843799145978,141.496730550004,82.8278552192009,84.3763209372127,107.359160295218,3.20247933884298
141.144472200609,141.838874709282,82.9118791080781,84.4506286114522,107.583423504038,3.19834710743802
141.246687932008,141.898873057657,82.9708583011234,84.5032589303943,107.663860083998,3.19421487603306
141.378948501078,142.031413328672,83.0264603128333,84.5863789649789,107.741759538119,3.1900826446281
141.605452698869,142.283407924948,83.1346219378235,84.6550811266042,107.959676905999,3.18595041322314
141.745913714612,142.369979861373,83.2190697548719,84.7372501275658,108.070258221279,3.18181818181818
141.995512412938,142.650964547643,83.3215879042438,84.7413239242145,108.270183236423,3.17768595041322
142.109034464899,142.727453864237,83.3841486423552,84.8035578984863,108.352604778743,3.17355371900826
142.330242700827,142.966893798909,83.5330330886195,84.9295021139531,108.549029423022,3.16942148760331
142.554949607133,143.154076641747,83.6123903982081,84.9584054283623,108.692092569175,3.16528925619835
142.763451855666,143.395913464505,83.7467449340714,85.1140890101041,108.853933549344,3.16115702479339
143.040527583331,143.67965711404,83.9342432537204,85.2999317384605,109.097921621261,3.15702479338843
143.147741210003,143.754788599393,84.0008348603491,85.3693424114141,109.181535402581,3.15289256198347
143.307771534269,143.917187800755,84.1022381150712,85.4783541982809,109.309275029829,3.14876033057851
143.588044817038,144.246834744784,84.2900929083241,85.6510195102524,109.554919925108,3.14462809917355
143.796747706643,144.364238116061,84.409805434021,85.7843645564776,109.705389458521,3.1404958677686
144.063702373202,144.690067648381,84.5369807652332,85.8184539233594,109.909210632215,3.13636363636364
144.284399738074,144.841768612185,84.6660999814275,85.8890367404472,110.088300723909,3.13223140495868
144.586069686772,145.238674026662,84.8844987911668,86.1269204663611,110.35722779801,3.12809917355372
144.7721380281,145.350855755926,84.9957334302659,86.2257959482038,110.506728703179,3.12396694214876
145.001079855938,145.565867867167,85.1499769862029,86.3883765021845,110.698772147845,3.1198347107438
145.231644369384,145.817012184433,85.3053847034488,86.5333796852898,110.902863278723,3.11570247933884
145.442199223388,145.948531395702,85.4277876276019,86.666166299681,111.056926348893,3.11157024793388
145.658722591473,146.189673955753,85.5644892950503,86.8163866882612,111.230461175747,3.10743801652893
145.976721285654,146.550938826654,85.7779234568631,87.0109401664689,111.509846219234,3.10330578512397
146.098786459843,146.613406592952,85.8285284229135,87.0673944250029,111.581944705033,3.09917355371901
146.266214766195,146.761114971665,85.9351916752668,87.1855222137599,111.715612403532,3.09504132231405
146.502189100833,147.027674142538,86.0939525984143,87.3620399656441,111.912445801062,3.09090909090909
146.775002004519,147.337424739184,86.076572951261,87.3958791536589,112.101993078179,3.08677685950413
146.977476181504,147.465277007447,86.1945998129774,87.5168044912296,112.257002284452,3.08264462809917
147.131150211983,147.620777267123,86.2893209329925,87.6195015474329,112.376562139518,3.07851239669421
147.480113291954,148.081663048271,86.5241209087638,87.8992463736824,112.662040896263,3.07438016528926
147.642632048851,148.169043086804,86.6164641021981,87.9890943923416,112.787270016654,3.0702479338843
147.770047841038,148.282690503323,86.6973437889011,88.0848182233151,112.884100525139,3.06611570247934
148.042278944669,148.592659809442,86.8701087914404,88.2365494025409,113.117312499109,3.06198347107438
148.222190026613,148.702110327671,86.9500692656489,88.3380361706102,113.2285391242,3.05785123966942
148.35336986595,148.829353643996,87.0320436836714,88.4280428241377,113.331993576808,3.05371900826446
148.672641855773,149.252319625227,87.24136603362,88.6628488851615,113.593218096672,3.0495867768595
148.817767144823,149.329929752789,87.3101884288814,88.727969838697,113.690323595316,3.04545454545455
148.974506229647,149.469497862895,87.4069815736527,88.8332615774172,113.8127025051,3.04132231404959
149.198633567562,149.693718435413,87.5493593039743,88.9887855372404,113.991913316808,3.03719008264463
149.364927491357,149.857443397849,87.6435913834952,89.072791304133,114.120235900098,3.03305785123967
149.565863846089,150.039902888245,87.7648985639468,89.1979131477456,114.27884493715,3.02892561983471
149.69975237487,150.153924630599,87.8485104823368,89.2879460505776,114.384441880183,3.02479338842975
149.885081077542,150.35680633653,87.9566003263355,89.4061904661815,114.522317150302,3.02066115702479
150.225028786296,150.799095434665,88.180306592836,89.6359344827851,114.812599364169,3.01652892561983
150.383328165413,150.813898863632,88.2147413869889,89.6375849113522,114.903348254316,3.01239669421488
150.593079259756,151.036732972087,88.3430477006685,89.776313241244,115.066216828513,3.00826446280992
150.893710251969,151.39270388324,88.2761857830914,89.7712812271619,115.259846284645,3.00413223140496
151.026255531988,151.451754316087,88.3259574848783,89.8269109621396,115.335771455883,3
151.265880555213,151.695962010996,88.4730447586056,89.980421178746,115.523366402981,2.99586776859504
151.457773784274,151.890825358623,88.5834767059936,90.105721393877,115.664301708088,2.99173553719008
151.735677498183,152.264887407197,88.7623852322958,90.2745654495491,115.901421840341,2.98760330578512
151.885051589416,152.306330828216,88.810220654748,90.2986129679199,115.998440201489,2.98347107438017
152.123617708484,152.550828049559,88.9555014146763,90.4752749197485,116.178823054506,2.97933884297521
152.454307376514,152.925832083587,89.1544819416785,90.678070583728,116.440816155112,2.97520661157025
152.629668243597,153.051925382744,89.2655449837645,90.7900477936268,116.582170751996,2.97107438016529
152.961203333857,153.451879653623,89.4687589076649,90.997601672489,116.849132208523,2.96694214876033
153.10068502997,153.521250786042,89.5501700631126,91.0722719058826,116.956484345628,2.96280991735537
153.416726838528,153.924252550108,89.7435083994363,91.2574131870098,117.216606874853,2.95867768595041
153.554271764361,153.993169198492,89.8282217207608,91.3412904780519,117.325203759725,2.95454545454545
153.83935553347,154.330849045433,90.0081760232597,91.5375872808183,117.556577090476,2.9504132231405
154.057320087586,154.489240639139,90.1359478018526,91.6631505203387,117.723225902761,2.94628099173554
154.382990937353,154.88460742168,90.3406032151442,91.8678109088458,117.994535696886,2.94214876033058
154.563179723297,154.983262376593,90.4535232627699,91.9807997289201,118.139039203901,2.93801652892562
154.891468003352,155.411005100726,90.6576106829275,92.176877672568,118.411578014743,2.93388429752066
155.14278354971,155.538510932281,90.6451090187204,92.2878639640617,118.512619508054,2.9297520661157
155.499521230699,156.020418901732,90.8963144161231,92.6032354311895,118.776994848681,2.92561983471074
155.726892028305,156.149865223207,91.0269759067622,92.7265286962133,118.951020498778,2.92148760330579
156.018664471548,156.46305975391,91.1977499999068,92.9078027902318,119.170619421409,2.91735537190083
156.190847048761,156.563614934204,91.2992275886749,93.0016093003876,119.307879603031,2.91322314049587
156.397385538984,156.855236476034,91.4304136625587,93.1613678862534,119.467996282238,2.90909090909091
156.630065353462,157.020998697953,91.399794935636,93.2572975230549,119.584543762528,2.90495867768595
156.930814737955,157.452945737677,91.5604893481525,93.4665534563984,119.782842093917,2.90082644628099
157.145580451483,157.578768044306,91.6888703941328,93.5943044456036,119.948520634677,2.89669421487603
157.444903477658,157.94948869232,91.8682604671828,93.7591166445281,120.189604045938,2.89256198347107
157.718386209003,158.113923950364,92.0386042979175,93.9247505177696,120.420415833916,2.88842975206612
158.087450402328,158.490268888031,92.1891287907856,94.0988789295957,120.648461760937,2.88429752066116
158.305819682958,158.76667427097,92.3463886993808,94.2621665776544,120.840570938094,2.8801652892562
158.658358015141,159.196642836266,92.578588342713,94.5274104552657,121.12796934347,2.87603305785124
158.823043003684,159.23797066385,92.6314851005097,94.5548877316976,121.2332334224,2.87190082644628
159.128887039765,159.594946367332,92.8181553631025,94.7437250048738,121.481609434355,2.86776859504132
159.425307323408,159.805260387293,92.9993900184421,94.920514393417,121.718289308388,2.86363636363636
159.780167158785,160.330847080342,93.234575763526,95.171117279733,122.008688687869,2.8595041322314
159.999488655863,160.474354651735,93.3707212541982,95.3264551929754,122.182159909939,2.85537190082645
160.185133246903,160.676225534537,93.4748433017389,95.4174084603881,122.324641953035,2.85123966942149
160.544769410745,161.00320951697,93.6853743601078,95.6232388612507,122.61219215671,2.84710743801653
160.774102817006,161.188945524426,93.8255122398853,95.7876838264183,122.778592103787,2.84297520661157
161.030400477284,161.561608087454,93.9938916190243,95.9661933511331,122.988198217338,2.83884297520661
161.32229434618,161.815548199769,94.1781171503386,96.1712288069061,123.220580587583,2.83471074380165
161.484579623407,161.904701959477,94.2589879786449,96.2375414146422,123.337002170975,2.83057851239669
161.877722953772,162.355027741336,94.4146134900043,96.3730274623987,123.575820010799,2.82644628099174
162.243893411391,162.703734126137,94.6032205640394,96.5549647584033,123.84345415445,2.82231404958678
162.515222398545,162.865365744371,94.7328273156103,96.6942575109438,124.024509919984,2.81818181818182
162.747825283527,163.208463902997,94.8977459787112,96.881876664726,124.227225097256,2.81404958677686
163.009043811564,163.407609245734,95.0471660581015,97.0364914900964,124.420335935498,2.8099173553719
163.365623231461,163.916493495378,95.2533137497257,97.239826778794,124.698587472885,2.80578512396694
163.653068055235,164.104234274246,95.4371113061454,97.4192522421333,124.93250716995,2.80165289256198
163.956792563473,164.491195542876,95.6182601221316,97.5696343487718,125.184526760039,2.79752066115702
164.175300333459,164.56511621577,95.7129597848363,97.6851226633266,125.308489355787,2.79338842975207
164.458804233338,164.926161003637,95.8830249298208,97.8486480759407,125.538874678267,2.78925619834711
164.697394056151,165.091983740694,96.0271641442427,97.9995080942933,125.722818099373,2.78512396694215
165.058778543553,165.619512403473,96.2301737138539,98.1783550405629,126.005436082499,2.78099173553719
165.354221321845,165.794870309982,96.3840629590373,98.3076664769264,126.240833701096,2.77685950413223
165.680818684691,166.073369179123,96.5825432616893,98.5323059754999,126.490430447063,2.77272727272727
165.976224675142,166.492804123727,96.7753092399968,98.7487588711781,126.732505589483,2.76859504132231
166.285676574306,166.645085695075,96.8731670630526,98.8684502251989,126.888275430996,2.76446280991736
166.770600862296,167.354684321588,97.1370821636645,99.1732163598288,127.240234007429,2.7603305785124
167.044017582322,167.469323244409,97.2771752235465,99.3215616068812,127.428119462094,2.75619834710744
167.555622336049,167.887718615465,97.4883296118193,99.5330787046165,127.712659726286,2.75206611570248
167.887123436695,168.306782206886,97.6937162050914,99.7561235748459,127.975690426844,2.74793388429752
168.062602665563,168.446262713244,97.7962925797484,99.8710319133231,128.101018324321,2.74380165289256
168.363756289083,168.77656530186,97.9593343660942,100.009214974624,128.326930334252,2.7396694214876
168.636316780682,168.992394241925,98.1229957376587,100.190567061459,128.535935758428,2.73553719008264
168.960111787997,169.384866237098,98.3225173050403,100.395604003059,128.789512480858,2.73140495867769
169.375665989277,169.939532296845,98.5704936480404,100.708839535159,129.089788407551,2.72727272727273
169.670330924903,170.17716122304,98.6943714841766,100.8163182752,129.271324314252,2.72314049586777
169.969300652065,170.370378478287,98.8467162749359,100.940250146031,129.50085345716,2.71900826446281
170.298618808771,170.637740231382,98.9765957583725,101.087566944395,129.685298805888,2.71487603305785
170.777374154529,171.249764301268,99.2066382907629,101.344313967428,130.01105125681,2.71074380165289
171.072477614449,171.484708062914,99.2683506464208,101.258138820884,130.186052093494,2.70661157024793
171.605148034239,172.005517136548,99.4158747567984,101.358888926867,130.537953254817,2.70247933884298
171.950160477498,172.26325879788,99.5046884280607,101.418127185792,130.75194870975,2.69834710743802
172.454026715117,173.029042233802,99.7433037975061,101.84720763072,131.085783713213,2.69421487603306
172.68536249412,173.167109654654,99.8475703217842,101.810595803992,131.255171093866,2.6900826446281
173.035804556838,173.359697205061,100.005944606713,101.930562048357,131.510115660742,2.68595041322314
173.267557712485,173.697244597499,100.156560804206,102.154952418196,131.675123491382,2.68181818181818
173.582900177981,174.045986108758,100.328405641427,102.317009449306,131.913840264696,2.67768595041322
173.926424590593,174.295527712767,100.494668433408,102.506655920735,132.130095315605,2.67355371900826
174.337164787036,174.896839637891,100.710219226064,102.830791410539,132.418585706945,2.66942148760331
174.73139997156,175.395142211221,100.935256169149,103.027070741921,132.729364144215,2.66528925619835
175.034204893799,175.5101237391,101.098117062725,103.193119743685,132.949560474677,2.66115702479339
175.27287584432,175.68212490066,101.164540312703,103.273985147957,133.070852217595,2.65702479338843
175.513951639442,176.099142195386,101.315762810134,103.460612453385,133.255335158272,2.65289256198347
176.022647130324,176.590813521066,101.519361511655,103.699182537949,133.561845908741,2.64876033057851
176.457019565911,176.948751465863,101.710624523211,103.887694652687,133.83738296639,2.64462809917355
176.704535310167,177.1553870756,101.818312951819,104.003013342534,133.979864203766,2.6404958677686
177.101244868635,177.714127593282,102.021861548515,104.208503159926,134.259227343519,2.63636363636364
177.379182641144,177.899553547831,102.188592459633,104.396604637197,134.471075184801,2.63223140495868
177.705763433988,178.262183327551,102.336981399573,104.563675607566,134.677743875125,2.62809917355372
177.961948685632,178.523427287507,102.48211478259,104.69556440586,134.871083384226,2.62396694214876
178.45196267056,179.010524093332,102.719077522046,104.986183111471,135.160317897097,2.6198347107438
178.82401352478,179.413019050875,102.907433131045,105.129012393441,135.423454946413,2.61570247933884
179.216082325055,179.693092553149,103.023654257054,105.297443670361,135.588983401346,2.61157024793388
179.702984439837,180.018789558224,103.25012531326,105.5248304856,135.898392587407,2.60743801652893
180.269068704245,180.888811348268,103.514884947316,105.900808646336,136.22526707683,2.60330578512397
180.747203789987,181.176986509316,103.747675175698,106.140604422939,136.526082534043,2.59917355371901
181.219976130776,181.728399838595,103.981398672161,106.351566773741,136.861090502625,2.59504132231405
181.661680139015,182.030089151916,104.239026593254,106.633925323417,137.182720199645,2.59090909090909
182.117085436807,182.483786188906,104.391044580874,106.793983002196,137.42892391662,2.58677685950413
182.562048935256,182.885428742622,104.656643186224,107.113166470768,137.75496606772,2.58264462809917
182.908775443338,183.338508639151,104.845085871205,107.318458436439,138.006864853825,2.57851239669421
183.245532940632,183.660462609523,105.019019044125,107.487923761089,138.241353416104,2.57438016528926
183.732881079758,184.273982836929,105.205620544568,107.607777777275,138.543429949642,2.5702479338843
184.028044607958,184.38901463147,105.411211340132,107.909859666685,138.796161915272,2.56611570247934
184.481050254293,184.99786578384,105.632142181777,108.141043149611,139.10457927147,2.56198347107438
184.763555001426,185.135806791269,105.782969945088,108.31017403766,139.290189719463,2.55785123966942
185.178444938876,185.694758238797,105.982527831772,108.502881759356,139.577963522573,2.55371900826446
185.714200583393,186.259065796719,106.284023162368,108.853627052147,139.966769757886,2.5495867768595
186.160036656946,186.625750030805,106.484360399849,109.043907939469,140.247754081472,2.54545454545455
186.688180453887,187.243180728077,106.564258735588,109.126558059973,140.613960114561,2.54132231404959
186.984989162774,187.404724470064,106.722620272441,109.332446127191,140.80244291181,2.53719008264463
187.406230563945,187.875909376287,106.968464933817,109.599006088506,141.114489377675,2.53305785123967
187.846375615659,188.210660541336,107.171147999808,109.771297879936,141.431466457737,2.52892561983471
188.173875944947,188.682644788866,107.062113564942,109.678033821533,141.665874758009,2.52479338842975
188.526671568379,188.948727458665,107.20727915718,109.830757682818,141.867674726099,2.52066115702479
189.293550125483,190.05332814719,107.502463278889,110.302931895171,142.27759234812,2.51652892561983
189.716320198191,190.238753418867,107.686077706254,110.445360719584,142.545983907605,2.51239669421488
190.460916105507,191.071986512392,107.989631992929,110.797189063325,142.995209170949,2.50826446280992
191.157133294853,192.287978298472,108.179776811885,110.799734244245,143.392355633209,2.50413223140496
191.61433606582,192.322402065997,108.329948046969,110.836057508557,143.696773405282,2.5
192.287211503735,193.160738680468,108.634109971705,111.231236637027,144.111134112186,2.49586776859504
192.579203673291,193.470751131269,108.801609403006,111.393789372286,144.328699810367,2.49173553719008
193.283928825713,194.032200784792,108.927945783966,111.630608820344,144.569195683033,2.48760330578512
193.676597500212,194.191436054722,109.114940946813,111.766583054093,144.863610723579,2.48347107438017
194.316877884121,195.153710167432,109.481522461513,112.213306914953,145.229501764712,2.47933884297521
194.761643129055,195.395432127397,109.695560037163,112.452223180834,145.539768519384,2.47520661157025
195.34968703308,196.06724377255,109.946348175015,112.767298135355,145.870515723373,2.47107438016529
195.869011079418,196.338414223532,110.221712819357,112.96173976283,146.271941856712,2.46694214876033
196.473093070371,197.180212137825,110.53204265176,113.308512242115,146.674522522148,2.46280991735537
196.930646005046,197.454186686731,110.649186689714,113.366537666887,146.906664237765,2.45867768595041
197.700805250018,198.811932763162,111.006319956129,113.780833887664,147.398497102989,2.45454545454545
197.958621493377,198.787439146054,111.088892471272,113.798367592381,147.575525255499,2.4504132231405
198.409050111288,199.289415454733,111.298382876207,113.993846995602,147.868245821794,2.44628099173554
198.890692208911,199.730176818996,111.559631191136,114.308558270212,148.187493239601,2.44214876033058
199.436310596049,200.316163007059,111.846929598407,114.559042326831,148.598510220836,2.43801652892562
199.993523844113,200.817973379856,112.116823352044,114.881041743839,148.935892537303,2.43388429752066
200.514660120082,201.366827607162,112.363656382443,115.100867890262,149.281695359928,2.4297520661157
201.037037809938,201.911422675563,112.60338212389,115.2887767711,149.631475352043,2.42561983471074
201.508946129912,202.409767981058,112.716253828392,115.650649491421,149.809919607756,2.42148760330579
201.979413724483,202.952320888563,112.9575509559,115.835738062008,150.143855901489,2.41735537190083
202.587132691204,203.639389132437,113.175663404321,116.155377521551,150.410304855995,2.41322314049587
203.439231849306,204.410689318206,113.476902760916,116.451561001721,150.853495623806,2.40909090909091
204.216282561167,205.447317651564,113.853511070384,116.93926363927,151.321951777484,2.40495867768595
204.769473932619,205.770227122448,113.034332339175,115.792408166404,151.380118918029,2.40082644628099
205.306057694526,206.801692810369,113.269091623031,116.036348191419,151.733166333177,2.39669421487603
206.034886422681,207.289008326219,113.525212496427,116.253500770612,152.102791879761,2.39256198347107
206.540915250077,207.632977787591,113.797440228429,116.595541272867,152.441780257197,2.38842975206612
207.598639479822,209.566401919289,114.204587342768,117.000681121517,153.030482851378,2.38429752066116
207.935948363635,209.603042305843,114.350441961828,117.214409179918,153.212950653921,2.3801652892562
208.484939374592,209.829991702303,114.624910351039,117.544828599312,153.587427764863,2.37603305785124
209.013192278215,210.524079729832,114.877393811891,117.71298053693,153.95454657521,2.37190082644628
209.499803756223,211.024287452535,115.072210268298,118.003956415594,154.217298219985,2.36776859504132
210.077225829898,212.065526450892,115.336501353604,118.169822937671,154.589039810596,2.36363636363636
210.930274499957,212.537934608773,115.446566009233,118.530767988878,154.815628867358,2.3595041322314
211.55874080752,213.494518687734,115.742137534479,118.702565706276,155.200461131631,2.35537190082645
212.168776564948,214.295076573269,116.016820061924,119.058355881439,155.575964838599,2.35123966942149
212.772497409182,214.455038142505,116.198345075435,119.149265671706,155.97943472625,2.34710743801653
213.781750580893,215.779614044263,116.683921382254,119.699712443815,156.619950493811,2.34297520661157
214.588150985881,216.740351448122,116.994756799604,119.953965919994,157.108659897272,2.33884297520661
215.14715907454,217.198170122464,117.22999055034,120.458180351812,157.335949317403,2.33471074380165
215.865469915391,217.59995843522,117.544543290894,120.687864448695,157.813642834691,2.33057851239669
217.473150791549,221.140535745497,117.99008703388,120.918017433441,158.62233411739,2.32644628099174
217.963428001991,220.954312726829,118.141725348925,120.949059315717,158.855150051989,2.32231404958678
218.628969596504,221.158160104283,118.375890239246,121.236549618458,159.169454480501,2.31818181818182
219.635041572709,222.60200178425,118.84784896089,121.866955961998,159.779945328782,2.31404958677686
220.38198945392,223.197256336226,119.10866237546,122.35618907046,160.022722705848,2.3099173553719
221.17380775284,224.933782106561,119.442274391445,122.674501603453,160.515189064182,2.30578512396694
222.326248133118,225.431206547501,119.194943894013,122.653665757505,160.717977250382,2.30165289256198
223.129215053714,226.6761813802,118.189387639511,120.636640822705,160.804438669574,2.29752066115702
225.715909999392,228.959595462302,118.263652327221,121.067305890904,161.282856131052,2.29338842975207
226.74205154602,231.299183854044,118.519689561672,121.187609936715,161.836272303592,2.28925619834711
228.695801114562,235.887194965813,118.927466091622,121.272821579648,162.733412648985,2.28512396694215
229.797703092076,235.61067742686,118.782878621158,120.651138931388,163.001791528574,2.28099173553719
231.564377244363,237.022892803446,119.037724901545,121.340447433584,163.536438116291,2.27685950413223
232.535425503151,240.079240159857,119.34259379333,121.466362106857,164.081123762574,2.27272727272727
235.235701730212,245.632917981988,119.133429325338,121.058586515313,164.723260755717,2.26859504132231
237.684919773544,246.162799654503,119.472378039047,121.359303927744,165.025951915355,2.26446280991736
242.990955847366,249.483184273294,118.181578574121,121.513700496605,165.335059653751,2.2603305785124
244.413899794915,251.048625879428,118.325253921065,121.740008105198,165.462401354511,2.25619834710744
246.382739823416,257.080975559373,118.562420270505,122.065740676705,165.76365461985,2.25206611570248
249.529221660128,262.867303795999,118.254176844592,122.610942844386,165.861295151256,2.24793388429752
256.799269715228,272.989447223807,117.168335989597,123.075756505198,166.155144858234,2.24380165289256
0,0,0,0,0,0
0,0,0,0,0,0
0,0,0,0,0,0
0,0,0,0,0,0
0,0,0,0,0,0
0,0,0,0,0,0
0,0,0,0,0,0
0,0,0,0,0,0
0,0,0,0,0,0
0,0,0,0,0,0
0,0,0,0,0,0
0,0,0,0,0,0
0,0,0,0,0,0
0,0,0,0,0,0
0,0,0,0,0,0
0,0,0,0,0,0
0,0,0,0,0,0
0,0,0,0,0,0
0,0,0,0,0,0
0,0,0,0,0,0
0,0,0,0,0,0
0,0,0,0,0,0
0,0,0,0,0,0
0,0,0,0,0,0
0,0,0,0,0,0
0,0,0,0,0,0
0,0,0,0,0,0
0,0,0,0,0,0
0,0,0,0,0,0
0,0,0,0,0,0
0,0,0,0,0,0
0,0,0,0,0,0
0,0,0,0,0,0
0,0,0,0,0,0
0,0,0,0,0,0
0,0,0,0,0,0
0,0,0,0,0,0
0,0,0,0,0,0
0,0,0,0,0,0
0,0,0,0,0,0
0,0,0,0,0,0
0,0,0,0,0,0
0,0,0,0,0,0
0,0,0,0,0,0
0,0,0,0,0,0
0,0,0,0,0,0
0,0,0,0,0,0
0,0,0,0,0,0
0,0,0,0,0,0
0,0,0,0,0,0
0,0,0,0,0,0
0,0,0,0,0,0
0,0,0,0,0,0
0,0,0,0,0,0
0,0,0,0,0,0
0,0,0,0,0,0
0,0,0,0,0,0
0,0,0,0,0,0
0,0,0,0,0,0
0,0,0,0,0,0
0,0,0,0,0,0
0,0,0,0,0,0
0,0,0,0,0,0
0,0,0,0,0,0
0,0,0,0,0,0
0,0,0,0,0,0
0,0,0,0,0,0
0,0,0,0,0,0
0,0,0,0,0,0
0,0,0,0,0,0
0,0,0,0,0,0
0,0,0,0,0,0
0,0,0,0,0,0
0,0,0,0,0,0
0,0,0,0,0,0
0,0,0,0,0,0
0,0,0,0,0,0
0,0,0,0,0,0
0,0,0,0,0,0
0,0,0,0,0,0
0,0,0,0,0,0
0,0,0,0,0,0
0,0,0,0,0,0
0,0,0,0,0,0
0,0,0,0,0,0
0,0,0,0,0,0
0,0,0,0,0,0
0,0,0,0,0,0
0,0,0,0,0,0
0,0,0,0,0,0
0,0,0,0,0,0
0,0,0,0,0,0
0,0,0,0,0,0
0,0,0,0,0,0
0,0,0,0,0,0
0,0,0,0,0,0
0,0,0,0,0,0
0,0,0,0,0,0
0,0,0,0,0,0
0,0,0,0,0,0
0,0,0,0,0,0
0,0,0,0,0,0
0,0,0,0,0,0
0,0,0,0,0,0
0,0,0,0,0,0
0,0,0,0,0,0
0,0,0,0,0,0
0,0,0,0,0,0
0,0,0,0,0,0
0,0,0,0,0,0
0,0,0,0,0,0
0,0,0,0,0,0
0,0,0,0,0,0
0,0,0,0,0,0
0,0,0,0,0,0
0,0,0,0,0,0
0,0,0,0,0,0
0,0,0,0,0,0
0,0,0,0,0,0
0,0,0,0,0,0
0,0,0,0,0,0
0,0,0,0,0,0
0,0,0,0,0,0
0,0,0,0,0,0
0,0,0,0,0,0
0,0,0,0,0,0
0,0,0,0,0,0
0,0,0,0,0,0
0,0,0,0,0,0
0,0,0,0,0,0
0,0,0,0,0,0
0,0,0,0,0,0
0,0,0,0,0,0
0,0,0,0,0,0
0,0,0,0,0,0
0,0,0,0,0,0
0,0,0,0,0,0
0,0,0,0,0,0
0,0,0,0,0,0
0,0,0,0,0,0
0,0,0,0,0,0
0,0,0,0,0,0
0,0,0,0,0,0
0,0,0,0,0,0
0,0,0,0,0,0
0,0,0,0,0,0
0,0,0,0,0,0
0,0,0,0,0,0
0,0,0,0,0,0
0,0,0,0,0,0
0,0,0,0,0,0
0,0,0,0,0,0
0,0,0,0,0,0
0,0,0,0,0,0
0,0,0,0,0,0
0,0,0,0,0,0
0,0,0,0,0,0
0,0,0,0,0,0
0,0,0,0,0,0
0,0,0,0,0,0
0,0,0,0,0,0
0,0,0,0,0,0
0,0,0,0,0,0
0,0,0,0,0,0
0,0,0,0,0,0
0,0,0,0,0,0
0,0,0,0,0,0
0,0,0,0,0,0
0,0,0,0,0,0
0,0,0,0,0,0
0,0,0,0,0,0
0,0,0,0,0,0
0,0,0,0,0,0
0,0,0,0,0,0
0,0,0,0,0,0
0,0,0,0,0,0
0,0,0,0,0,0
0,0,0,0,0,0
0,0,0,0,0,0
0,0,0,0,0,0
0,0,0,0,0,0
0,0,0,0,0,0
0,0,0,0,0,0
0,0,0,0,0,0
0,0,0,0,0,0
0,0,0,0,0,0
0,0,0,0,0,0
0,0,0,0,0,0
0,0,0,0,0,0
0,0,0,0,0,0
0,0,0,0,0,0
0,0,0,0,0,0
0,0,0,0,0,0
0,0,0,0,0,0
0,0,0,0,0,0
0,0,0,0,0,0
0,0,0,0,0,0
0,0,0,0,0,0
0,0,0,0,0,0
0,0,0,0,0,0
0,0,0,0,0,0
0,0,0,0,0,0
0,0,0,0,0,0
0,0,0,0,0,0
0,0,0,0,0,0
0,0,0,0,0,0
0,0,0,0,0,0
0,0,0,0,0,0
0,0,0,0,0,0
0,0,0,0,0,0
0,0,0,0,0,0
0,0,0,0,0,0
0,0,0,0,0,0
0,0,0,0,0,0
0,0,0,0,0,0
0,0,0,0,0,0
0,0,0,0,0,0
0,0,0,0,0,0
0,0,0,0,0,0
0,0,0,0,0,0
0,0,0,0,0,0
0,0,0,0,0,0
0,0,0,0,0,0
0,0,0,0,0,0
0,0,0,0,0,0
0,0,0,0,0,0
0,0,0,0,0,0
0,0,0,0,0,0
0,0,0,0,0,0
0,0,0,0,0,0
0,0,0,0,0,0
0,0,0,0,0,0
0,0,0,0,0,0
0,0,0,0,0,0
0,0,0,0,0,0
0,0,0,0,0,0
0,0,0,0,0,0
0,0,0,0,0,0
0,0,0,0,0,0
0,0,0,0,0,0
0,0,0,0,0,0
0,0,0,0,0,0
0,0,0,0,0,0
0,0,0,0,0,0
0,0,0,0,0,0
0,0,0,0,0,0
0,0,0,0,0,0
0,0,0,0,0,0
0,0,0,0,0,0
0,0,0,0,0,0
0,0,0,0,0,0
0,0,0,0,0,0
0,0,0,0,0,0
0,0,0,0,0,0
0,0,0,0,0,0
0,0,0,0,0,0
0,0,0,0,0,0
0,0,0,0,0,0
0,0,0,0,0,0
0,0,0,0,0,0
0,0,0,0,0,0
0,0,0,0,0,0
0,0,0,0,0,0
0,0,0,0,0,0
0,0,0,0,0,0
0,0,0,0,0,0
0,0,0,0,0,0
0,0,0,0,0,0
0,0,0,0,0,0
0,0,0,0,0,0
0,0,0,0,0,0
0,0,0,0,0,0
0,0,0,0,0,0
0,0,0,0,0,0
0,0,0,0,0,0
0,0,0,0,0,0
0,0,0,0,0,0
0,0,0,0,0,0
0,0,0,0,0,0
0,0,0,0,0,0
0,0,0,0,0,0
0,0,0,0,0,0
0,0,0,0,0,0
0,0,0,0,0,0
0,0,0,0,0,0
0,0,0,0,0,0
0,0,0,0,0,0
0,0,0,0,0,0
0,0,0,0,0,0
0,0,0,0,0,0
0,0,0,0,0,0
0,0,0,0,0,0
0,0,0,0,0,0
0,0,0,0,0,0
0,0,0,0,0,0
0,0,0,0,0,0
0,0,0,0,0,0
0,0,0,0,0,0
0,0,0,0,0,0
0,0,0,0,0,0
0,0,0,0,0,0
0,0,0,0,0,0
0,0,0,0,0,0
0,0,0,0,0,0
0,0,0,0,0,0
0,0,0,0,0,0
0,0,0,0,0,0
0,0,0,0,0,0
0,0,0,0,0,0
0,0,0,0,0,0
0,0,0,0,0,0
0,0,0,0,0,0
0,0,0,0,0,0
0,0,0,0,0,0
0,0,0,0,0,0
0,0,0,0,0,0
0,0,0,0,0,0
0,0,0,0,0,0
0,0,0,0,0,0
0,0,0,0,0,0
0,0,0,0,0,0
0,0,0,0,0,0
0,0,0,0,0,0
0,0,0,0,0,0
0,0,0,0,0,0
0,0,0,0,0,0
0,0,0,0,0,0
0,0,0,0,0,0
0,0,0,0,0,0
0,0,0,0,0,0
0,0,0,0,0,0
0,0,0,0,0,0
0,0,0,0,0,0
0,0,0,0,0,0
0,0,0,0,0,0
0,0,0,0,0,0
0,0,0,0,0,0
0,0,0,0,0,0
0,0,0,0,0,0
0,0,0,0,0,0
0,0,0,0,0,0
0,0,0,0,0,0
0,0,0,0,0,0
0,0,0,0,0,0
0,0,0,0,0,0
0,0,0,0,0,0
0,0,0,0,0,0
0,0,0,0,0,0
0,0,0,0,0,0
0,0,0,0,0,0
0,0,0,0,0,0
0,0,0,0,0,0
0,0,0,0,0,0
0,0,0,0,0,0
0,0,0,0,0,0
0,0,0,0,0,0
0,0,0,0,0,0
0,0,0,0,0,0
0,0,0,0,0,0
0,0,0,0,0,0
0,0,0,0,0,0
0,0,0,0,0,0
0,0,0,0,0,0
0,0,0,0,0,0
0,0,0,0,0,0
0,0,0,0,0,0
0,0,0,0,0,0
0,0,0,0,0,0
0,0,0,0,0,0
0,0,0,0,0,0
0,0,0,0,0,0
0,0,0,0,0,0
0,0,0,0,0,0
0,0,0,0,0,0
0,0,0,0,0,0
0,0,0,0,0,0
0,0,0,0,0,0
