138,338,5.95298744078209,1.01705483054389,6.04701255921791,1.01705483054389
127,183,2.71903444757071,0.425133707825963,3.37858561899935,0.554396889073937
46,478,10.2857142857143,12,10.4382888210213,11.849427023061
43,382,12,12,11.4690200634598,11.5639599154451
52,455,6.85714285714286,12,6.89721470284612,11.8942209086458
339,455,6.58310161285803,11.6367266989317,6.89721470284612,11.8942209086458
139,255,5.41689838714197,11.6367266989317,5.10278529715388,11.8942209086458
55,255,5.14285714285714,12,5.10278529715388,11.8942209086458
51,384,7.42857142857143,12,7.26683868408741,11.7697269392329
55,139,5.14285714285714,12,5.41689838714197,11.6367266989317
52,339,6.85714285714286,12,6.58310161285803,11.6367266989317
180,380,5.86951512493322,11.5172284368762,6.13048487506678,11.5172284368762
339,380,6.58310161285803,11.6367266989317,6.13048487506678,11.5172284368762
139,184,5.41689838714197,11.6367266989317,4.73316131591259,11.7697269392329
339,384,6.58310161285803,11.6367266989317,7.26683868408741,11.7697269392329
57,144,4,12,4.27384764920607,11.8768840736891
50,344,8,12,7.72615235079393,11.8768840736891
139,180,5.41689838714197,11.6367266989317,5.86951512493322,11.5172284368762
380,433,6.13048487506678,11.5172284368762,6.40890112107628,11.3901848619056
56,184,4.57142857142857,12,4.73316131591259,11.7697269392329
344,384,7.72615235079393,11.8768840736891,7.26683868408741,11.7697269392329
61,278,1.71428571428571,12,1.56171117897866,11.849427023061
54,380,5.71428571428571,12,6.13048487506678,11.5172284368762
343,470,7.90143760874573,11.0678882118304,7.26464342846988,10.9922871904801
180,233,5.86951512493322,11.5172284368762,5.59109887892372,11.3901848619056
144,184,4.27384764920607,11.8768840736891,4.73316131591259,11.7697269392329
49,323,8.57142857142857,12,8.87758361048597,11.8952449323773
62,278,1.14285714285714,12,1.56171117897866,11.849427023061
47,309,9.71428571428571,12,9.98250460763487,11.6666626292649
143,270,4.09856239125427,11.0678882118304,4.73535657153012,10.9922871904801
146,346,5.68266383075024,11.0796267973791,6.31733616924976,11.0796267973791
146,270,5.68266383075024,11.0796267973791,4.73535657153012,10.9922871904801
45,478,10.8571428571429,12,10.4382888210213,11.849427023061
58,123,3.42857142857143,12,3.12241638951403,11.8952449323773
346,470,6.31733616924976,11.0796267973791,7.26464342846988,10.9922871904801
60,109,2.28571428571429,12,2.01749539236513,11.6666626292649
311,385,10.1213983353293,11.2632579458273,10.4853441373859,11.3213486505859
63,182,0.571428571428571,12,0.530979936540158,11.5639599154451
44,382,11.4285714285714,12,11.4690200634598,11.5639599154451
233,270,5.59109887892372,11.3901848619056,4.73535657153012,10.9922871904801
46,309,10.2857142857143,12,9.98250460763487,11.6666626292649
111,185,1.87860166467069,11.2632579458273,1.51465586261406,11.3213486505859
53,339,6.28571428571429,12,6.58310161285803,11.6367266989317
109,185,2.01749539236513,11.6666626292649,1.51465586261406,11.3213486505859
309,385,9.98250460763487,11.6666626292649,10.4853441373859,11.3213486505859
59,109,2.85714285714286,12,2.01749539236513,11.6666626292649
42,382,12,11.4285714285714,11.4690200634598,11.5639599154451
433,470,6.40890112107628,11.3901848619056,7.26464342846988,10.9922871904801
58,143,3.42857142857143,12,4.09856239125427,11.0678882118304
309,311,9.98250460763487,11.6666626292649,10.1213983353293,11.2632579458273
343,384,7.90143760874573,11.0678882118304,7.26683868408741,11.7697269392329
66,234,0,10.8571428571429,0.395284216220472,10.7941761370235
48,309,9.14285714285714,12,9.98250460763487,11.6666626292649
64,182,0,12,0.530979936540158,11.5639599154451
54,139,5.71428571428571,12,5.41689838714197,11.6367266989317
197,397,5.84389991142558,10.6191637180969,6.15610008857442,10.6191637180969
49,343,8.57142857142857,12,7.90143760874573,11.0678882118304
61,109,1.71428571428571,12,2.01749539236513,11.6666626292649
143,184,4.09856239125427,11.0678882118304,4.73316131591259,11.7697269392329
41,434,12,10.8571428571429,11.6047157837795,10.7941761370235
182,185,0.530979936540158,11.5639599154451,1.51465586261406,11.3213486505859
45,382,10.8571428571429,12,11.4690200634598,11.5639599154451
343,484,7.90143760874573,11.0678882118304,8.49854292069047,10.7343958120433
109,111,2.01749539236513,11.6666626292649,1.87860166467069,11.2632579458273
48,323,9.14285714285714,12,8.87758361048597,11.8952449323773
397,425,6.15610008857442,10.6191637180969,6.80057387506154,10.5782288758721
440,446,7.53170063318702,10.3934356512003,7.91861608350157,10.2810428920174
240,246,4.46829936681298,10.3934356512003,4.08138391649843,10.2810428920174
197,225,5.84389991142558,10.6191637180969,5.19942612493846,10.5782288758721
382,385,11.4690200634598,11.5639599154451,10.4853441373859,11.3213486505859
62,182,1.14285714285714,12,0.530979936540158,11.5639599154451
143,284,4.09856239125427,11.0678882118304,3.50145707930953,10.7343958120433
401,444,9.82521700661996,10.8496143832663,10.5952427881082,10.9300281441165
65,182,0,11.4285714285714,0.530979936540158,11.5639599154451
50,343,8,12,7.90143760874573,11.0678882118304
146,380,5.68266383075024,11.0796267973791,6.13048487506678,11.5172284368762
57,143,4,12,4.09856239125427,11.0678882118304
45,385,10.8571428571429,12,10.4853441373859,11.3213486505859
59,123,2.85714285714286,12,3.12241638951403,11.8952449323773
201,244,2.17478299338004,10.8496143832663,1.40475721189177,10.9300281441165
350,410,11.0860750322598,10.3501227103943,10.4847573027265,10.5600097049383
146,225,5.68266383075024,11.0796267973791,5.19942612493846,10.5782288758721
425,440,6.80057387506154,10.5782288758721,7.53170063318702,10.3934356512003
225,240,5.19942612493846,10.5782288758721,4.46829936681298,10.3934356512003
401,422,9.82521700661996,10.8496143832663,9.55287040760212,10.6980669196086
123,284,3.12241638951403,11.8952449323773,3.50145707930953,10.7343958120433
42,434,12,11.4285714285714,11.6047157837795,10.7941761370235
346,425,6.31733616924976,11.0796267973791,6.80057387506154,10.5782288758721
62,185,1.14285714285714,12,1.51465586261406,11.3213486505859
401,410,9.82521700661996,10.8496143832663,10.4847573027265,10.5600097049383
194,240,5.25524001838937,10.1470228698162,4.46829936681298,10.3934356512003
323,484,8.87758361048597,11.8952449323773,8.49854292069047,10.7343958120433
65,234,0,11.4285714285714,0.395284216220472,10.7941761370235
394,440,6.74475998161063,10.1470228698162,7.53170063318702,10.3934356512003
234,244,0.395284216220472,10.7941761370235,1.40475721189177,10.9300281441165
434,444,11.6047157837795,10.7941761370235,10.5952427881082,10.9300281441165
201,222,2.17478299338004,10.8496143832663,2.44712959239788,10.6980669196086
48,401,9.14285714285714,12,9.82521700661996,10.8496143832663
59,201,2.85714285714286,12,2.17478299338004,10.8496143832663
367,422,8.98998234675513,10.5266669568187,9.55287040760212,10.6980669196086
210,244,1.51524269727345,10.5600097049383,1.40475721189177,10.9300281441165
446,484,7.91861608350157,10.2810428920174,8.49854292069047,10.7343958120433
167,222,3.01001765324487,10.5266669568187,2.44712959239788,10.6980669196086
146,397,5.68266383075024,11.0796267973791,6.15610008857442,10.6191637180969
150,210,0.913924967740156,10.3501227103943,1.51524269727345,10.5600097049383
367,379,8.98998234675513,10.5266669568187,9.45726697736486,10.1214180120593
143,240,4.09856239125427,11.0678882118304,4.46829936681298,10.3934356512003
167,246,3.01001765324487,10.5266669568187,4.08138391649843,10.2810428920174
350,434,11.0860750322598,10.3501227103943,11.6047157837795,10.7941761370235
343,440,7.90143760874573,11.0678882118304,7.53170063318702,10.3934356512003
367,446,8.98998234675513,10.5266669568187,7.91861608350157,10.2810428920174
167,179,3.01001765324487,10.5266669568187,2.54273302263514,10.1214180120593
172,194,5.68359865962657,9.83122103759846,5.25524001838937,10.1470228698162
194,197,5.25524001838937,10.1470228698162,5.84389991142558,10.6191637180969
38,398,12,9.14285714285714,11.7883460498313,9.17460201052653
150,234,0.913924967740156,10.3501227103943,0.395284216220472,10.7941761370235
337,408,10.1883264784967,9.64727022390737,9.81632458571748,9.75306476105633
394,397,6.74475998161063,10.1470228698162,6.15610008857442,10.6191637180969
246,284,4.08138391649843,10.2810428920174,3.50145707930953,10.7343958120433
350,353,11.0860750322598,10.3501227103943,10.3814187427819,10.1513599108279
137,208,1.81167352150327,9.64727022390737,2.18367541428252,9.75306476105633
67,150,0,10.2857142857143,0.913924967740156,10.3501227103943
40,350,12,10.2857142857143,11.0860750322598,10.3501227103943
372,394,6.31640134037343,9.83122103759846,6.74475998161063,10.1470228698162
153,179,1.61858125721806,10.1513599108279,2.54273302263514,10.1214180120593
353,379,10.3814187427819,10.1513599108279,9.45726697736486,10.1214180120593
150,153,0.913924967740156,10.3501227103943,1.61858125721806,10.1513599108279
39,388,12,9.71428571428571,11.4057776706717,9.62341545520872
172,372,5.68359865962657,9.83122103759846,6.31640134037343,9.83122103759846
179,237,2.54273302263514,10.1214180120593,2.76246996177042,9.8668761779271
187,240,5.30105911004013,9.64083113090235,4.46829936681298,10.3934356512003
208,237,2.18367541428252,9.75306476105633,2.76246996177042,9.8668761779271
376,473,10.6655348254018,9.05239889205965,10.3734553370819,9.22107021766581
186,187,3.88509014300329,9.32751346647554,5.30105911004013,9.64083113090235
408,437,9.81632458571748,9.75306476105633,9.23753003822958,9.8668761779271
387,440,6.69894088995987,9.64083113090235,7.53170063318702,10.3934356512003
153,247,1.61858125721806,10.1513599108279,0.709381895499358,9.93342868163895
353,447,10.3814187427819,10.1513599108279,11.2906181045006,9.93342868163895
386,387,8.11490985699671,9.32751346647554,6.69894088995987,9.64083113090235
69,198,0,9.14285714285714,0.211653950168677,9.17460201052653
186,259,3.88509014300329,9.32751346647554,3.16628498976137,9.40629985553588
364,388,11.0929036339528,9.47937687268449,11.4057776706717,9.62341545520872
164,188,0.907096366047207,9.47937687268449,0.59422232932826,9.62341545520872
386,459,8.11490985699671,9.32751346647554,8.83371501023863,9.40629985553588
68,188,0,9.71428571428571,0.59422232932826,9.62341545520872
302,386,8.39152353444797,9.18448470849618,8.11490985699671,9.32751346647554
172,397,5.68359865962657,9.83122103759846,6.15610008857442,10.6191637180969
376,390,10.6655348254018,9.05239889205965,11.1018739956533,8.94001576746592
153,208,1.61858125721806,10.1513599108279,2.18367541428252,9.75306476105633
353,408,10.3814187427819,10.1513599108279,9.81632458571748,9.75306476105633
153,201,1.61858125721806,10.1513599108279,2.17478299338004,10.8496143832663
39,447,12,9.71428571428571,11.2906181045006,9.93342868163895
387,453,6.69894088995987,9.64083113090235,6.33839778639312,9.2246788095167
379,437,9.45726697736486,10.1214180120593,9.23753003822958,9.8668761779271
68,247,0,9.71428571428571,0.709381895499358,9.93342868163895
342,476,9.98043409618733,8.84030788708355,10.4810478614091,8.78402818186544
170,269,5.11111070440153,8.82568968012342,5.4556818639399,8.63782237226601
253,453,5.66160221360688,9.2246788095167,6.33839778639312,9.2246788095167
96,253,5.3561500491979,9.15480074304274,5.66160221360688,9.2246788095167
296,453,6.6438499508021,9.15480074304274,6.33839778639312,9.2246788095167
59,222,2.85714285714286,12,2.44712959239788,10.6980669196086
353,422,10.3814187427819,10.1513599108279,9.55287040760212,10.6980669196086
372,387,6.31640134037343,9.83122103759846,6.69894088995987,9.64083113090235
153,222,1.61858125721806,10.1513599108279,2.44712959239788,10.6980669196086
364,398,11.0929036339528,9.47937687268449,11.7883460498313,9.17460201052653
48,422,9.14285714285714,12,9.55287040760212,10.6980669196086
327,383,9.28096555242929,0.425133707825963,8.62141438100065,0.554396889073937
326,342,9.43895892160193,8.80117477670398,9.98043409618733,8.84030788708355
187,253,5.30105911004013,9.64083113090235,5.66160221360688,9.2246788095167
221,269,5.75692262355615,8.46565546693299,5.4556818639399,8.63782237226601
421,469,6.24307737644385,8.46565546693299,6.5443181360601,8.63782237226601
221,421,5.75692262355615,8.46565546693299,6.24307737644385,8.46565546693299
370,469,6.88888929559847,8.82568968012342,6.5443181360601,8.63782237226601
237,259,2.76246996177042,9.8668761779271,3.16628498976137,9.40629985553588
437,459,9.23753003822958,9.8668761779271,8.83371501023863,9.40629985553588
137,164,1.81167352150327,9.64727022390737,0.907096366047207,9.47937687268449
40,447,12,10.2857142857143,11.2906181045006,9.93342868163895
170,186,5.11111070440153,8.82568968012342,3.88509014300329,9.32751346647554
296,370,6.6438499508021,9.15480074304274,6.88888929559847,8.82568968012342
164,198,0.907096366047207,9.47937687268449,0.211653950168677,9.17460201052653
364,473,11.0929036339528,9.47937687268449,10.3734553370819,9.22107021766581
246,259,4.08138391649843,10.2810428920174,3.16628498976137,9.40629985553588
337,364,10.1883264784967,9.64727022390737,11.0929036339528,9.47937687268449
102,259,3.60847646555203,9.18448470849618,3.16628498976137,9.40629985553588
342,473,9.98043409618733,8.84030788708355,10.3734553370819,9.22107021766581
176,273,1.33446517459824,9.05239889205965,1.62654466291815,9.22107021766581
326,408,9.43895892160193,8.80117477670398,9.81632458571748,9.75306476105633
176,190,1.33446517459824,9.05239889205965,0.89812600434668,8.94001576746592
126,204,2.56104107839807,8.80117477670398,3.35123732484321,8.75780240657074
361,404,8.00834228536124,8.68947324312596,8.64876267515679,8.75780240657074
110,238,5.65847154533182,7.95092692415324,4.97063023822716,8.44981480460832
67,247,0,10.2857142857143,0.709381895499358,9.93342868163895
353,401,10.3814187427819,10.1513599108279,9.82521700661996,10.8496143832663
164,273,0.907096366047207,9.47937687268449,1.62654466291815,9.22107021766581
390,476,11.1018739956533,8.94001576746592,10.4810478614091,8.78402818186544
126,208,2.56104107839807,8.80117477670398,2.18367541428252,9.75306476105633
326,459,9.43895892160193,8.80117477670398,8.83371501023863,9.40629985553588
161,204,3.99165771463876,8.68947324312596,3.35123732484321,8.75780240657074
326,404,9.43895892160193,8.80117477670398,8.64876267515679,8.75780240657074
142,273,2.01956590381267,8.84030788708355,1.62654466291815,9.22107021766581
370,386,6.88888929559847,8.82568968012342,8.11490985699671,9.32751346647554
126,142,2.56104107839807,8.80117477670398,2.01956590381267,8.84030788708355
302,404,8.39152353444797,9.18448470849618,8.64876267515679,8.75780240657074
153,164,1.61858125721806,10.1513599108279,0.907096366047207,9.47937687268449
292,377,10.4060120620878,8.28372868912744,10.8843895066361,8.32567140565167
361,370,8.00834228536124,8.68947324312596,6.88888929559847,8.82568968012342
172,187,5.68359865962657,9.83122103759846,5.30105911004013,9.64083113090235
96,269,5.3561500491979,9.15480074304274,5.4556818639399,8.63782237226601
253,372,5.66160221360688,9.2246788095167,6.31640134037343,9.83122103759846
375,438,7.36463154951894,8.3640003590612,7.02936976177284,8.44981480460832
253,421,5.66160221360688,9.2246788095167,6.24307737644385,8.46565546693299
175,238,4.63536845048106,8.3640003590612,4.97063023822716,8.44981480460832
161,170,3.99165771463876,8.68947324312596,5.11111070440153,8.82568968012342
307,361,8.40692812624036,8.39167005682709,8.00834228536124,8.68947324312596
386,446,8.11490985699671,9.32751346647554,7.91861608350157,10.2810428920174
142,276,2.01956590381267,8.84030788708355,1.51895213859091,8.78402818186544
295,481,7.11113543601349,8.01904699911914,7.55172286416769,7.95679736500435
126,259,2.56104107839807,8.80117477670398,3.16628498976137,9.40629985553588
390,398,11.1018739956533,8.94001576746592,11.7883460498313,9.17460201052653
310,438,6.34152845466818,7.95092692415324,7.02936976177284,8.44981480460832
337,342,10.1883264784967,9.64727022390737,9.98043409618733,8.84030788708355
102,204,3.60847646555203,9.18448470849618,3.35123732484321,8.75780240657074
190,276,0.89812600434668,8.94001576746592,1.51895213859091,8.78402818186544
39,398,12,9.71428571428571,11.7883460498313,9.17460201052653
95,281,4.88886456398651,8.01904699911914,4.44827713583231,7.95679736500435
161,175,3.99165771463876,8.68947324312596,4.63536845048106,8.3640003590612
306,481,8.07556829922872,7.94781039580017,7.55172286416769,7.95679736500435
106,281,3.92443170077128,7.94781039580017,4.44827713583231,7.95679736500435
70,190,0,8.57142857142857,0.89812600434668,8.94001576746592
37,390,12,8.57142857142857,11.1018739956533,8.94001576746592
107,262,3.59307187375964,8.39167005682709,2.44981639311367,8.26095519871229
353,364,10.3814187427819,10.1513599108279,11.0929036339528,9.47937687268449
110,421,5.65847154533182,7.95092692415324,6.24307737644385,8.46565546693299
110,310,5.65847154533182,7.95092692415324,6.34152845466818,7.95092692415324
238,269,4.97063023822716,8.44981480460832,5.4556818639399,8.63782237226601
295,310,7.11113543601349,8.01904699911914,6.34152845466818,7.95092692415324
92,262,1.59398793791223,8.28372868912744,2.44981639311367,8.26095519871229
292,462,10.4060120620878,8.28372868912744,9.55018360688633,8.26095519871229
137,142,1.81167352150327,9.64727022390737,2.01956590381267,8.84030788708355
307,462,8.40692812624036,8.39167005682709,9.55018360688633,8.26095519871229
92,177,1.59398793791223,8.28372868912744,1.11561049336395,8.32567140565167
32,363,12,5.71428571428571,11.8120151248332,5.7619836079544
370,438,6.88888929559847,8.82568968012342,7.02936976177284,8.44981480460832
190,198,0.89812600434668,8.94001576746592,0.211653950168677,9.17460201052653
35,439,12,7.42857142857143,11.4338310194212,7.4759530828794
361,375,8.00834228536124,8.68947324312596,7.36463154951894,8.3640003590612
178,230,4.03849242725444,7.63109871699477,4.72379392227627,7.64346202328107
367,459,8.98998234675513,10.5266669568187,8.83371501023863,9.40629985553588
68,198,0,9.71428571428571,0.211653950168677,9.17460201052653
404,462,8.64876267515679,8.75780240657074,9.55018360688633,8.26095519871229
175,281,4.63536845048106,8.3640003590612,4.44827713583231,7.95679736500435
170,187,5.11111070440153,8.82568968012342,5.30105911004013,9.64083113090235
306,307,8.07556829922872,7.94781039580017,8.40692812624036,8.39167005682709
418,430,6.51305895204144,7.247422558149,7.27620607772373,7.64346202328107
204,262,3.35123732484321,8.75780240657074,2.44981639311367,8.26095519871229
292,342,10.4060120620878,8.28372868912744,9.98043409618733,8.84030788708355
378,430,7.96150757274556,7.63109871699477,7.27620607772373,7.64346202328107
95,110,4.88886456398651,8.01904699911914,5.65847154533182,7.95092692415324
218,418,5.48694104795856,7.247422558149,6.51305895204144,7.247422558149
218,230,5.48694104795856,7.247422558149,4.72379392227627,7.64346202328107
92,142,1.59398793791223,8.28372868912744,2.01956590381267,8.84030788708355
420,460,11.6918495843337,7.10283870217958,11.0179110927321,7.09248921914623
71,177,0,8,1.11561049336395,8.32567140565167
36,377,12,8,10.8843895066361,8.32567140565167
178,281,4.03849242725444,7.63109871699477,4.44827713583231,7.95679736500435
375,481,7.36463154951894,8.3640003590612,7.55172286416769,7.95679736500435
70,177,0,8.57142857142857,1.11561049336395,8.32567140565167
37,377,12,8.57142857142857,10.8843895066361,8.32567140565167
105,243,3.47656909666043,7.24089204314925,4.2670873780626,6.98699597014825
305,443,8.52343090333957,7.24089204314925,7.7329126219374,6.98699597014825
107,161,3.59307187375964,8.39167005682709,3.99165771463876,8.68947324312596
378,481,7.96150757274556,7.63109871699477,7.55172286416769,7.95679736500435
106,107,3.92443170077128,7.94781039580017,3.59307187375964,8.39167005682709
453,469,6.33839778639312,9.2246788095167,6.5443181360601,8.63782237226601
75,163,-0,5.71428571428571,0.187984875166795,5.7619836079544
305,378,8.52343090333957,7.24089204314925,7.96150757274556,7.63109871699477
72,239,0,7.42857142857143,0.566168980578847,7.4759530828794
310,469,6.34152845466818,7.95092692415324,6.5443181360601,8.63782237226601
373,456,11.2097842876954,6.29599311667003,11.4939438483924,6.14223590180641
105,178,3.47656909666043,7.24089204314925,4.03849242725444,7.63109871699477
365,393,11.8050100279884,6.71320408934597,11.2986641718675,6.76094626694161
304,377,10.3083133512348,7.33103651073695,10.8843895066361,8.32567140565167
220,260,0.308150415666275,7.10283870217958,0.982088907267908,7.09248921914623
173,256,0.790215712304571,6.29599311667003,0.506056151607633,6.14223590180641
357,418,7.04490137103538,7.01254095677445,6.51305895204144,7.247422558149
73,165,0,6.85714285714286,0.194989972011621,6.71320408934597
104,177,1.69168664876523,7.33103651073695,1.11561049336395,8.32567140565167
304,460,10.3083133512348,7.33103651073695,11.0179110927321,7.09248921914623
105,262,3.47656909666043,7.24089204314925,2.44981639311367,8.26095519871229
34,420,12,6.85714285714286,11.6918495843337,7.10283870217958
357,475,7.04490137103538,7.01254095677445,7.36700558934,6.86102666297533
321,475,7.04083783137404,6.65901669641445,7.36700558934,6.86102666297533
320,321,6.36446639038336,6.43528535709044,7.04083783137404,6.65901669641445
34,365,12,6.85714285714286,11.8050100279884,6.71320408934597
73,220,0,6.85714285714286,0.308150415666275,7.10283870217958
33,456,12,6.28571428571429,11.4939438483924,6.14223590180641
157,275,4.95509862896462,7.01254095677445,4.63299441066,6.86102666297533
121,275,4.95916216862596,6.65901669641445,4.63299441066,6.86102666297533
157,218,4.95509862896462,7.01254095677445,5.48694104795856,7.247422558149
427,460,10.3360332275481,6.60879707571329,11.0179110927321,7.09248921914623
165,193,0.194989972011621,6.71320408934597,0.701335828132528,6.76094626694161
351,458,7.79655113081385,6.35783540836265,8.83805627981601,6.43740764839993
74,256,0,6.28571428571429,0.506056151607633,6.14223590180641
199,227,2.77921324689221,6.63928215995594,1.66396677245188,6.60879707571329
427,465,10.3360332275481,6.60879707571329,10.6469204047712,6.18997378142055
334,351,7.19733037234489,6.11951411127208,7.79655113081385,6.35783540836265
134,151,4.80266962765511,6.11951411127208,4.20344886918615,6.35783540836265
399,427,9.22078675310779,6.63928215995594,10.3360332275481,6.60879707571329
104,260,1.69168664876523,7.33103651073695,0.982088907267908,7.09248921914623
151,258,4.20344886918615,6.35783540836265,3.16194372018399,6.43740764839993
432,448,7.6197515797053,5.7604476109671,8.04286142146248,5.69002689750634
305,462,8.52343090333957,7.24089204314925,9.55018360688633,8.26095519871229
173,265,0.790215712304571,6.29599311667003,1.35307959522876,6.18997378142055
443,475,7.7329126219374,6.98699597014825,7.36700558934,6.86102666297533
218,310,5.48694104795856,7.247422558149,6.34152845466818,7.95092692415324
335,400,10.7101082056543,5.79828737390883,10.1217888944926,5.95193949406093
430,443,7.27620607772373,7.64346202328107,7.7329126219374,6.98699597014825
232,248,4.3802484202947,5.7604476109671,3.95713857853752,5.69002689750634
243,275,4.2670873780626,6.98699597014825,4.63299441066,6.86102666297533
230,243,4.72379392227627,7.64346202328107,4.2670873780626,6.98699597014825
373,465,11.2097842876954,6.29599311667003,10.6469204047712,6.18997378142055
227,260,1.66396677245188,6.60879707571329,0.982088907267908,7.09248921914623
329,479,11.6575868260089,4.93983845640134,11.22141320303,5.00151515298734
134,215,4.80266962765511,6.11951411127208,5.33894831550387,6.00447829121318
334,415,7.19733037234489,6.11951411127208,6.66105168449613,6.00447829121318
118,318,5.80273552280936,5.38515450113432,6.19726447719064,5.38515450113432
193,265,0.701335828132528,6.76094626694161,1.35307959522876,6.18997378142055
400,464,10.1217888944926,5.95193949406093,9.69615283596013,6.18224749738594
305,399,8.52343090333957,7.24089204314925,9.22078675310779,6.63928215995594
177,276,1.11561049336395,8.32567140565167,1.51895213859091,8.78402818186544
191,251,0.914469140540364,5.28997270558375,1.37520249211366,5.34614714055171
318,461,6.19726447719064,5.38515450113432,6.68397384488106,5.12162233338923
177,239,1.11561049336395,8.32567140565167,0.566168980578847,7.4759530828794
377,476,10.8843895066361,8.32567140565167,10.4810478614091,8.78402818186544
120,121,5.63553360961664,6.43528535709044,4.95916216862596,6.65901669641445
239,260,0.566168980578847,7.4759530828794,0.982088907267908,7.09248921914623
391,451,11.0855308594596,5.28997270558375,10.6247975078863,5.34614714055171
227,264,1.66396677245188,6.60879707571329,2.30384716403987,6.18224749738594
35,420,12,7.42857142857143,11.6918495843337,7.10283870217958
427,464,10.3360332275481,6.60879707571329,9.69615283596013,6.18224749738594
74,165,0,6.28571428571429,0.194989972011621,6.71320408934597
189,261,4.85900007963494,5.26641652844157,5.31602615511894,5.12162233338923
400,411,10.1217888944926,5.95193949406093,9.39379452856254,5.76098392892567
135,200,1.2898917943457,5.79828737390883,1.87821110550744,5.95193949406093
295,418,7.11113543601349,8.01904699911914,6.51305895204144,7.247422558149
33,365,12,6.28571428571429,11.8050100279884,6.71320408934597
72,220,0,7.42857142857143,0.308150415666275,7.10283870217958
400,465,10.1217888944926,5.95193949406093,10.6469204047712,6.18997378142055
200,211,1.87821110550744,5.95193949406093,2.60620547143746,5.76098392892567
391,416,11.0855308594596,5.28997270558375,11.4285668480669,5.53731630018133
105,151,3.47656909666043,7.24089204314925,4.20344886918615,6.35783540836265
393,465,11.2986641718675,6.76094626694161,10.6469204047712,6.18997378142055
200,264,1.87821110550744,5.95193949406093,2.30384716403987,6.18224749738594
377,439,10.8843895066361,8.32567140565167,11.4338310194212,7.4759530828794
105,106,3.47656909666043,7.24089204314925,3.92443170077128,7.94781039580017
439,460,11.4338310194212,7.4759530828794,11.0179110927321,7.09248921914623
105,199,3.47656909666043,7.24089204314925,2.77921324689221,6.63928215995594
412,448,8.56571953626305,5.56796029701583,8.04286142146248,5.69002689750634
120,320,5.63553360961664,6.43528535709044,6.36446639038336,6.43528535709044
371,389,7.65213396958716,5.29739397197285,7.14099992036506,5.26641652844157
118,261,5.80273552280936,5.38515450113432,5.31602615511894,5.12162233338923
305,351,8.52343090333957,7.24089204314925,7.79655113081385,6.35783540836265
305,306,8.52343090333957,7.24089204314925,8.07556829922872,7.94781039580017
135,216,1.2898917943457,5.79828737390883,0.571433151933145,5.53731630018133
161,186,3.99165771463876,8.68947324312596,3.88509014300329,9.32751346647554
321,418,7.04083783137404,6.65901669641445,6.51305895204144,7.247422558149
191,216,0.914469140540364,5.28997270558375,0.571433151933145,5.53731630018133
389,461,7.14099992036506,5.26641652844157,6.68397384488106,5.12162233338923
95,218,4.88886456398651,8.01904699911914,5.48694104795856,7.247422558149
212,248,3.43428046373695,5.56796029701583,3.95713857853752,5.69002689750634
335,416,10.7101082056543,5.79828737390883,11.4285668480669,5.53731630018133
129,279,0.342413173991081,4.93983845640134,0.778586796969986,5.00151515298734
121,218,4.95916216862596,6.65901669641445,5.48694104795856,7.247422558149
363,456,11.8120151248332,5.7619836079544,11.4939438483924,6.14223590180641
171,189,4.34786603041284,5.29739397197285,4.85900007963494,5.26641652844157
363,416,11.8120151248332,5.7619836079544,11.4285668480669,5.53731630018133
241,251,2.14134480213539,5.41400900515427,1.37520249211366,5.34614714055171
393,456,11.2986641718675,6.76094626694161,11.4939438483924,6.14223590180641
135,173,1.2898917943457,5.79828737390883,0.790215712304571,6.29599311667003
393,420,11.2986641718675,6.76094626694161,11.6918495843337,7.10283870217958
441,451,9.85865519786461,5.41400900515427,10.6247975078863,5.34614714055171
193,260,0.701335828132528,6.76094626694161,0.982088907267908,7.09248921914623
218,320,5.48694104795856,7.247422558149,6.36446639038336,6.43528535709044
193,256,0.701335828132528,6.76094626694161,0.506056151607633,6.14223590180641
163,256,0.187984875166795,5.7619836079544,0.506056151607633,6.14223590180641
30,289,12,4.57142857142857,11.7817000006871,4.59227067607704
189,232,4.85900007963494,5.26641652844157,4.3802484202947,5.7604476109671
286,287,6.74217779543922,4.60550259103219,7.42506141713015,4.62801046785345
163,216,0.187984875166795,5.7619836079544,0.571433151933145,5.53731630018133
299,316,7.83246501413147,4.78113883791231,8.46711007195172,4.76391480734041
164,247,0.907096366047207,9.47937687268449,0.709381895499358,9.93342868163895
31,416,12,5.14285714285714,11.4285668480669,5.53731630018133
89,263,0.218299999312875,4.59227067607704,0.715420300844704,4.54929927660935
104,199,1.69168664876523,7.33103651073695,2.77921324689221,6.63928215995594
413,445,10.4343910088684,2.77814298932893,10.0645516800281,2.91806819892752
199,258,2.77921324689221,6.63928215995594,3.16194372018399,6.43740764839993
411,412,9.39379452856254,5.76098392892567,8.56571953626305,5.56796029701583
103,149,0.398627397730579,4.05367611989381,0.767067888840497,4.01157233444072
248,258,3.95713857853752,5.69002689750634,3.16194372018399,6.43740764839993
335,373,10.7101082056543,5.79828737390883,11.2097842876954,6.29599311667003
78,103,-0,4,0.398627397730579,4.05367611989381
171,248,4.34786603041284,5.29739397197285,3.95713857853752,5.69002689750634
333,441,8.93844501024322,5.29262556385675,9.85865519786461,5.41400900515427
200,265,1.87821110550744,5.95193949406093,1.35307959522876,6.18997378142055
104,262,1.69168664876523,7.33103651073695,2.44981639311367,8.26095519871229
159,359,5.96530968576037,1.51604936513905,6.03469031423963,1.51604936513905
303,349,11.6013726022694,4.05367611989381,11.2329321111595,4.01157233444072
227,265,1.66396677245188,6.60879707571329,1.35307959522876,6.18997378142055
29,303,12,4,11.6013726022694,4.05367611989381
389,432,7.14099992036506,5.26641652844157,7.6197515797053,5.7604476109671
87,99,4.57493858286985,4.62801046785345,4.16753498586853,4.78113883791231
133,241,3.06155498975678,5.29262556385675,2.14134480213539,5.41400900515427
451,479,10.6247975078863,5.34614714055171,11.22141320303,5.00151515298734
118,215,5.80273552280936,5.38515450113432,5.33894831550387,6.00447829121318
371,448,7.65213396958716,5.29739397197285,8.04286142146248,5.69002689750634
99,116,4.16753498586853,4.78113883791231,3.53288992804828,4.76391480734041
289,463,11.7817000006871,4.59227067607704,11.2845796991553,4.54929927660935
86,87,5.25782220456078,4.60550259103219,4.57493858286985,4.62801046785345
411,458,9.39379452856254,5.76098392892567,8.83805627981601,6.43740764839993
76,216,-0,5.14285714285714,0.571433151933145,5.53731630018133
211,212,2.60620547143746,5.76098392892567,3.43428046373695,5.56796029701583
30,329,12,4.57142857142857,11.6575868260089,4.93983845640134
211,258,2.60620547143746,5.76098392892567,3.16194372018399,6.43740764839993
319,374,9.25582928305744,4.27848821534987,8.90762211397496,4.43001948605566
251,279,1.37520249211366,5.34614714055171,0.778586796969986,5.00151515298734
351,475,7.79655113081385,6.35783540836265,7.36700558934,6.86102666297533
304,399,10.3083133512348,7.33103651073695,9.22078675310779,6.63928215995594
213,245,1.56560899113163,2.77814298932893,1.93544831997193,2.91806819892752
399,458,9.22078675310779,6.63928215995594,8.83805627981601,6.43740764839993
287,299,7.42506141713015,4.62801046785345,7.83246501413147,4.78113883791231
448,458,8.04286142146248,5.69002689750634,8.83805627981601,6.43740764839993
120,215,5.63553360961664,6.43528535709044,5.33894831550387,6.00447829121318
304,462,10.3083133512348,7.33103651073695,9.55018360688633,8.26095519871229
119,174,2.74417071694256,4.27848821534987,3.09237788602504,4.43001948605566
121,134,4.95916216862596,6.65901669641445,4.80266962765511,6.11951411127208
351,432,7.79655113081385,6.35783540836265,7.6197515797053,5.7604476109671
134,232,4.80266962765511,6.11951411127208,4.3802484202947,5.7604476109671
294,313,11.417589135346,3.50752642507232,11.8406043738753,3.45090418623532
116,133,3.53288992804828,4.76391480734041,3.06155498975678,5.29262556385675
316,333,8.46711007195172,4.76391480734041,8.93844501024322,5.29262556385675
205,252,2.3759213217426,4.79446138379085,1.58386355037322,4.64475564241244
333,412,8.93844501024322,5.29262556385675,8.56571953626305,5.56796029701583
77,89,-0,4.57142857142857,0.218299999312875,4.59227067607704
101,196,4.76415395302538,3.87739289025893,4.34521181681967,3.9196702307796
252,263,1.58386355037322,4.64475564241244,0.715420300844704,4.54929927660935
405,452,9.6240786782574,4.79446138379085,10.4161364496268,4.64475564241244
77,129,-0,4.57142857142857,0.342413173991081,4.93983845640134
321,334,7.04083783137404,6.65901669641445,7.19733037234489,6.11951411127208
374,405,8.90762211397496,4.43001948605566,9.6240786782574,4.79446138379085
94,113,0.582410864653956,3.50752642507232,0.159395626124679,3.45090418623532
87,272,4.57493858286985,4.62801046785345,5.34594022721477,4.25654528226748
147,347,5.97094792904759,2.97376894109616,6.02905207095241,2.97376894109616
128,272,5.75041236209096,4.01477558693887,5.34594022721477,4.25654528226748
174,219,3.09237788602504,4.43001948605566,3.76963432895526,4.36654477770259
294,403,11.417589135346,3.50752642507232,10.9209944856426,3.70283753178328
287,472,7.42506141713015,4.62801046785345,6.65405977278523,4.25654528226748
452,463,10.4161364496268,4.64475564241244,11.2845796991553,4.54929927660935
133,212,3.06155498975678,5.29262556385675,3.43428046373695,5.56796029701583
396,419,7.65478818318033,3.9196702307796,8.23036567104474,4.36654477770259
301,396,7.23584604697462,3.87739289025893,7.65478818318033,3.9196702307796
174,205,3.09237788602504,4.43001948605566,2.3759213217426,4.79446138379085
364,447,11.0929036339528,9.47937687268449,11.2906181045006,9.93342868163895
189,215,4.85900007963494,5.26641652844157,5.33894831550387,6.00447829121318
335,451,10.7101082056543,5.79828737390883,10.6247975078863,5.34614714055171
374,419,8.90762211397496,4.43001948605566,8.23036567104474,4.36654477770259
94,203,0.582410864653956,3.50752642507232,1.07900551435741,3.70283753178328
200,251,1.87821110550744,5.95193949406093,1.37520249211366,5.34614714055171
299,371,7.83246501413147,4.78113883791231,7.65213396958716,5.29739397197285
299,419,7.83246501413147,4.78113883791231,8.23036567104474,4.36654477770259
130,203,1.5714585920104,3.64397175501466,1.07900551435741,3.70283753178328
229,429,5.65599663663717,3.51569813565955,6.34400336336283,3.51569813565955
318,415,6.19726447719064,5.38515450113432,6.66105168449613,6.00447829121318
320,415,6.36446639038336,6.43528535709044,6.66105168449613,6.00447829121318
79,113,-0,3.42857142857143,0.159395626124679,3.45090418623532
349,452,11.2329321111595,4.01157233444072,10.4161364496268,4.64475564241244
130,145,1.5714585920104,3.64397175501466,1.23116346564004,3.08876881058811
86,118,5.25782220456078,4.60550259103219,5.80273552280936,5.38515450113432
406,454,11.1999053774209,3.26216120993475,11.771082060632,3.06750263702552
196,219,4.34521181681967,3.9196702307796,3.76963432895526,4.36654477770259
28,313,12,3.42857142857143,11.8406043738753,3.45090418623532
116,248,3.53288992804828,4.76391480734041,3.95713857853752,5.69002689750634
128,328,5.75041236209096,4.01477558693887,6.24958763790904,4.01477558693887
301,472,7.23584604697462,3.87739289025893,6.65405977278523,4.25654528226748
151,275,4.20344886918615,6.35783540836265,4.63299441066,6.86102666297533
330,403,10.4285414079896,3.64397175501466,10.9209944856426,3.70283753178328
328,472,6.24958763790904,4.01477558693887,6.65405977278523,4.25654528226748
101,169,4.76415395302538,3.87739289025893,5.29256689126491,3.83618205752139
101,272,4.76415395302538,3.87739289025893,5.34594022721477,4.25654528226748
28,454,12,3.42857142857143,11.771082060632,3.06750263702552
133,205,3.06155498975678,5.29262556385675,2.3759213217426,4.79446138379085
333,405,8.93844501024322,5.29262556385675,9.6240786782574,4.79446138379085
99,171,4.16753498586853,4.78113883791231,4.34786603041284,5.29739397197285
314,445,9.60200468272595,2.94321846240428,10.0645516800281,2.91806819892752
206,254,0.800094622579055,3.26216120993475,0.22891793936804,3.06750263702552
325,332,9.07734879076192,3.36295776410732,8.50673815747908,3.30362028859581
389,415,7.14099992036506,5.26641652844157,6.66105168449613,6.00447829121318
79,254,-0,3.42857142857143,0.22891793936804,3.06750263702552
286,389,6.74217779543922,4.60550259103219,7.14099992036506,5.26641652844157
24,354,12,1.14285714285714,11.7906220520135,1.21061626643531
119,226,2.74417071694256,4.27848821534987,2.23832141546456,3.79968518067042
322,348,7.65429529685231,2.71191696020557,7.31042693758087,2.96063523110821
125,132,2.92265120923808,3.36295776410732,3.49326184252091,3.30362028859581
328,369,6.24958763790904,4.01477558693887,6.70743310873509,3.83618205752139
252,279,1.58386355037322,4.64475564241244,0.778586796969986,5.00151515298734
319,426,9.25582928305744,4.27848821534987,9.76167858453544,3.79968518067042
99,219,4.16753498586853,4.78113883791231,3.76963432895526,4.36654477770259
330,480,10.4285414079896,3.64397175501466,9.87499232998768,3.46107074123201
325,426,9.07734879076192,3.36295776410732,9.76167858453544,3.79968518067042
114,245,2.39799531727405,2.94321846240428,1.93544831997193,2.91806819892752
88,98,3.85385551426594,3.59818738489396,4.50879672720174,3.21819907464774
130,226,1.5714585920104,3.64397175501466,2.23832141546456,3.79968518067042
330,426,10.4285414079896,3.64397175501466,9.76167858453544,3.79968518067042
136,228,4.89429112478904,2.44946262324527,4.56378231238164,2.42440827481239
88,174,3.85385551426594,3.59818738489396,3.09237788602504,4.43001948605566
329,463,11.6575868260089,4.93983845640134,11.2845796991553,4.54929927660935
125,280,2.92265120923808,3.36295776410732,2.12500767001232,3.46107074123201
312,392,10.3287404522479,1.92510265707032,10.6754082651433,1.86157985852548
400,441,10.1217888944926,5.95193949406093,9.85865519786461,5.41400900515427
288,374,8.14614448573406,3.59818738489396,8.90762211397496,4.43001948605566
129,263,0.342413173991081,4.93983845640134,0.715420300844704,4.54929927660935
325,480,9.07734879076192,3.36295776410732,9.87499232998768,3.46107074123201
122,148,4.34570470314769,2.71191696020557,4.68957306241913,2.96063523110821
288,298,8.14614448573406,3.59818738489396,7.49120327279826,3.21819907464774
103,263,0.398627397730579,4.05367611989381,0.715420300844704,4.54929927660935
303,463,11.6013726022694,4.05367611989381,11.2845796991553,4.54929927660935
125,226,2.92265120923808,3.36295776410732,2.23832141546456,3.79968518067042
31,329,12,5.14285714285714,11.6575868260089,4.93983845640134
336,428,7.10570887521096,2.44946262324527,7.43621768761836,2.42440827481239
336,352,7.10570887521096,2.44946262324527,6.41780978324648,2.32095726639506
149,252,0.767067888840497,4.01157233444072,1.58386355037322,4.64475564241244
29,289,12,4,11.7817000006871,4.59227067607704
358,409,8.09000475572078,1.84997411771252,8.50912658165263,1.91632187649703
130,280,1.5714585920104,3.64397175501466,2.12500767001232,3.46107074123201
417,468,11.6912450488887,1.65439566945434,11.3285601007343,1.55503722651157
136,152,4.89429112478904,2.44946262324527,5.58219021675352,2.32095726639506
114,214,2.39799531727405,2.94321846240428,3.2315152450629,2.97366642253498
26,324,12,2.28571428571429,11.471037339397,2.31521693332983
152,352,5.58219021675352,2.32095726639506,6.41780978324648,2.32095726639506
322,414,7.65429529685231,2.71191696020557,8.7684847549371,2.97366642253498
103,113,0.398627397730579,4.05367611989381,0.159395626124679,3.45090418623532
108,147,5.43040560219612,2.8052112537478,5.97094792904759,2.97376894109616
303,313,11.6013726022694,4.05367611989381,11.8406043738753,3.45090418623532
76,129,-0,5.14285714285714,0.342413173991081,4.93983845640134
122,214,4.34570470314769,2.71191696020557,3.2315152450629,2.97366642253498
314,414,9.60200468272595,2.94321846240428,8.7684847549371,2.97366642253498
112,192,1.67125954775212,1.92510265707032,1.32459173485671,1.86157985852548
345,406,10.76883653436,3.08876881058811,11.1999053774209,3.26216120993475
301,369,7.23584604697462,3.87739289025893,6.70743310873509,3.83618205752139
298,369,7.49120327279826,3.21819907464774,6.70743310873509,3.83618205752139
78,89,-0,4,0.218299999312875,4.59227067607704
308,348,6.56959439780388,2.8052112537478,7.31042693758087,2.96063523110821
403,406,10.9209944856426,3.70283753178328,11.1999053774209,3.26216120993475
217,268,0.308754951111306,1.65439566945434,0.671439899265687,1.55503722651157
349,403,11.2329321111595,4.01157233444072,10.9209944856426,3.70283753178328
158,209,3.90999524427922,1.84997411771252,3.49087341834737,1.91632187649703
145,245,1.23116346564004,3.08876881058811,1.93544831997193,2.91806819892752
27,331,12,2.85714285714286,11.4538247516229,2.67257402496611
345,445,10.76883653436,3.08876881058811,10.0645516800281,2.91806819892752
81,124,-0,2.28571428571429,0.528962660603018,2.31521693332983
128,318,5.75041236209096,4.01477558693887,6.19726447719064,5.38515450113432
288,332,8.14614448573406,3.59818738489396,8.50673815747908,3.30362028859581
108,148,5.43040560219612,2.8052112537478,4.68957306241913,2.96063523110821
83,154,-0,1.14285714285714,0.209377947986453,1.21061626643531
288,396,8.14614448573406,3.59818738489396,7.65478818318033,3.9196702307796
80,131,-0,2.85714285714286,0.546175248377142,2.67257402496611
297,381,8.39537669498647,2.24704053569076,9.14230238245853,2.4312137489269
145,206,1.23116346564004,3.08876881058811,0.800094622579055,3.26216120993475
148,229,4.68957306241913,2.96063523110821,5.65599663663717,3.51569813565955
25,417,12,1.71428571428571,11.6912450488887,1.65439566945434
315,477,11.2104672151643,0.435373315815196,11.5169898156444,0.393409414162507
322,332,7.65429529685231,2.71191696020557,8.50673815747908,3.30362028859581
192,236,1.32459173485671,1.86157985852548,0.796169671537157,1.94538531444691
417,436,11.6912450488887,1.65439566945434,11.2038303284628,1.94538531444691
97,181,3.60462330501353,2.24704053569076,2.85769761754147,2.4312137489269
312,466,10.3287404522479,1.92510265707032,9.99175360398993,1.8736821370485
226,252,2.23832141546456,3.79968518067042,1.58386355037322,4.64475564241244
392,436,10.6754082651433,1.86157985852548,11.2038303284628,1.94538531444691
308,347,6.56959439780388,2.8052112537478,6.02905207095241,2.97376894109616
203,206,1.07900551435741,3.70283753178328,0.800094622579055,3.26216120993475
100,156,4.85959770913099,1.42823106821523,5.42799216490945,1.49392018500187
331,413,11.4538247516229,2.67257402496611,10.4343910088684,2.77814298932893
116,174,3.53288992804828,4.76391480734041,3.09237788602504,4.43001948605566
138,156,5.95298744078209,1.01705483054389,5.42799216490945,1.49392018500187
98,169,4.50879672720174,3.21819907464774,5.29256689126491,3.83618205752139
330,345,10.4285414079896,3.64397175501466,10.76883653436,3.08876881058811
86,189,5.25782220456078,4.60550259103219,4.85900007963494,5.26641652844157
131,213,0.546175248377142,2.67257402496611,1.56560899113163,2.77814298932893
293,435,10.4222235513158,0.892746870317447,10.0005399678102,0.848158045663335
86,128,5.25782220456078,4.60550259103219,5.75041236209096,4.01477558693887
128,169,5.75041236209096,4.01477558693887,5.29256689126491,3.83618205752139
120,318,5.63553360961664,6.43528535709044,6.19726447719064,5.38515450113432
82,217,-0,1.71428571428571,0.308754951111306,1.65439566945434
149,203,0.767067888840497,4.01157233444072,1.07900551435741,3.70283753178328
441,452,9.85865519786461,5.41400900515427,10.4161364496268,4.64475564241244
93,235,1.5777764486842,0.892746870317447,1.9994600321898,0.848158045663335
286,318,6.74217779543922,4.60550259103219,6.19726447719064,5.38515450113432
115,277,0.789532784835684,0.435373315815196,0.483010184355556,0.393409414162507
131,145,0.546175248377142,2.67257402496611,1.23116346564004,3.08876881058811
287,396,7.42506141713015,4.62801046785345,7.65478818318033,3.9196702307796
286,328,6.74217779543922,4.60550259103219,6.24958763790904,4.01477558693887
368,474,10.4068427304972,2.23535354479361,9.43312470695069,2.2414490979148
112,266,1.67125954775212,1.92510265707032,2.00824639601007,1.8736821370485
317,340,6.30933578459184,0.776273211937836,6.77955019600463,0.886096610779047
168,274,1.59315726950276,2.23535354479361,2.5668752930493,2.2414490979148
10,195,5.14285714285714,-0,4.62905995852637,0.165338437673605
316,448,8.46711007195172,4.76391480734041,8.04286142146248,5.69002689750634
229,328,5.65599663663717,3.51569813565955,6.24958763790904,4.01477558693887
348,429,7.31042693758087,2.96063523110821,6.34400336336283,3.51569813565955
217,236,0.308754951111306,1.65439566945434,0.796169671537157,1.94538531444691
100,223,4.85959770913099,1.42823106821523,4.16827897740438,1.67397533164637
331,345,11.4538247516229,2.67257402496611,10.76883653436,3.08876881058811
13,395,6.85714285714286,0,7.37094004147363,0.165338437673605
159,242,5.96530968576037,1.51604936513905,5.40590171976155,1.87049691243723
124,168,0.528962660603018,2.31521693332983,1.59315726950276,2.23535354479361
27,454,12,2.85714285714286,11.771082060632,3.06750263702552
117,140,5.69066421540816,0.776273211937836,5.22044980399537,0.886096610779047
300,423,7.14040229086901,1.42823106821523,7.83172102259562,1.67397533164637
199,211,2.77921324689221,6.63928215995594,2.60620547143746,5.76098392892567
19,291,10.2857142857143,0,10.8024845747204,0.0990781852472477
160,249,5.11067111719864,0.320782304162866,5.52204546591581,0.269819512662969
132,174,3.49326184252091,3.30362028859581,3.09237788602504,4.43001948605566
355,366,10.2277018587848,0.608676253708742,10.6562257925885,0.610282167347066
285,466,9.63367852738716,1.78029760049141,9.99175360398993,1.8736821370485
168,236,1.59315726950276,2.23535354479361,0.796169671537157,1.94538531444691
324,436,11.471037339397,2.31521693332983,11.2038303284628,1.94538531444691
407,483,7.49057457269638,0.603809594128677,7.13379547087793,0.567372224519249
122,132,4.34570470314769,2.71191696020557,3.49326184252091,3.30362028859581
355,435,10.2277018587848,0.608676253708742,10.0005399678102,0.848158045663335
360,449,6.88932888280136,0.320782304162866,6.47795453408419,0.269819512662969
117,317,5.69066421540816,0.776273211937836,6.30933578459184,0.776273211937836
155,166,1.77229814121515,0.608676253708742,1.34377420741146,0.610282167347066
355,482,10.2277018587848,0.608676253708742,9.70477563516579,0.496747534964929
207,283,4.50942542730362,0.603809594128677,4.86620452912207,0.567372224519249
340,402,6.77955019600463,0.886096610779047,7.24251697569041,0.996743495081737
324,368,11.471037339397,2.31521693332983,10.4068427304972,2.23535354479361
97,209,3.60462330501353,2.24704053569076,3.49087341834737,1.91632187649703
300,356,7.14040229086901,1.42823106821523,6.57200783509055,1.49392018500187
399,411,9.22078675310779,6.63928215995594,9.39379452856254,5.76098392892567
80,254,-0,2.85714285714286,0.22891793936804,3.06750263702552
359,442,6.03469031423963,1.51604936513905,6.59409828023845,1.87049691243723
140,202,5.22044980399537,0.886096610779047,4.75748302430959,0.996743495081737
97,122,3.60462330501353,2.24704053569076,4.34570470314769,2.71191696020557
381,474,9.14230238245853,2.4312137489269,9.43312470695069,2.2414490979148
314,381,9.60200468272595,2.94321846240428,9.14230238245853,2.4312137489269
250,268,1.52264069734688,1.24702357392219,0.671439899265687,1.55503722651157
356,467,6.57200783509055,1.49392018500187,6.9298260012508,1.17958372767808
450,468,10.4773593026531,1.24702357392219,11.3285601007343,1.55503722651157
202,267,4.75748302430959,0.996743495081737,5.0701739987492,1.17958372767808
85,162,2.36632147261284,1.78029760049141,3.245105944028,1.67674202999072
402,467,7.24251697569041,0.996743495081737,6.9298260012508,1.17958372767808
381,409,9.14230238245853,2.4312137489269,8.50912658165263,1.91632187649703
155,282,1.77229814121515,0.608676253708742,2.29522436483421,0.496747534964929
450,457,10.4773593026531,1.24702357392219,11.3608418761115,1.1979531214469
156,267,5.42799216490945,1.49392018500187,5.0701739987492,1.17958372767808
250,257,1.52264069734688,1.24702357392219,0.639158123888489,1.1979531214469
416,479,11.4285668480669,5.53731630018133,11.22141320303,5.00151515298734
426,452,9.76167858453544,3.79968518067042,10.4161364496268,4.64475564241244
4,91,1.71428571428571,-0,1.19751542527961,0.0990781852472477
338,356,6.04701255921791,1.01705483054389,6.57200783509055,1.49392018500187
354,457,11.7906220520135,1.21061626643531,11.3608418761115,1.1979531214469
314,480,9.60200468272595,2.94321846240428,9.87499232998768,3.46107074123201
216,279,0.571433151933145,5.53731630018133,0.778586796969986,5.00151515298734
452,479,10.4161364496268,4.64475564241244,11.22141320303,5.00151515298734
156,159,5.42799216490945,1.49392018500187,5.96530968576037,1.51604936513905
93,141,1.5777764486842,0.892746870317447,0.836964556947919,0.887862783041069
392,468,10.6754082651433,1.86157985852548,11.3285601007343,1.55503722651157
136,242,4.89429112478904,2.44946262324527,5.40590171976155,1.87049691243723
108,136,5.43040560219612,2.8052112537478,4.89429112478904,2.44946262324527
362,423,8.754894055972,1.67674202999072,7.83172102259562,1.67397533164637
181,274,2.85769761754147,2.4312137489269,2.5668752930493,2.2414490979148
293,341,10.4222235513158,0.892746870317447,11.1630354430521,0.887862783041069
90,271,2.09584035728528,1.15326384696943,2.81929174185364,1.09129471942565
162,223,3.245105944028,1.67674202999072,4.16827897740438,1.67397533164637
356,359,6.57200783509055,1.49392018500187,6.03469031423963,1.51604936513905
154,257,0.209377947986453,1.21061626643531,0.639158123888489,1.1979531214469
285,362,9.63367852738716,1.78029760049141,8.754894055972,1.67674202999072
114,280,2.39799531727405,2.94321846240428,2.12500767001232,3.46107074123201
114,181,2.39799531727405,2.94321846240428,2.85769761754147,2.4312137489269
285,431,9.63367852738716,1.78029760049141,9.03941744124119,1.39288970337432
155,235,1.77229814121515,0.608676253708742,1.9994600321898,0.848158045663335
336,442,7.10570887521096,2.44946262324527,6.59409828023845,1.87049691243723
450,466,10.4773593026531,1.24702357392219,9.99175360398993,1.8736821370485
217,257,0.308754951111306,1.65439566945434,0.639158123888489,1.1979531214469
308,336,6.56959439780388,2.8052112537478,7.10570887521096,2.44946262324527
90,250,2.09584035728528,1.15326384696943,1.52264069734688,1.24702357392219
358,428,8.09000475572078,1.84997411771252,7.43621768761836,2.42440827481239
100,242,4.85959770913099,1.42823106821523,5.40590171976155,1.87049691243723
192,268,1.32459173485671,1.86157985852548,0.671439899265687,1.55503722651157
160,283,5.11067111719864,0.320782304162866,4.86620452912207,0.567372224519249
358,362,8.09000475572078,1.84997411771252,8.754894055972,1.67674202999072
160,195,5.11067111719864,0.320782304162866,4.62905995852637,0.165338437673605
158,228,3.90999524427922,1.84997411771252,4.56378231238164,2.42440827481239
466,474,9.99175360398993,1.8736821370485,9.43312470695069,2.2414490979148
395,424,7.37094004147363,0.165338437673605,8.02270380283761,0.358107127060865
300,442,7.14040229086901,1.42823106821523,6.59409828023845,1.87049691243723
94,254,0.582410864653956,3.50752642507232,0.22891793936804,3.06750263702552
131,168,0.546175248377142,2.67257402496611,1.59315726950276,2.23535354479361
23,477,12,0.571428571428571,11.5169898156444,0.393409414162507
12,317,6.28571428571429,0,6.30933578459184,0.776273211937836
290,471,9.90415964271472,1.15326384696943,9.18070825814636,1.09129471942565
85,266,2.36632147261284,1.78029760049141,2.00824639601007,1.8736821370485
115,166,0.789532784835684,0.435373315815196,1.34377420741146,0.610282167347066
290,450,9.90415964271472,1.15326384696943,10.4773593026531,1.24702357392219
85,231,2.36632147261284,1.78029760049141,2.96058255875881,1.39288970337432
362,474,8.754894055972,1.67674202999072,9.43312470695069,2.2414490979148
138,359,5.95298744078209,1.01705483054389,6.03469031423963,1.51604936513905
290,293,9.90415964271472,1.15326384696943,10.4222235513158,0.892746870317447
82,154,-0,1.71428571428571,0.209377947986453,1.21061626643531
152,359,5.58219021675352,2.32095726639506,6.03469031423963,1.51604936513905
88,196,3.85385551426594,3.59818738489396,4.34521181681967,3.9196702307796
325,374,9.07734879076192,3.36295776410732,8.90762211397496,4.43001948605566
87,196,4.57493858286985,4.62801046785345,4.34521181681967,3.9196702307796
88,122,3.85385551426594,3.59818738489396,4.34570470314769,2.71191696020557
316,374,8.46711007195172,4.76391480734041,8.90762211397496,4.43001948605566
266,274,2.00824639601007,1.8736821370485,2.5668752930493,2.2414490979148
325,414,9.07734879076192,3.36295776410732,8.7684847549371,2.97366642253498
315,366,11.2104672151643,0.435373315815196,10.6562257925885,0.610282167347066
141,166,0.836964556947919,0.887862783041069,1.34377420741146,0.610282167347066
297,414,8.39537669498647,2.24704053569076,8.7684847549371,2.97366642253498
250,266,1.52264069734688,1.24702357392219,2.00824639601007,1.8736821370485
291,315,10.8024845747204,0.0990781852472477,11.2104672151643,0.435373315815196
122,228,4.34570470314769,2.71191696020557,4.56378231238164,2.42440827481239
297,358,8.39537669498647,2.24704053569076,8.09000475572078,1.84997411771252
162,181,3.245105944028,1.67674202999072,2.85769761754147,2.4312137489269
23,354,12,0.571428571428571,11.7906220520135,1.21061626643531
360,483,6.88932888280136,0.320782304162866,7.13379547087793,0.567372224519249
141,154,0.836964556947919,0.887862783041069,0.209377947986453,1.21061626643531
360,395,6.88932888280136,0.320782304162866,7.37094004147363,0.165338437673605
25,354,12,1.71428571428571,11.7906220520135,1.21061626643531
140,283,5.22044980399537,0.886096610779047,4.86620452912207,0.567372224519249
19,366,10.2857142857143,0,10.6562257925885,0.610282167347066
141,277,0.836964556947919,0.887862783041069,0.483010184355556,0.393409414162507
294,454,11.417589135346,3.50752642507232,11.771082060632,3.06750263702552
317,356,6.30933578459184,0.776273211937836,6.57200783509055,1.49392018500187
445,474,10.0645516800281,2.91806819892752,9.43312470695069,2.2414490979148
4,166,1.71428571428571,-0,1.34377420741146,0.610282167347066
341,450,11.1630354430521,0.887862783041069,10.4773593026531,1.24702357392219
183,271,3.37858561899935,0.554396889073937,2.81929174185364,1.09129471942565
81,131,-0,2.28571428571429,0.546175248377142,2.67257402496611
383,471,8.62141438100065,0.554396889073937,9.18070825814636,1.09129471942565
341,366,11.1630354430521,0.887862783041069,10.6562257925885,0.610282167347066
91,115,1.19751542527961,0.0990781852472477,0.789532784835684,0.435373315815196
152,347,5.58219021675352,2.32095726639506,6.02905207095241,2.97376894109616
229,347,5.65599663663717,3.51569813565955,6.02905207095241,2.97376894109616
341,354,11.1630354430521,0.887862783041069,11.7906220520135,1.21061626643531
127,282,2.71903444757071,0.425133707825963,2.29522436483421,0.496747534964929
81,217,-0,2.28571428571429,0.308754951111306,1.65439566945434
402,423,7.24251697569041,0.996743495081737,7.83172102259562,1.67397533164637
341,477,11.1630354430521,0.887862783041069,11.5169898156444,0.393409414162507
241,252,2.14134480213539,5.41400900515427,1.58386355037322,4.64475564241244
327,482,9.28096555242929,0.425133707825963,9.70477563516579,0.496747534964929
195,224,4.62905995852637,0.165338437673605,3.97729619716239,0.358107127060865
285,290,9.63367852738716,1.78029760049141,9.90415964271472,1.15326384696943
211,241,2.60620547143746,5.76098392892567,2.14134480213539,5.41400900515427
402,483,7.24251697569041,0.996743495081737,7.13379547087793,0.567372224519249
331,368,11.4538247516229,2.67257402496611,10.4068427304972,2.23535354479361
207,224,4.50942542730362,0.603809594128677,3.97729619716239,0.358107127060865
100,228,4.85959770913099,1.42823106821523,4.56378231238164,2.42440827481239
348,369,7.31042693758087,2.96063523110821,6.70743310873509,3.83618205752139
158,162,3.90999524427922,1.84997411771252,3.245105944028,1.67674202999072
202,223,4.75748302430959,0.996743495081737,4.16827897740438,1.67397533164637
202,207,4.75748302430959,0.996743495081737,4.50942542730362,0.603809594128677
26,331,12,2.28571428571429,11.4538247516229,2.67257402496611
90,93,2.09584035728528,1.15326384696943,1.5777764486842,0.892746870317447
245,274,1.93544831997193,2.91806819892752,2.5668752930493,2.2414490979148
26,417,12,2.28571428571429,11.6912450488887,1.65439566945434
140,249,5.22044980399537,0.886096610779047,5.52204546591581,0.269819512662969
141,250,0.836964556947919,0.887862783041069,1.52264069734688,1.24702357392219
162,274,3.245105944028,1.67674202999072,2.5668752930493,2.2414490979148
348,428,7.31042693758087,2.96063523110821,7.43621768761836,2.42440827481239
300,428,7.14040229086901,1.42823106821523,7.43621768761836,2.42440827481239
231,271,2.96058255875881,1.39288970337432,2.81929174185364,1.09129471942565
407,424,7.49057457269638,0.603809594128677,8.02270380283761,0.358107127060865
183,224,3.37858561899935,0.554396889073937,3.97729619716239,0.358107127060865
271,282,2.81929174185364,1.09129471942565,2.29522436483421,0.496747534964929
290,482,9.90415964271472,1.15326384696943,9.70477563516579,0.496747534964929
22,477,12,0,11.5169898156444,0.393409414162507
7,224,3.42857142857143,-0,3.97729619716239,0.358107127060865
169,229,5.29256689126491,3.83618205752139,5.65599663663717,3.51569813565955
140,156,5.22044980399537,0.886096610779047,5.42799216490945,1.49392018500187
20,315,10.8571428571429,0,11.2104672151643,0.435373315815196
154,277,0.209377947986453,1.21061626643531,0.483010184355556,0.393409414162507
383,431,8.62141438100065,0.554396889073937,9.03941744124119,1.39288970337432
95,230,4.88886456398651,8.01904699911914,4.72379392227627,7.64346202328107
18,327,9.71428571428571,0,9.28096555242929,0.425133707825963
90,282,2.09584035728528,1.15326384696943,2.29522436483421,0.496747534964929
383,424,8.62141438100065,0.554396889073937,8.02270380283761,0.358107127060865
162,183,3.245105944028,1.67674202999072,3.37858561899935,0.554396889073937
11,249,5.71428571428571,-0,5.52204546591581,0.269819512662969
16,424,8.57142857142857,0,8.02270380283761,0.358107127060865
1,277,0,0,0.483010184355556,0.393409414162507
13,449,6.85714285714286,0,6.47795453408419,0.269819512662969
8,195,4,-0,4.62905995852637,0.165338437673605
417,457,11.6912450488887,1.65439566945434,11.3608418761115,1.1979531214469
340,449,6.77955019600463,0.886096610779047,6.47795453408419,0.269819512662969
15,395,8,0,7.37094004147363,0.165338437673605
85,90,2.36632147261284,1.78029760049141,2.09584035728528,1.15326384696943
407,423,7.49057457269638,0.603809594128677,7.83172102259562,1.67397533164637
19,482,10.2857142857143,0,9.70477563516579,0.496747534964929
125,214,2.92265120923808,3.36295776410732,3.2315152450629,2.97366642253498
4,282,1.71428571428571,-0,2.29522436483421,0.496747534964929
383,423,8.62141438100065,0.554396889073937,7.83172102259562,1.67397533164637
117,338,5.69066421540816,0.776273211937836,6.04701255921791,1.01705483054389
3,115,1.14285714285714,-0,0.789532784835684,0.435373315815196
12,117,6.28571428571429,0,5.69066421540816,0.776273211937836
6,127,2.85714285714286,-0,2.71903444757071,0.425133707825963
17,383,9.14285714285714,0,8.62141438100065,0.554396889073937
98,148,4.50879672720174,3.21819907464774,4.68957306241913,2.96063523110821
295,430,7.11113543601349,8.01904699911914,7.27620607772373,7.64346202328107
168,245,1.59315726950276,2.23535354479361,1.93544831997193,2.91806819892752
471,482,9.18070825814636,1.09129471942565,9.70477563516579,0.496747534964929
183,223,3.37858561899935,0.554396889073937,4.16827897740438,1.67397533164637
298,322,7.49120327279826,3.21819907464774,7.65429529685231,2.71191696020557
11,117,5.71428571428571,-0,5.69066421540816,0.776273211937836
6,183,2.85714285714286,-0,3.37858561899935,0.554396889073937
368,445,10.4068427304972,2.23535354479361,10.0645516800281,2.91806819892752
93,250,1.5777764486842,0.892746870317447,1.52264069734688,1.24702357392219
158,223,3.90999524427922,1.84997411771252,4.16827897740438,1.67397533164637
9,195,4.57142857142857,-0,4.62905995852637,0.165338437673605
293,450,10.4222235513158,0.892746870317447,10.4773593026531,1.24702357392219
14,395,7.42857142857143,0,7.37094004147363,0.165338437673605
124,131,0.528962660603018,2.31521693332983,0.546175248377142,2.67257402496611
0,0,0,0,0,0
0,0,0,0,0,0
0,0,0,0,0,0
0,0,0,0,0,0
0,0,0,0,0,0
0,0,0,0,0,0
0,0,0,0,0,0
0,0,0,0,0,0
0,0,0,0,0,0
0,0,0,0,0,0
0,0,0,0,0,0
0,0,0,0,0,0
0,0,0,0,0,0
0,0,0,0,0,0
0,0,0,0,0,0
0,0,0,0,0,0
0,0,0,0,0,0
0,0,0,0,0,0
0,0,0,0,0,0
0,0,0,0,0,0
0,0,0,0,0,0
0,0,0,0,0,0
0,0,0,0,0,0
0,0,0,0,0,0
0,0,0,0,0,0
0,0,0,0,0,0
0,0,0,0,0,0
0,0,0,0,0,0
0,0,0,0,0,0
0,0,0,0,0,0
0,0,0,0,0,0
0,0,0,0,0,0
0,0,0,0,0,0
0,0,0,0,0,0
0,0,0,0,0,0
0,0,0,0,0,0
0,0,0,0,0,0
0,0,0,0,0,0
0,0,0,0,0,0
0,0,0,0,0,0
0,0,0,0,0,0
0,0,0,0,0,0
0,0,0,0,0,0
0,0,0,0,0,0
0,0,0,0,0,0
0,0,0,0,0,0
0,0,0,0,0,0
0,0,0,0,0,0
0,0,0,0,0,0
0,0,0,0,0,0
0,0,0,0,0,0
0,0,0,0,0,0
0,0,0,0,0,0
0,0,0,0,0,0
0,0,0,0,0,0
0,0,0,0,0,0
0,0,0,0,0,0
0,0,0,0,0,0
0,0,0,0,0,0
0,0,0,0,0,0
0,0,0,0,0,0
0,0,0,0,0,0
0,0,0,0,0,0
0,0,0,0,0,0
0,0,0,0,0,0
0,0,0,0,0,0
0,0,0,0,0,0
0,0,0,0,0,0
0,0,0,0,0,0
0,0,0,0,0,0
0,0,0,0,0,0
0,0,0,0,0,0
0,0,0,0,0,0
0,0,0,0,0,0
0,0,0,0,0,0
0,0,0,0,0,0
0,0,0,0,0,0
0,0,0,0,0,0
0,0,0,0,0,0
0,0,0,0,0,0
0,0,0,0,0,0
0,0,0,0,0,0
0,0,0,0,0,0
0,0,0,0,0,0
0,0,0,0,0,0
0,0,0,0,0,0
0,0,0,0,0,0
0,0,0,0,0,0
0,0,0,0,0,0
0,0,0,0,0,0
0,0,0,0,0,0
0,0,0,0,0,0
0,0,0,0,0,0
0,0,0,0,0,0
0,0,0,0,0,0
0,0,0,0,0,0
0,0,0,0,0,0
0,0,0,0,0,0
0,0,0,0,0,0
0,0,0,0,0,0
0,0,0,0,0,0
0,0,0,0,0,0
0,0,0,0,0,0
0,0,0,0,0,0
0,0,0,0,0,0
0,0,0,0,0,0
0,0,0,0,0,0
0,0,0,0,0,0
0,0,0,0,0,0
0,0,0,0,0,0
0,0,0,0,0,0
0,0,0,0,0,0
0,0,0,0,0,0
0,0,0,0,0,0
0,0,0,0,0,0
0,0,0,0,0,0
0,0,0,0,0,0
0,0,0,0,0,0
0,0,0,0,0,0
0,0,0,0,0,0
0,0,0,0,0,0
0,0,0,0,0,0
0,0,0,0,0,0
0,0,0,0,0,0
0,0,0,0,0,0
0,0,0,0,0,0
0,0,0,0,0,0
0,0,0,0,0,0
0,0,0,0,0,0
0,0,0,0,0,0
0,0,0,0,0,0
0,0,0,0,0,0
0,0,0,0,0,0
0,0,0,0,0,0
0,0,0,0,0,0
0,0,0,0,0,0
0,0,0,0,0,0
0,0,0,0,0,0
0,0,0,0,0,0
0,0,0,0,0,0
0,0,0,0,0,0
0,0,0,0,0,0
0,0,0,0,0,0
0,0,0,0,0,0
0,0,0,0,0,0
0,0,0,0,0,0
0,0,0,0,0,0
0,0,0,0,0,0
0,0,0,0,0,0
0,0,0,0,0,0
0,0,0,0,0,0
0,0,0,0,0,0
0,0,0,0,0,0
0,0,0,0,0,0
0,0,0,0,0,0
0,0,0,0,0,0
0,0,0,0,0,0
0,0,0,0,0,0
0,0,0,0,0,0
0,0,0,0,0,0
0,0,0,0,0,0
0,0,0,0,0,0
0,0,0,0,0,0
0,0,0,0,0,0
0,0,0,0,0,0
0,0,0,0,0,0
0,0,0,0,0,0
0,0,0,0,0,0
0,0,0,0,0,0
0,0,0,0,0,0
0,0,0,0,0,0
0,0,0,0,0,0
0,0,0,0,0,0
0,0,0,0,0,0
0,0,0,0,0,0
0,0,0,0,0,0
0,0,0,0,0,0
0,0,0,0,0,0
0,0,0,0,0,0
0,0,0,0,0,0
0,0,0,0,0,0
0,0,0,0,0,0
0,0,0,0,0,0
0,0,0,0,0,0
0,0,0,0,0,0
0,0,0,0,0,0
0,0,0,0,0,0
0,0,0,0,0,0
0,0,0,0,0,0
0,0,0,0,0,0
0,0,0,0,0,0
0,0,0,0,0,0
0,0,0,0,0,0
0,0,0,0,0,0
0,0,0,0,0,0
0,0,0,0,0,0
0,0,0,0,0,0
0,0,0,0,0,0
0,0,0,0,0,0
0,0,0,0,0,0
0,0,0,0,0,0
0,0,0,0,0,0
0,0,0,0,0,0
0,0,0,0,0,0
0,0,0,0,0,0
0,0,0,0,0,0
0,0,0,0,0,0
0,0,0,0,0,0
0,0,0,0,0,0
0,0,0,0,0,0
0,0,0,0,0,0
0,0,0,0,0,0
0,0,0,0,0,0
0,0,0,0,0,0
0,0,0,0,0,0
0,0,0,0,0,0
0,0,0,0,0,0
0,0,0,0,0,0
0,0,0,0,0,0
0,0,0,0,0,0
0,0,0,0,0,0
0,0,0,0,0,0
0,0,0,0,0,0
0,0,0,0,0,0
0,0,0,0,0,0
0,0,0,0,0,0
0,0,0,0,0,0
0,0,0,0,0,0
0,0,0,0,0,0
0,0,0,0,0,0
0,0,0,0,0,0
0,0,0,0,0,0
0,0,0,0,0,0
0,0,0,0,0,0
0,0,0,0,0,0
0,0,0,0,0,0
0,0,0,0,0,0
0,0,0,0,0,0
0,0,0,0,0,0
0,0,0,0,0,0
0,0,0,0,0,0
0,0,0,0,0,0
0,0,0,0,0,0
0,0,0,0,0,0
0,0,0,0,0,0
0,0,0,0,0,0
0,0,0,0,0,0
0,0,0,0,0,0
0,0,0,0,0,0
0,0,0,0,0,0
0,0,0,0,0,0
0,0,0,0,0,0
0,0,0,0,0,0
0,0,0,0,0,0
0,0,0,0,0,0
0,0,0,0,0,0
0,0,0,0,0,0
0,0,0,0,0,0
0,0,0,0,0,0
0,0,0,0,0,0
0,0,0,0,0,0
0,0,0,0,0,0
0,0,0,0,0,0
0,0,0,0,0,0
0,0,0,0,0,0
0,0,0,0,0,0
0,0,0,0,0,0
0,0,0,0,0,0
0,0,0,0,0,0
0,0,0,0,0,0
0,0,0,0,0,0
0,0,0,0,0,0
0,0,0,0,0,0
0,0,0,0,0,0
0,0,0,0,0,0
0,0,0,0,0,0
0,0,0,0,0,0
0,0,0,0,0,0
0,0,0,0,0,0
0,0,0,0,0,0
0,0,0,0,0,0
0,0,0,0,0,0
0,0,0,0,0,0
0,0,0,0,0,0
0,0,0,0,0,0
0,0,0,0,0,0
0,0,0,0,0,0
0,0,0,0,0,0
0,0,0,0,0,0
0,0,0,0,0,0
0,0,0,0,0,0
0,0,0,0,0,0
0,0,0,0,0,0
0,0,0,0,0,0
0,0,0,0,0,0
0,0,0,0,0,0
0,0,0,0,0,0
0,0,0,0,0,0
0,0,0,0,0,0
0,0,0,0,0,0
0,0,0,0,0,0
0,0,0,0,0,0
0,0,0,0,0,0
0,0,0,0,0,0
0,0,0,0,0,0
0,0,0,0,0,0
0,0,0,0,0,0
0,0,0,0,0,0
0,0,0,0,0,0
0,0,0,0,0,0
0,0,0,0,0,0
0,0,0,0,0,0
0,0,0,0,0,0
0,0,0,0,0,0
0,0,0,0,0,0
0,0,0,0,0,0
0,0,0,0,0,0
0,0,0,0,0,0
0,0,0,0,0,0
0,0,0,0,0,0
0,0,0,0,0,0
0,0,0,0,0,0
0,0,0,0,0,0
0,0,0,0,0,0
0,0,0,0,0,0
0,0,0,0,0,0
0,0,0,0,0,0
0,0,0,0,0,0
0,0,0,0,0,0
0,0,0,0,0,0
0,0,0,0,0,0
0,0,0,0,0,0
0,0,0,0,0,0
0,0,0,0,0,0
0,0,0,0,0,0
0,0,0,0,0,0
0,0,0,0,0,0
0,0,0,0,0,0
0,0,0,0,0,0
0,0,0,0,0,0
0,0,0,0,0,0
0,0,0,0,0,0
0,0,0,0,0,0
0,0,0,0,0,0
0,0,0,0,0,0
0,0,0,0,0,0
0,0,0,0,0,0
0,0,0,0,0,0
0,0,0,0,0,0
0,0,0,0,0,0
0,0,0,0,0,0
0,0,0,0,0,0
0,0,0,0,0,0
0,0,0,0,0,0
0,0,0,0,0,0
0,0,0,0,0,0
0,0,0,0,0,0
0,0,0,0,0,0
0,0,0,0,0,0
0,0,0,0,0,0
0,0,0,0,0,0
0,0,0,0,0,0
0,0,0,0,0,0
0,0,0,0,0,0
0,0,0,0,0,0
0,0,0,0,0,0
0,0,0,0,0,0
0,0,0,0,0,0
0,0,0,0,0,0
0,0,0,0,0,0
0,0,0,0,0,0
0,0,0,0,0,0
0,0,0,0,0,0
0,0,0,0,0,0
0,0,0,0,0,0
0,0,0,0,0,0
0,0,0,0,0,0
0,0,0,0,0,0
