0 0
0.631578947368421 -0
1.26315789473684 -0
1.89473684210526 -0
2.52631578947368 -0
3.15789473684211 -0
3.78947368421053 -0
4.42105263157895 -0
5.05263157894737 -0
5.68421052631579 -0
6.31578947368421 0
6.94736842105263 0
7.57894736842105 0
8.21052631578947 0
8.8421052631579 0
9.47368421052632 0
10.1052631578947 0
10.7368421052632 0
11.3684210526316 0
12 0
12 0.631578947368421
12 1.26315789473684
12 1.89473684210526
12 2.52631578947368
12 3.15789473684211
12 3.78947368421053
12 4.42105263157895
12 5.05263157894737
12 5.68421052631579
12 6.31578947368421
12 6.94736842105263
12 7.57894736842105
12 8.21052631578947
12 8.8421052631579
12 9.47368421052632
12 10.1052631578947
12 10.7368421052632
12 11.3684210526316
12 12
11.3684210526316 12
10.7368421052632 12
10.1052631578947 12
9.47368421052632 12
8.8421052631579 12
8.21052631578947 12
7.57894736842105 12
6.94736842105263 12
6.31578947368421 12
5.68421052631579 12
5.05263157894737 12
4.42105263157895 12
3.78947368421053 12
3.15789473684211 12
2.52631578947368 12
1.89473684210526 12
1.26315789473684 12
0.631578947368421 12
0 12
0 11.3684210526316
0 10.7368421052632
0 10.1052631578947
0 9.47368421052632
0 8.8421052631579
0 8.21052631578947
0 7.57894736842105
0 6.94736842105263
0 6.31578947368421
-0 5.68421052631579
-0 5.05263157894737
-0 4.42105263157895
-0 3.78947368421053
-0 3.15789473684211
-0 2.52631578947368
-0 1.89473684210526
-0 1.26315789473684
-0 0.631578947368421
4.46853362441335 3.11777584302156
4.47300444676078 9.8486538920365
1.16318711549195 7.97952821998527
4.07791130086429 5.86087002284567
4.52987712733093 8.92411084865624
5.80065371972788 2.12077653763293
5.55303682069332 7.54574433138296
2.02524376511805 4.8919185327531
2.31496947911635 9.47457313343644
5.25041461716455 1.27331157611355
3.14492236322477 5.18057503361494
4.79863486633954 1.76995820815546
3.66144266824361 6.28463108860176
1.45379007641017 11.3158330976216
1.07988364078423 8.85095138828847
2.39762349042333 9.93346698137055
0.103601388741492 1.09404638602337
3.64820976561716 4.38502990086225
3.4520293262532 0.852442195497426
5.03483222897455 4.17233558597255
5.30539156229289 5.79679892266404
4.67615222256362 6.50302544027806
5.04092439779362 9.5193814111301
3.526328833888 9.66360817787468
0.464755340141003 5.55345171755845
1.3984789333 2.37155244909595
0.863178013477329 5.09532644218783
0.501214256228631 7.72870990175663
2.74587279930573 7.46304013596084
0.621324855597466 11.2005202513188
3.16420424033663 11.5701306031158
3.67094884699586 0.165453388913026
1.38472391310671 10.4720829927429
0.679353391863041 6.75330033078009
1.82962799451705 4.14348627445939
5.88589446578909 0.478526966780248
0.166019665714008 0.543986000088982
1.52647605913256 5.14185065147395
5.44590588047292 4.60885538282373
4.41788429809198 1.91860339497868
5.43555148567764 11.7475194879694
1.06086861043297 1.16956260955417
0.986931645406846 6.12198731034058
5.10403858669245 0.184462753689333
4.09366319547128 0.674808582783699
2.89831575484447 5.58275774278162
3.292959260717 9.11624446951848
0.239350430621768 11.3830719347593
1.54860442449575 3.63380929716415
5.07059376057207 6.44330179725258
2.27441368833913 2.67246088209419
4.6767101178132 6.99537122273652
3.70376495738271 10.446986985607
0.917945684139221 3.27353610458403
0.264165976919909 1.56543939358168
2.29483860102031 1.8174844173359
3.92976510071274 2.25481079276772
2.44075320141813 7.84235664640783
3.97637457073467 2.64346268213517
2.61670271051704 4.65785810780417
2.46703275627329 0.59026743376748
3.33289883127214 1.56903062224664
5.22855413158372 1.89850408923051
4.25223243550169 2.84672203035651
4.4506632568366 11.3915325896207
3.5915068990392 5.2130582285546
2.09177414364006 7.5529878916565
5.55951005639058 10.1253947123479
4.55754331008312 0.807226946766349
2.56522015207363 0.952199123595101
5.05171772291823 9.99991610450083
5.5182666328405 3.94962351268283
4.11287212401485 1.46032300846215
0.243995661842165 6.79506168289208
3.72753474248323 1.66600570806904
4.64928580015803 4.71145672081039
3.37871242831307 6.7976682032815
0.657501756847578 1.6703925626711
5.05141871513512 0.826166498491401
2.96179891483618 2.45714501356272
3.46083611423014 8.15480763027061
1.907793195007 0.479401002281992
2.61108170320124 11.8744919415563
3.41123496142983 3.12107497004006
1.42182759121503 1.14737917799373
1.47483004817517 0.208258826032289
5.04463087784883 5.55429517317959
3.59091352110959 2.06272589079525
0.266088579046909 9.27411719071824
4.45200560124571 2.47470224396243
2.64943706553307 6.49049734777947
3.75818070355261 6.80192672760957
0.729614185180259 10.4660524452269
2.20798358065572 4.35330488861663
5.08793105117741 11.4607021732682
4.66639582411397 4.28704252724443
3.86031510860673 1.06071647087214
1.90839792199502 3.39235867656005
2.1279339623229 11.6306288085401
1.43218982306662 0.680548927513655
0.230997693492503 10.7607629490661
0.76455180613166 2.9019954183783
2.83016164128791 1.91761096843464
5.1945899312695 2.53125622376889
0.906431723533052 3.69476098370922
3.95513752207123 4.23148422395335
4.70519593249352 0.354945534704703
3.95191643706258 9.73336019398358
3.07246445299158 3.81159297024179
4.18197022993156 6.44387541234943
0.203810953566148 2.20860107437764
2.49525035001926 5.20970876162807
0.47361091961948 0.756639566433797
0.646793111416585 2.26701703435025
2.22683612165482 5.85169700009251
2.68305380893669 1.58617735086995
1.47031885969312 6.9618955629428
1.43752410047662 6.5709066721952
5.89522025102736 3.01667681279071
1.09619416968794 7.26937056918946
1.48579028124059 5.67073928158199
2.09508250323958 5.37174768422585
1.78026719767293 10.4053282205232
1.47938461589614 8.18190799070951
5.80920125956199 5.38369839277056
5.04937278273848 10.3698498237709
5.28661507244441 4.96243734542295
1.46589064031571 9.94809111753121
1.90560424312505 7.21243739482083
2.42112552971448 8.99665229646182
1.86622210533131 8.72528555547683
3.31900447724435 8.76075672065779
2.9960271670246 10.5503249122202
5.73014708353782 1.43112038571622
5.60021233318932 6.71647532394008
4.04597380687065 3.16901571998459
5.2565094576982 2.92116209174711
1.54094290392531 3.12395037851201
4.96134707251595 8.22146717689385
4.44675305725174 8.4122502974331
0.601363102728845 3.53838867851111
4.09508089425473 8.69153952190362
1.69457021216125 2.58829266922578
1.95380864199079 1.96538109841309
2.86884003491636 2.88034785637335
2.41360018327702 3.28517172748731
0.158388640979231 9.6850088563806
1.15102942105475 5.49215192294908
2.8744185650164 3.41758998171364
5.80339829116883 9.39726263263321
5.83111805734131 7.87986092302184
1.06511222939398 0.770428475563588
2.95757128726658 9.65984070077313
0.195616567002056 4.43353144026977
0.891850061328342 11.4033808859368
0.429896702847624 5.11661345085652
5.62916424446908 2.5365922302796
1.18935193948889 9.52933160282542
4.80441057342423 8.57819590839881
5.43504168271424 0.805193289296393
0.215405244617313 7.32347646232828
0.344295090439455 10.1846742648281
7.53146637558665 3.11777584302156
7.52699555323922 9.8486538920365
10.8368128845081 7.97952821998527
7.92208869913571 5.86087002284567
7.47012287266907 8.92411084865624
6.19934628027212 2.12077653763293
6.44696317930668 7.54574433138296
9.97475623488195 4.8919185327531
9.68503052088365 9.47457313343644
6.74958538283545 1.27331157611355
8.85507763677523 5.18057503361494
7.20136513366046 1.76995820815546
8.33855733175639 6.28463108860176
10.5462099235898 11.3158330976216
10.9201163592158 8.85095138828847
9.60237650957667 9.93346698137055
11.8963986112585 1.09404638602337
8.35179023438284 4.38502990086225
8.5479706737468 0.852442195497426
6.96516777102545 4.17233558597255
6.69460843770711 5.79679892266404
7.32384777743638 6.50302544027806
6.95907560220638 9.5193814111301
8.473671166112 9.66360817787468
11.535244659859 5.55345171755845
10.6015210667 2.37155244909595
11.1368219865227 5.09532644218783
11.4987857437714 7.72870990175663
9.25412720069427 7.46304013596084
11.3786751444025 11.2005202513188
8.83579575966337 11.5701306031158
8.32905115300414 0.165453388913026
10.6152760868933 10.4720829927429
11.320646608137 6.75330033078009
10.1703720054829 4.14348627445939
6.11410553421091 0.478526966780248
11.833980334286 0.543986000088982
10.4735239408674 5.14185065147395
6.55409411952708 4.60885538282373
7.58211570190802 1.91860339497868
6.56444851432236 11.7475194879694
10.939131389567 1.16956260955417
11.0130683545932 6.12198731034058
6.89596141330755 0.184462753689333
7.90633680452872 0.674808582783699
9.10168424515553 5.58275774278162
8.70704073928301 9.11624446951848
11.7606495693782 11.3830719347593
10.4513955755043 3.63380929716415
6.92940623942793 6.44330179725258
9.72558631166087 2.67246088209419
7.3232898821868 6.99537122273652
8.29623504261729 10.446986985607
11.0820543158608 3.27353610458403
11.7358340230801 1.56543939358168
9.70516139897969 1.8174844173359
8.07023489928726 2.25481079276772
9.55924679858187 7.84235664640783
8.02362542926533 2.64346268213517
9.38329728948296 4.65785810780417
9.53296724372671 0.59026743376748
8.66710116872786 1.56903062224664
6.77144586841628 1.89850408923051
7.74776756449831 2.84672203035651
7.5493367431634 11.3915325896207
8.4084931009608 5.2130582285546
9.90822585635994 7.5529878916565
6.44048994360942 10.1253947123479
7.44245668991688 0.807226946766349
9.43477984792637 0.952199123595101
6.94828227708177 9.99991610450083
6.4817333671595 3.94962351268283
7.88712787598515 1.46032300846215
11.7560043381578 6.79506168289208
8.27246525751677 1.66600570806904
7.35071419984197 4.71145672081039
8.62128757168693 6.7976682032815
11.3424982431524 1.6703925626711
6.94858128486488 0.826166498491401
9.03820108516382 2.45714501356272
8.53916388576986 8.15480763027061
10.092206804993 0.479401002281992
9.38891829679876 11.8744919415563
8.58876503857017 3.12107497004006
10.578172408785 1.14737917799373
10.5251699518248 0.208258826032289
6.95536912215117 5.55429517317959
8.40908647889041 2.06272589079525
11.7339114209531 9.27411719071824
7.54799439875429 2.47470224396243
9.35056293446693 6.49049734777947
8.24181929644739 6.80192672760957
11.2703858148197 10.4660524452269
9.79201641934428 4.35330488861663
6.91206894882259 11.4607021732682
7.33360417588603 4.28704252724443
8.13968489139327 1.06071647087214
10.091602078005 3.39235867656005
9.8720660376771 11.6306288085401
10.5678101769334 0.680548927513655
11.7690023065075 10.7607629490661
11.2354481938683 2.9019954183783
9.16983835871209 1.91761096843464
6.8054100687305 2.53125622376889
11.0935682764669 3.69476098370922
8.04486247792877 4.23148422395335
7.29480406750648 0.354945534704703
8.04808356293742 9.73336019398358
8.92753554700842 3.81159297024179
7.81802977006844 6.44387541234943
11.7961890464339 2.20860107437764
9.50474964998074 5.20970876162807
11.5263890803805 0.756639566433797
11.3532068885834 2.26701703435025
9.77316387834518 5.85169700009251
9.31694619106331 1.58617735086995
10.5296811403069 6.9618955629428
10.5624758995234 6.5709066721952
6.10477974897264 3.01667681279071
10.9038058303121 7.26937056918946
10.5142097187594 5.67073928158199
9.90491749676042 5.37174768422585
10.2197328023271 10.4053282205232
10.5206153841039 8.18190799070951
6.19079874043801 5.38369839277056
6.95062721726152 10.3698498237709
6.71338492755559 4.96243734542295
10.5341093596843 9.94809111753121
10.094395756875 7.21243739482083
9.57887447028552 8.99665229646182
10.1337778946687 8.72528555547683
8.68099552275566 8.76075672065779
9.0039728329754 10.5503249122202
6.26985291646218 1.43112038571622
6.39978766681068 6.71647532394008
7.95402619312935 3.16901571998459
6.7434905423018 2.92116209174711
10.4590570960747 3.12395037851201
7.03865292748405 8.22146717689385
7.55324694274826 8.4122502974331
11.3986368972712 3.53838867851111
7.90491910574527 8.69153952190362
10.3054297878388 2.58829266922578
10.0461913580092 1.96538109841309
9.13115996508364 2.88034785637335
9.58639981672298 3.28517172748731
11.8416113590208 9.6850088563806
10.8489705789452 5.49215192294908
9.1255814349836 3.41758998171364
6.19660170883117 9.39726263263321
6.16888194265869 7.87986092302184
10.934887770606 0.770428475563588
9.04242871273342 9.65984070077313
11.8043834329979 4.43353144026977
11.1081499386717 11.4033808859368
11.5701032971524 5.11661345085652
6.37083575553092 2.5365922302796
10.8106480605111 9.52933160282542
7.19558942657577 8.57819590839881
6.56495831728576 0.805193289296393
11.7845947553827 7.32347646232828
11.6557049095605 10.1846742648281
