98.2395790135107,99.2172347283197,43.9823855389452,44.1520906256452,64.064803804141,5.6404958677686
98.2724047264201,99.1863326757277,43.9866973435241,44.1606379463077,64.0749518240931,5.63636363636364
98.4044711969403,99.1976072944264,44.0344140642968,44.2009076414521,64.1504715891132,5.63223140495868
98.4119469194473,99.2046930004857,44.0520457852715,44.222416808466,64.1611839158913,5.62809917355372
98.4235053839714,99.2154292816032,44.0738984014203,44.2624630432389,64.1772844627057,5.62396694214876
98.4366639964025,99.228052212802,44.1006475188959,44.3085885751782,64.1957406384791,5.6198347107438
98.440618501484,99.2319622721372,44.1095717684627,44.3152401857647,64.2013875004927,5.61570247933884
98.4549046452611,99.246353707344,44.1410859793289,44.3435569457454,64.2216737974615,5.61157024793388
98.4709845035295,99.2625141622632,44.1743644898728,44.3732514457665,64.2443991593936,5.60743801652893
98.4956319124575,99.2873382254299,44.2291015898891,44.4224334790952,64.2794397458017,5.60330578512397
98.5122331733774,99.3041140054519,44.2667606704775,44.4517350776515,64.3030920078414,5.59917355371901
98.52224123521,99.3140748132674,44.2877916790544,44.4747349248298,64.3172588423461,5.59504132231405
98.5389553310236,99.3308740083351,44.324797723443,44.5069731490445,64.3410011364465,5.59090909090909
98.5618347066095,99.3539096228291,44.3719128419624,44.5510681681096,64.3733054725626,5.58677685950413
98.5866927111453,99.3791489947138,44.4276632536079,44.5938478568014,64.4087037287219,5.58264462809917
98.5974208091293,99.3897091150692,44.453446960074,44.6221590225768,64.4240249775771,5.57851239669422
98.614342565909,99.4066961420851,44.4898953387938,44.679323550711,64.447983801108,5.57438016528926
98.6254160472721,99.4179042537332,44.5141568789824,44.7138770904036,64.4637053804737,5.5702479338843
98.6365454074303,99.4290191920274,44.537891461433,44.750580808313,64.4794576103277,5.56611570247934
98.6473102393023,99.4400728553013,44.5624027660267,44.7773162681324,64.4948094666468,5.56198347107438
98.6708255031997,99.4635443872884,44.611499343178,44.8494964669772,64.5279007952124,5.55785123966942
98.6942237179402,99.4870718110261,44.660187636445,44.9217449013703,64.5608464767799,5.55371900826446
98.7044208940789,99.4975468385966,44.6808745235155,44.946243504558,64.5752888784639,5.5495867768595
98.739689331822,99.5328408957329,44.7544239072018,45.0561992289617,64.6249396262495,5.54545454545455
98.7633671825927,99.5569661310576,44.8033050460401,45.1195478497761,64.6582940977479,5.54132231404959
98.7854296386982,99.5795693489742,44.8552391726152,45.1605534263378,64.6898015543955,5.53719008264463
98.793099291437,99.5867890846022,44.8735836241599,45.1734027140834,64.7008060074783,5.53305785123967
98.8049038197112,99.598380483475,44.898458838499,45.1927751311555,64.7174145558864,5.52892561983471
98.8475349869903,99.6418547159959,44.9888754222874,45.3075009766572,64.7772385648316,5.52479338842975
98.8610710362173,99.6546182220749,45.0164305031031,45.3302526355193,64.7962459679151,5.52066115702479
98.8967921413442,99.69071593505,45.0908752032109,45.4337064803323,64.8465570818474,5.51652892561984
98.9242789414945,99.7194463561659,45.1554193427662,45.4822611690209,64.8858592484348,5.51239669421488
98.946490994215,99.7403523596297,45.2073301641525,45.5192325955772,64.9176046062601,5.50826446280992
98.9739356861293,99.7691066647812,45.2709935875346,45.5629135949964,64.9568625340965,5.50413223140496
98.994405619966,99.7882435949192,45.3151867497471,45.5976673099192,64.9859108208147,5.5
99.0065610124957,99.8002796479747,45.3387489644915,45.6326780727082,65.002719486446,5.49586776859504
99.0497553821779,99.8448949329718,45.4281897114129,45.7301470238863,65.0633407807301,5.49173553719008
99.0785442313735,99.8729704924385,45.4936912848956,45.7821551589183,65.1044312926113,5.48760330578512
99.1072259684658,99.9023792326711,45.5582560832679,45.8281560221397,65.1453991384198,5.48347107438016
99.1411585148818,99.9355507611593,45.6391140998612,45.8973166583863,65.1935920848324,5.47933884297521
99.1607796649977,99.9549413750761,45.6709468591394,45.910325985207,65.2208604129596,5.47520661157025
99.1946858941306,99.9904949068766,45.7505947811702,45.9772713934457,65.2690161614861,5.47107438016529
99.2244030766945,100.01856123111,45.8152515482181,46.0279400482114,65.3108706109156,5.46694214876033
99.2607429558358,100.055853418749,45.8867219412164,46.1185937314514,65.3616056138947,5.46280991735537
99.2974917368298,100.092551696687,45.9636651660877,46.1942265214987,65.4127678612446,5.45867768595041
99.3088756811878,100.10358127618,45.9668348755671,46.2155766727046,65.4275215960148,5.45454545454545
99.3456394703312,100.141540281001,46.0436363569948,46.3016448308804,65.4789558031517,5.4504132231405
99.3725010178817,100.167419768386,46.1006523420729,46.3559087341545,65.5164804566057,5.44628099173554
99.3984883872502,100.193697183528,46.150581159049,46.4265218567848,65.5524680627532,5.44214876033058
99.419550252233,100.216109776276,46.196570402087,46.461464482745,65.5824373297881,5.43801652892562
99.4450369062681,100.240201612499,46.2462366585308,46.4996958221112,65.6177777817327,5.43388429752066
99.4711160956625,100.266290611518,46.2964772127731,46.5712989827611,65.6539802578575,5.4297520661157
99.5130740839615,100.310804721596,46.3852300703284,46.6441080836359,65.7131924437271,5.42561983471074
99.5555071793382,100.350615269721,46.475237758376,46.7127260536069,65.7730495633893,5.42148760330578
99.5827592989338,100.379085470659,46.5312361767792,46.7715059481796,65.8111038538916,5.41735537190083
99.5944607473861,100.390348135743,46.5350217264025,46.7903537654561,65.826214186804,5.41322314049587
99.6109948598296,100.406352984974,46.5673647745448,46.8217281135455,65.8489343019913,5.40909090909091
99.6416024453665,100.438704930021,46.6337564707929,46.8759216923086,65.8921394708706,5.40495867768595
99.6753096389207,100.470815692227,46.6894133619704,46.9304130715125,65.9379359477246,5.40082644628099
99.7012467399425,100.496802724982,46.7318151208564,46.9886075493743,65.972838574732,5.39669421487603
99.7546089007316,100.553434053829,46.843518153268,47.0812224700665,66.047884336476,5.39256198347107
99.7956737412086,100.591733446751,46.9342297267832,47.144781180444,66.1060791097627,5.38842975206612
99.8270903742687,100.622786074009,46.9958492193313,47.2167340382732,66.1493343042433,5.38429752066116
99.8682003083578,100.666467129687,47.0848292572177,47.2858028459044,66.2076130357902,5.3801652892562
99.9064374476948,100.701966727724,47.162339557363,47.34269523217,66.2609175129721,5.37603305785124
99.9417390466695,100.737611310246,47.2235635593531,47.4318729956578,66.3089098943081,5.37190082644628
99.9771840167618,100.773638282684,47.2855722299871,47.5215784873522,66.3571655022392,5.36776859504132
99.9907710100092,100.787209946181,47.2970528830016,47.5476543079669,66.3738925603219,5.36363636363636
100.007726295759,100.804631252445,47.3299726266848,47.5847410074405,66.3972921386175,5.3595041322314
100.032915085742,100.829961580114,47.3730600801011,47.6313052008255,66.4311192003793,5.35537190082645
100.062882370853,100.860885904536,47.4321491387819,47.6789688169129,66.4729464784873,5.35123966942149
100.089613119856,100.886358035331,47.4819410981215,47.7170417861705,66.5094141100653,5.34710743801653
100.103427738692,100.899997798505,47.4894676101148,47.7484705458933,66.5258004621213,5.34297520661157
100.15889591556,100.959208015868,47.6095965922121,47.8340995089021,66.6043152187646,5.33884297520661
100.19761965524,100.994955943869,47.687662933791,47.8948919397539,66.6584603681063,5.33471074380165
100.222991778643,101.019630438431,47.730618124933,47.9444920842532,66.6926225517435,5.33057851239669
100.270510321131,101.069148291436,47.8229668073915,48.0344459142497,66.757850844116,5.32644628099174
100.297493053798,101.094132998644,47.8726266954381,48.0746110858737,66.7946984720805,5.32231404958678
100.345009072522,101.143982502027,47.9634049666829,48.1709925440847,66.8600065978086,5.31818181818182
100.36297352938,101.159932822458,47.9922689975423,48.1906485517709,66.8837253097794,5.31404958677686
100.397388413972,101.194547260772,48.0345968632612,48.2724553685673,66.9288413283709,5.3099173553719
100.421621775748,101.218922273792,48.0734458924369,48.319417563536,66.9607088949058,5.30578512396694
100.450297962308,101.248088575859,48.1233972803972,48.3837229969257,66.9993207044458,5.30165289256198
100.483642088099,101.281746445065,48.1773932058803,48.4728109822098,67.043391217596,5.29752066115702
100.517459462379,101.315766970907,48.2287712848297,48.5568941406653,67.0874004501265,5.29338842975207
100.552740022692,101.351734207859,48.2667813747085,48.6402429982908,67.1329106560887,5.28925619834711
100.593975664635,101.395023270717,48.3446890887309,48.7068267125675,67.1892994821442,5.28512396694215
100.62436038165,101.423198699626,48.3909631856542,48.7555429355226,67.2297196071329,5.28099173553719
100.658461146532,101.459693675709,48.4429002460624,48.8041116950962,67.2766766073598,5.27685950413223
100.693528923539,101.492150308194,48.4819764371894,48.8498326890155,67.3232149655884,5.27272727272727
100.726186470387,101.526578412357,48.5433721370069,48.9029285913763,67.3678863393934,5.26859504132231
100.756831319028,101.555278867004,48.5999863087283,48.9487986193557,67.4096674176649,5.26446280991736
100.798549956029,101.599362482586,48.6776895273636,49.0195888137932,67.4667503843518,5.2603305785124
100.826512155382,101.625075024513,48.7282683629254,49.0588243766481,67.5047513372389,5.25619834710744
100.861746140114,101.66078815532,48.7849516801008,49.1197229682199,67.5513735243069,5.25206611570248
100.896198684591,101.695461231183,48.8412403285541,49.1922624355576,67.5968768936057,5.24793388429752
100.927148542612,101.726780701197,48.8841902151038,49.2285762165624,67.6370780545062,5.24380165289256
100.972496575915,101.77486550678,48.9676596980698,49.2866747862564,67.6992721953899,5.2396694214876
101.016081689272,101.815044312831,49.0461027255793,49.3512935713806,67.7586840507513,5.23553719008264
101.059328419811,101.861201798129,49.126987781603,49.4101207339899,67.818239536105,5.23140495867769
101.094718451767,101.893492906049,49.1896002403014,49.46202127306,67.8661608949947,5.22727272727273
101.12992981229,101.929040342631,49.2465453977859,49.5377031461947,67.9123522780482,5.22314049586777
101.158428063843,101.959015949028,49.2978421154071,49.5763724045526,67.951188750831,5.21900826446281
101.186376623711,101.985031394729,49.3487190179827,49.6211794907388,67.9890474885609,5.21487603305785
101.242173258938,102.041552196024,49.4177184917174,49.7089526890148,68.0587098899068,5.21074380165289
101.312767241017,102.114831055759,49.53686486024,49.8436288117446,68.1528102591437,5.20661157024793
101.329892519138,102.130248592636,49.56326987576,49.8665036987671,68.1751044288507,5.20247933884298
101.351234483633,102.15141109945,49.5951753282316,49.9034560637534,68.2024254671046,5.19834710743802
101.379613307117,102.181502472332,49.6454179308618,49.9403177492089,68.2407507954695,5.19421487603306
101.426833647498,102.228400617653,49.7306224005666,50.0024451914163,68.3052776985646,5.1900826446281
101.445983966475,102.245342758342,49.7616772578939,50.023164010287,68.3307180045686,5.18595041322314
101.518044227613,102.320096127465,49.882120141522,50.1721108308756,68.4261380520815,5.18181818181818
101.535240016546,102.335511660669,49.9089484586042,50.1930346795921,68.4486482367159,5.17768595041322
101.569904824778,102.370894288768,49.9515165817349,50.2531549326282,68.4919904666378,5.17355371900826
101.604192520877,102.404990152857,50.0060391163125,50.3243193542751,68.5370424125163,5.16942148760331
101.639339818478,102.441077910857,50.0484327455691,50.3934959258089,68.5803964568551,5.16528925619835
101.655631924017,102.456664599148,50.0719108566817,50.4166219287682,68.6012618335545,5.16115702479339
101.676056209586,102.477264259218,50.1028551425337,50.4554750134968,68.6277510647919,5.15702479338843
101.712594482455,102.5166952537,50.167608053708,50.5024283782713,68.6774211266735,5.15289256198347
101.729492188858,102.531044639461,50.1869560754553,50.4982514468322,68.6977932937462,5.14876033057851
101.746068941433,102.547058192115,50.2101708344718,50.5243312147842,68.7186665894207,5.14462809917355
101.76432992567,102.565527281063,50.237818924198,50.5587460776496,68.7422717345886,5.1404958677686
101.810138266884,102.614931049772,50.3200833647438,50.6204323334234,68.8044726319586,5.13636363636364
101.856303174475,102.657089674051,50.402196122289,50.6884106334257,68.8668438129336,5.13223140495868
101.87712463111,102.67828705049,50.4334460860417,50.7280344773107,68.8937287917299,5.12809917355372
101.947382656807,102.750002218894,50.5318100802073,50.856795071038,68.9831395284296,5.12396694214876
101.976476258137,102.779097609574,50.5716809602173,50.9087149607933,69.0198513090921,5.1198347107438
102.002594214023,102.805344856922,50.6105439091576,50.9576631807656,69.0533831980837,5.11570247933884
102.042869603225,102.848784779246,50.6704855158713,51.0118939927879,69.1059065253167,5.11157024793388
102.083717104915,102.886146540676,50.7263885804715,51.0709287018647,69.1582440775923,5.10743801652893
102.113405047672,102.916821843564,50.7660296833643,51.1152999401643,69.1957767565116,5.10330578512397
102.152933836524,102.958557736439,50.8334421544429,51.1703033836398,69.2486644894676,5.09917355371901
102.181661025571,102.983966012266,50.8804744204904,51.2018790333071,69.2866164184755,5.09504132231405
102.214752898625,103.018360217465,50.9197648462087,51.2639500532417,69.3268432831017,5.09090909090909
102.244445658244,103.04823109346,50.9609639663843,51.3123599062779,69.3636812768559,5.08677685950413
102.284027991711,103.089328874981,51.0291833843713,51.3619398742745,69.4169678414429,5.08264462809917
102.311380271726,103.113773381375,51.0730401569898,51.394408135795,69.452998180638,5.07851239669422
102.384447804609,103.188898073226,51.1684901302416,51.5121501754672,69.5443923615919,5.07438016528926
102.414381491004,103.218497737796,51.2101398503222,51.5549980672114,69.5817400610111,5.0702479338843
102.448657286598,103.252473685069,51.2463657213168,51.6187247926765,69.6223224991044,5.06611570247934
102.492406547328,103.297926384666,51.3064367247408,51.6945125084821,69.6770958049609,5.06198347107438
102.521898250499,103.327644116822,51.3541088408024,51.7331033239052,69.7157516336413,5.05785123966942
102.549344651281,103.354380127491,51.3988553684243,51.7648647894432,69.7520598964152,5.05371900826446
102.595648881713,103.401783959881,51.4715685395764,51.8322420996683,69.8120521944072,5.0495867768595
102.619616228817,103.424086862444,51.4993103434894,51.8438904013425,69.8413546589152,5.04545454545455
102.665344850657,103.472648554716,51.5748530739803,51.9048660142468,69.9016915369673,5.04132231404959
102.700874252936,103.50488465492,51.6304726493225,51.9544395438735,69.9478151726854,5.03719008264463
102.745351445554,103.550740156523,51.6926976018242,52.039151691159,70.0035996838611,5.03305785123967
102.782015334252,103.587173096061,51.7430548770211,52.1020646312514,70.04945718779,5.02892561983471
102.831042629954,103.636794530528,51.8120484006503,52.1874060240774,70.1111570161652,5.02479338842975
102.86789655112,103.674967894645,51.8643709000389,52.256347007764,70.1575152986203,5.02066115702479
102.918256139491,103.726441711354,51.9294394437493,52.3174022301221,70.2203103531205,5.01652892561984
102.93892053464,103.746387061739,51.9567807115851,52.3458831994737,70.2453971322934,5.01239669421488
103.003009987594,103.81316370545,52.0533424962289,52.4559049266859,70.3277620771684,5.00826446280992
103.044266189504,103.853260659369,52.1121783145697,52.5074581836772,70.3798820967521,5.00413223140496
103.080221300201,103.889317171726,52.1690061333316,52.5560101377247,70.4267812516389,5
103.145239324331,103.954325675008,52.2663647402654,52.6672356770315,70.50961867528,4.99586776859504
103.17210270475,103.980380099817,52.3032658423443,52.7068435088247,70.54299636588,4.99173553719008
103.21348187034,104.02536269014,52.3628510956259,52.7583921905701,70.5954615541254,4.98760330578512
103.263680724232,104.071646984885,52.4383213340738,52.8313259944051,70.6593411869491,4.98347107438016
103.319310984384,104.132318561655,52.5276693427301,52.8973896385421,70.7323184727736,4.97933884297521
103.375363758467,104.182099746281,52.6177587506952,52.9691589552661,70.8057186907434,4.97520661157025
103.4433136474,104.254435553045,52.7180744818058,53.0741030636156,70.8921201762986,4.97107438016529
103.474185775044,104.281916705116,52.75608461301,53.0991324413687,70.9288616291198,4.96694214876033
103.51569436217,104.324128389726,52.8131677452238,53.1700610385246,70.9804699096208,4.96280991735537
103.659638189429,104.365793121225,52.8739114671719,53.2303747974917,71.0678919482227,4.95867768595041
103.718534952685,104.417252350297,52.925622089746,53.2901647289623,71.1387157536078,4.95454545454545
103.746206412667,104.444907538438,52.9634881289861,53.3339020114507,71.1728832470604,4.9504132231405
103.799253029867,104.498499412468,53.030723916376,53.4124444528447,71.2369589253881,4.94628099173554
103.850314987374,104.553465190036,53.1082509054759,53.4794930232159,71.3023246443467,4.94214876033058
103.882096067999,104.580696064047,53.1425160112622,53.5043716281766,71.3390448054482,4.93801652892562
103.91472065154,104.614191020837,53.1874643505616,53.5538387633777,71.3796449486103,4.93388429752066
103.94762677375,104.647183514018,53.2327767104498,53.6063531486204,71.4203866041896,4.9297520661157
104.006279077893,104.710353954055,53.288666248165,53.6637868675093,71.4921656373322,4.92561983471074
104.070141412213,104.768605446252,53.3771291006495,53.7329701236586,71.5706632594712,4.92148760330578
104.092086581392,104.790733781808,53.4049539651751,53.7555114025619,71.5967646379648,4.91735537190083
104.140734854781,104.840161277916,53.4720175054994,53.8385391559023,71.6573121210309,4.91322314049587
104.179944359044,104.880314251205,53.5152795016666,53.8731357911198,71.70408510674,4.90909090909091
104.251451352332,104.954516219548,53.6199746892196,53.9862668558978,71.7942673616323,4.90495867768595
104.283060255079,104.982698677208,53.6548794758281,54.0075646571022,71.8313030488762,4.90082644628099
104.329655096556,105.030142487678,53.7093483805811,54.072130340378,71.8856448781107,4.89669421487603
104.377123916273,105.078923909203,53.7592274456109,54.1416257443712,71.9417546823702,4.89256198347107
104.424432002124,105.127595747194,53.810120425129,54.221368896462,71.9983264579012,4.88842975206612
104.474552143052,105.180359300412,53.8751898406554,54.2910085133306,72.0596440426033,4.88429752066116
104.520795875822,105.226941785476,53.932233931676,54.3628563800064,72.1149725989099,4.8801652892562
104.591056148747,105.298167129772,54.020018316525,54.4676385329834,72.1990502298351,4.87603305785124
104.667704631879,105.37773891421,54.0506077698584,54.6178241037822,72.2810527208565,4.87190082644628
104.743554438526,105.457115381816,54.1389236798603,54.7040192168277,72.3701546881755,4.86776859504132
104.776022404305,105.484008226512,54.1739982208615,54.729113043813,72.4077759570675,4.86363636363636
104.823156908101,105.531531849068,54.2307913172833,54.799863532563,72.4638831414849,4.8595041322314
104.898492201244,105.612404323977,54.3203362243988,54.887623299939,72.5529899594645,4.85537190082645
104.936140476178,105.644323459177,54.3598197194248,54.9074686148432,72.5941705692253,4.85123966942149
105.014484771895,105.727382977371,54.4667882958087,54.9958684525191,72.6911118847874,4.84710743801653
105.092096608291,105.797681278196,54.5741228463775,55.0778921270797,72.7877895045647,4.84297520661157
105.151601478242,105.858197296691,54.6102138197532,55.0867536479326,72.8514012709003,4.83884297520661
105.186518585626,105.894687712641,54.643163546062,55.1014777417557,72.8902493463649,4.83471074380165
105.211985902315,105.917111802239,54.6706435241647,55.1255030581223,72.9189775732695,4.83057851239669
105.273370920056,105.98032278776,54.7433978760318,55.2147057149952,72.9907806863504,4.82644628099174
105.335154597853,106.04402440232,54.8157001873749,55.302386180605,73.0628516504024,4.82231404958678
105.4170087962,106.127883004686,54.8305751340117,55.4683281009461,73.1478046707932,4.81818181818182
105.478373711655,106.191663753012,54.8974590504836,55.5544127716209,73.2183121328735,4.81404958677686
105.540029213728,106.254760930676,54.9655575350841,55.6427268684946,73.2894328842108,4.8099173553719
105.581749411637,106.300243562925,55.0149949912733,55.6848797351799,73.3387071671573,4.80578512396694
105.623880505689,106.33702455054,55.064932319528,55.7274589366744,73.3883006202003,4.80165289256198
105.709803837463,106.430451816036,55.1430967866682,55.8248113651326,73.4800060161974,4.79752066115702
105.760935847244,106.47374718846,55.2025217340767,55.8732253189974,73.5398882767517,4.79338842975207
105.800413439095,106.514676169168,55.2480061012231,55.9142183967461,73.5856416668727,4.78925619834711
105.826205155961,106.536658652194,55.2762425519041,55.9388865159334,73.6149315273292,4.78512396694215
105.877057793931,106.592298537942,55.3361938276651,55.9907279717106,73.6749576817771,4.78099173553719
105.910314845745,106.619467090321,55.3641924493554,56.0170361809165,73.710002560274,4.77685950413223
105.997862311455,106.713105536697,55.4451415822455,56.113415519807,73.8032410144674,4.77272727272727
106.036934171928,106.746100503957,55.4862929314871,56.1348413699262,73.8461368255859,4.76859504132231
106.076488662102,106.786352851996,55.5320501965478,56.1751470353458,73.8921689408872,4.76446280991736
106.105604174148,106.813060722148,55.5592956220289,56.1979346146148,73.9225797418237,4.7603305785124
106.135947637865,106.844947858263,55.5910177335469,56.2379772937127,73.9564094007888,4.75619834710744
106.223321939128,106.939909320839,55.6918843399452,56.3317203528662,74.0569780957127,4.75206611570248
106.270818908442,106.979337201907,55.7406411755242,56.3736364679478,74.1098082030557,4.74793388429752
106.299799948092,107.006648697658,55.7680340354353,56.3940897479077,74.1403798765085,4.74380165289256
106.38371284737,107.096684756057,55.8614576129157,56.4922498872271,74.2351967079287,4.7396694214876
106.417381902818,107.12415178717,55.8895737291506,56.5189066866131,74.2706691826996,4.73553719008264
106.475454689055,107.182882814865,55.9492405522238,56.5860925092178,74.3342026667811,4.73140495867769
106.563141280791,107.279821846376,56.0504012143466,56.6799302429954,74.4354294162402,4.72727272727273
106.626860060129,107.330025944614,56.1009286824683,56.7170439198095,74.5028559460128,4.72314049586777
106.711096970904,107.421421177178,56.1946852881622,56.8166670903388,74.5983294665485,4.71900826446281
106.76001692658,107.461898994585,56.2445370645491,56.8591318813069,74.6524972664637,4.71487603305785
106.815104490932,107.519269148505,56.2967664567193,56.9223628718922,74.7112425427014,4.71074380165289
106.870259909359,107.577035571601,56.349486589254,56.9876463356577,74.7703313453132,4.70661157024793
106.930800863032,107.642993101418,56.4132891767806,57.0626444973314,74.8375416620926,4.70247933884298
106.975593352874,107.684228197623,56.4608963734682,57.1039549712077,74.8876101940263,4.69834710743802
107.019935712541,107.729986308889,56.5082361492478,57.1482951006994,74.9373554956962,4.69421487603306
107.053050717315,107.762031480664,56.5374751221012,57.1878587780166,74.9717091621129,4.6900826446281
107.178631346882,107.892968464641,56.5882261114198,57.3620547019085,75.0910745002528,4.68595041322314
107.237302764163,107.957506985448,56.6144458069811,57.4259949420107,75.1455787245221,4.68181818181818
107.291266256695,108.004204694395,56.6674445820262,57.4736021695227,75.2043984189199,4.67768595041322
107.365373554065,108.083289444775,56.7443064206821,57.5457979126922,75.2854979911823,4.67355371900826
107.405451946057,108.116117220022,56.7800424018866,57.5751395771787,75.3258773880683,4.66942148760331
107.490819338338,108.205498764024,56.8406590479681,57.6377623521609,75.4088525247883,4.66528925619835
107.615847922004,108.340370360048,56.908722894215,57.7841554731071,75.5307097238809,4.66115702479339
107.670983116632,108.386563152804,56.9636216999088,57.8289348225196,75.5909282851383,4.65702479338843
107.731824672935,108.450100456238,56.9765956301514,57.9213440192515,75.6449040933065,4.65289256198347
107.805527255584,108.527349856273,57.0414975542899,57.9992525163831,75.7202008048662,4.64876033057851
107.848434500498,108.565444499288,57.0839193058165,58.0406362147348,75.7663604111611,4.64462809917355
107.884138571386,108.602463416734,57.109858727091,58.0730490939871,75.8012515650777,4.6404958677686
107.959554189107,108.68623809917,57.1855134498473,58.1510806469024,75.8829140852746,4.63636363636364
108.000973944759,108.717989986727,57.2225675115588,58.1777387834581,75.9244286444618,4.63223140495868
108.036946683094,108.755704189395,57.2479416052715,58.2094606924169,75.9593396851849,4.62809917355372
108.104698968045,108.829528639309,57.317576711903,58.2788295986044,76.0331328273772,4.62396694214876
108.154608419716,108.873111279307,57.3665652398929,58.3260055294609,76.0864190532548,4.6198347107438
108.206287750962,108.92716119178,57.4111202433852,58.3773060428708,76.1386444653358,4.61570247933884
108.274111123131,109.001113775308,57.4797331908876,58.4505511256018,76.2121625506006,4.61157024793388
108.318123236066,109.038553071544,57.5232887378005,58.4904790907605,76.2593543293647,4.60743801652893
108.35549871641,109.077561505233,57.5593638315432,58.5316410051558,76.2990416550482,4.60330578512397
108.40686832679,109.130923374223,57.6055737132569,58.5876050486853,76.3519054608655,4.59917355371901
108.477780398423,109.208684632994,57.6680606188846,58.6615881409539,76.4252533120691,4.59504132231405
108.544887720804,109.272194486771,57.7242338548816,58.6967693390303,76.4973090963033,4.59090909090909
108.596306364738,109.318019620138,57.7743379189297,58.7400259856209,76.5517297743372,4.58677685950413
108.671860376544,109.398532046461,57.8396250152997,58.8253618169694,76.6287127419938,4.58264462809917
108.721691114364,109.443197769282,57.8868143044606,58.8731430472626,76.6810490801805,4.57851239669422
108.79298506951,109.522524858131,57.9494348818017,58.949155618275,76.7547289646661,4.57438016528926
108.840261735214,109.560723068933,57.9881556599146,58.9823539728475,76.801656626591,4.5702479338843
108.893642281672,109.61616753401,58.0390938558971,59.0408409257326,76.8583192308828,4.56611570247934
108.947415323653,109.67117413118,58.0904973875925,59.0987476697142,76.9153748508214,4.56198347107438
109.058932756601,109.788583409112,58.1656266700794,59.2038108641637,77.0231632541809,4.55785123966942
109.135103314317,109.87576467821,58.2230236765361,59.2386938565298,77.0987460007059,4.55371900826446
109.209562320329,109.935159668456,58.294682582722,59.2987060033753,77.1786354834678,4.5495867768595
109.32192621649,110.055017871281,58.3727733126131,59.4083939566601,77.2880953560111,4.54545454545455
109.383221800617,110.120274984839,58.3667496078027,59.3736029945183,77.342164818606,4.54132231404959
109.460332147326,110.201163773627,58.4275084561816,59.4045176999115,77.4189945590454,4.53719008264463
109.508095734727,110.237265901922,58.4665883353226,59.4381832531032,77.4665130029801,4.53305785123967
109.603492702968,110.342432733494,58.5223280809365,59.5083297876813,77.5526323708967,4.52892561983471
109.654532742288,110.389384920631,58.5705325073657,59.5579617892796,77.6064225894507,4.52479338842975
109.731286945873,110.475333210357,58.6322117695305,59.619498144177,77.6837755634252,4.52066115702479
109.789058030169,110.526389844853,58.6569528199629,59.6634421525745,77.7343173100372,4.51652892561984
109.863020362127,110.603478140189,58.7094786128655,59.7210566747338,77.8033545388092,4.51239669421488
109.938273016322,110.686277389307,58.782852099811,59.7826019001211,77.884703536944,4.50826446280992
110.011998348854,110.746073132424,58.8454613651403,59.8419066384868,77.9592216865407,4.50413223140496
110.12765230586,110.877390842205,58.9126280782767,59.8666633904629,78.071871799515,4.5
110.140141441578,110.874416144737,58.9197573448981,59.874758972506,78.0810667524545,4.49586776859504
110.199748643851,110.933365339609,58.9645950472687,59.9328670409713,78.1378295778657,4.49173553719008
110.277886532119,111.01691986347,59.0391620724582,60.0111027617892,78.2197576036422,4.48760330578512
110.331287955302,111.064909862981,59.0843106488901,60.0542132205649,78.2740772994027,4.48347107438016
110.410012123781,111.15368199243,59.1583246707667,60.1282640218399,78.3563926491087,4.47933884297521
110.468792762448,111.202927108658,59.1857097387231,60.1743754842779,78.4086160885846,4.47520661157025
110.536804105595,111.275460862076,59.2473496811353,60.2427349382377,78.4785662545652,4.47107438016529
110.604638896969,111.342683989743,59.3089497451394,60.3071670347403,78.5485641023589,4.46694214876033
110.666317194085,111.407710918323,59.3516649538122,60.3694776674344,78.605265200477,4.46280991735537
110.721475175761,111.461596091889,59.4013590528646,60.4135873870446,78.6622880181979,4.45867768595041
110.771375484427,111.508197827221,59.4350093522749,60.4540501463019,78.7072291543034,4.45454545454545
110.864561485712,111.607615837402,59.5153676160501,60.5366483713465,78.8012402701155,4.4504132231405
110.919382615584,111.657100684608,59.5537524630135,60.5749281007783,78.8544982130001,4.44628099173554
110.994819130201,111.733731632951,59.6182783165443,60.6320192374628,78.9312277447929,4.44214876033058
111.05090317875,111.778845434801,59.66890892791,60.6797039956239,78.9890954832019,4.43801652892562
111.14934365197,111.889384381653,59.7598175601265,60.7713868340608,79.0913549264058,4.43388429752066
111.226559475396,111.953184059122,59.8239721242784,60.8282559935012,79.168834328972,4.4297520661157
111.302085423008,112.03256316311,59.8910038021392,60.8996264606504,79.2458598498096,4.42561983471074
111.377898387721,112.108387614931,59.9585205369081,60.9752971082319,79.3231464824934,4.42148760330578
111.45438414525,112.190442382474,60.0238361635301,61.02979282157,79.4010090616145,4.41735537190083
111.524976784912,112.247816019108,60.0007971335269,61.0342540431954,79.4551025902257,4.41322314049587
111.622142013965,112.355788104457,60.0747754364064,61.0600872557555,79.547707660446,4.40909090909091
111.678339828279,112.387836823352,60.1047157832723,61.0777900256866,79.5927840994996,4.40495867768595
111.771964820258,112.489023790598,60.1813986962272,61.1624649548108,79.6854478225007,4.40082644628099
111.820819013063,112.528462042556,60.2227601444582,61.2021212264319,79.7341584386277,4.39669421487603
111.921111746559,112.641739316134,60.3164436269745,61.3019461397412,79.838564528561,4.39256198347107
111.992026755967,112.698082655532,60.2952174667097,61.3132590045724,79.89301679378,4.38842975206612
112.089295714724,112.808115878151,60.3774777150335,61.3203947006099,79.9870153784874,4.38429752066116
112.14526142189,112.835205107243,60.4080427683215,61.3359689635839,80.0326455835982,4.3801652892562
112.196129584188,112.889797594368,60.4495492548705,61.3857569344924,80.0823023207476,4.37603305785124
112.290699466548,112.996774162862,60.5275391836411,61.4772172905193,80.1761818514579,4.37190082644628
112.340027117757,113.03533677132,60.5690851118327,61.5146049091208,80.2254388346512,4.36776859504132
112.391324708281,113.089604675945,60.6108435522473,61.5646516805622,80.2753992148,4.36363636363636
112.476806271486,113.190116403636,60.6701452415828,61.6017447458764,80.3584393314533,4.3595041322314
112.540971567774,113.227847308591,60.7096503747624,61.6373791608287,80.4115797439735,4.35537190082645
112.661320258764,113.365182975285,60.7695054258314,61.643285481487,80.5193956680955,4.35123966942149
112.727044948403,113.414237440592,60.8143188470391,61.6881511223934,80.579031501905,4.34710743801653
112.855462178161,113.566172719842,60.9151331583317,61.8090589399831,80.7050156098231,4.34297520661157
112.9198107602,113.60267032676,60.9544618134757,61.8425156787787,80.7583904925841,4.33884297520661
112.973448253793,113.655613700572,60.9900098810506,61.8827110306151,80.8065634574005,4.33471074380165
113.020380874036,113.699642901076,61.0286371751104,61.9209459477132,80.8522480861991,4.33057851239669
113.078258811421,113.758002817879,61.0705042193593,61.9597764071624,80.9091259555719,4.32644628099174
113.134876846474,113.806644396001,61.1160143135395,62.0035576372966,80.9638846605318,4.32231404958678
113.218885784872,113.896555582154,61.1841867106573,62.0811181654637,81.0461569302785,4.31818181818182
113.30331489566,113.982813905823,61.2524572244908,62.1628636745954,81.1285761317675,4.31404958677686
113.405015980765,114.09604012811,61.3290993464375,62.2157614779871,81.2268631854902,4.3099173553719
113.506616956153,114.177431697356,61.4087309048297,62.2670251703647,81.3254670892965,4.30578512396694
113.604004163465,114.28201773801,61.4943297058278,62.3450671783695,81.4244703401877,4.30165289256198
113.67553117285,114.337574168018,61.5517651982535,62.4007292176232,81.4934621232638,4.29752066115702
113.780365674132,114.45729978211,61.6325604853137,62.4829032623547,81.593649210552,4.29338842975207
113.84756473336,114.509184155189,61.6785805543261,62.526651852863,81.6549662867821,4.28925619834711
113.897350038669,114.5683245181,61.7043594013783,62.6067407327094,81.7011930732023,4.28512396694215
114.003971903583,114.683372959135,61.7989010056391,62.6911352678231,81.8099288074937,4.28099173553719
114.102707875055,114.765746002691,61.8864637952404,62.7760681858494,81.9101598680933,4.27685950413223
114.172383547404,114.839877668728,61.9336350910768,62.8340654820953,81.9742921696054,4.27272727272727
114.244029097936,114.918553236013,61.9772473612426,62.8910680407012,82.0381345978815,4.26859504132231
114.351935366074,115.039034809562,62.0731462843633,62.9834916304784,82.1478289777196,4.26446280991736
114.437841496741,115.108960168726,62.1454663494465,63.0502517164382,82.2323759555043,4.2603305785124
114.446583029862,115.116937269857,62.1517638679347,63.0569615246736,82.2402466906469,4.25619834710744
114.588117627379,115.273976264931,62.2171935723451,63.1760301474637,82.3602174977371,4.25206611570248
114.637011808839,115.323631094737,62.257141832705,63.2127812961068,82.4078210017579,4.24793388429752
114.723348997807,115.412627184939,62.3311151565412,63.2874024368166,82.4932366780913,4.24380165289256
114.782119093974,115.46131777867,62.3781761988119,63.3295172349018,82.550234182641,4.2396694214876
114.942833333663,115.64039902071,62.4227862813763,63.4766536864644,82.6829492580557,4.23553719008264
115.012578183112,115.689855102046,62.4332394602793,63.5061573532651,82.7349226384121,4.23140495867769
115.105059628835,115.790025536117,62.4868830793221,63.5576582178448,82.8134358710142,4.22727272727273
115.220674665262,115.913525868327,62.5717749403143,63.6547974197609,82.9194879760463,4.22314049586777
115.32580876303,116.032481518524,62.6546712479517,63.749563508029,83.0201519042631,4.21900826446281
115.400112764273,116.099361124126,62.6575604315614,63.7912879670083,83.0714121435223,4.21487603305785
115.474670284134,116.176089857182,62.7170459580713,63.8450297684246,83.14353012972,4.21074380165289
115.581579321493,116.279934670307,62.800088969366,63.9438550871874,83.2449050362745,4.20661157024793
115.676713727486,116.383409335926,62.8514226270123,64.0012857007773,83.3239592106401,4.20247933884298
115.739867789732,116.453927012606,62.902159345411,64.0602350539904,83.3844209287353,4.19834710743802
115.798933588268,116.51515872492,62.9454517457171,64.1107463099439,83.438782774067,4.19421487603306
115.909287156107,116.634284422285,63.0136166991135,64.1775531420149,83.5321442473921,4.1900826446281
116.020337928088,116.752224167739,63.0809405827246,64.25140373361,83.6253848541133,4.18595041322314
116.126824998969,116.870409809031,63.1500055987029,64.3334254230451,83.7172771126357,4.18181818181818
116.185775812976,116.932296746359,63.1942094490396,64.3859423808161,83.772336797774,4.17768595041322
116.287394071228,117.04371356313,63.2709088594786,64.4713144377816,83.8665676481696,4.17355371900826
116.377518250054,117.13544774474,63.3396453554507,64.5332489550887,83.9515534096889,4.16942148760331
116.467513642109,117.210694016538,63.4095148098135,64.6002353973019,84.0365595168484,4.16528925619835
116.551388374874,117.300490297049,63.4740040367673,64.6668312564677,84.1152864759074,4.16115702479339
116.636023034451,117.384191370952,63.5385762095268,64.7373388152403,84.1941498228688,4.15702479338843
116.755583905286,117.513853725025,63.6297653213222,64.8218707233897,84.3060938849032,4.15289256198347
116.832396909887,117.567586465785,63.6284799456804,64.8467371304905,84.3580059604018,4.14876033057851
116.940401212694,117.686031236967,63.7003686277179,64.929789429422,84.4522225929965,4.14462809917355
117.099228727768,117.854249738465,63.8014322166501,65.0211985416671,84.592746392316,4.1404958677686
117.191940271949,117.871449559567,63.8350710064036,65.0376973157738,84.6460438112103,4.13636363636364
117.228998264379,117.894425173769,63.844407048452,65.0516408036669,84.6663993415268,4.13223140495868
117.331016695932,118.015282933259,63.9190939888042,65.1325905662234,84.7597569949347,4.12809917355372
117.412015482162,118.079520149293,63.9134320549958,65.1734143259214,84.8122753645889,4.12396694214876
117.540413200375,118.230771141104,63.9985944469694,65.2649369834735,84.9241217150412,4.1198347107438
117.609609273441,118.272023135252,64.0370854225985,65.3028843438799,84.9756117622711,4.11570247933884
117.720946578411,118.39415068197,64.1098991956599,65.3642365599031,85.0723542081839,4.11157024793388
117.790509232157,118.445485577648,64.1591652769564,65.4150819906711,85.1337988118493,4.10743801652893
117.867764267379,118.527266011674,64.2127728129182,65.4749242799599,85.2012940811094,4.10330578512397
117.942758295634,118.596880038986,64.2674009318286,65.5259911331305,85.2695998488936,4.09917355371901
118.035082969494,118.694862333363,64.3320417292489,65.5967700617188,85.3513059895533,4.09504132231405
118.105218523615,118.741786197185,64.3704729575386,65.6326537236677,85.4034066706021,4.09090909090909
118.192023450977,118.839012093044,64.4235533241758,65.6939638760986,85.4741461463922,4.08677685950413
118.286152740543,118.938059459417,64.4600293151809,65.7473843757316,85.5441747195406,4.08264462809917
118.361828968497,118.997682416957,64.5153772936568,65.8032933014274,85.6127334380337,4.07851239669422
118.453338181999,119.106783570359,64.5823353996287,65.8728857226961,85.6958047800051,4.07438016528926
118.542743083842,119.179149461687,64.6241538289691,65.9289028288777,85.7625848663327,4.0702479338843
118.621751666765,119.266979320583,64.6804195951191,65.9845528475756,85.8329180741121,4.06611570247934
118.660201599669,119.290414590289,64.6895289184425,65.9979163244915,85.8537607950494,4.06198347107438
118.842914361821,119.498962718786,64.8019684453766,66.1346126978076,86.0070492570459,4.05785123966942
118.91134272928,119.553920704917,64.8456366782531,66.1760005965273,86.064165998308,4.05371900826446
119.039625735179,119.697657087074,64.9411735786628,66.2691870758089,86.1818804326963,4.0495867768595
119.111243773353,119.743043591752,64.9913040946448,66.316789097607,86.2449582209539,4.04545454545455
119.293899141873,119.957979772923,65.1055061431514,66.4555751448257,86.3993050648685,4.04132231404959
119.362823281585,120.006162295566,65.1500009864049,66.500076928734,86.4567981436704,4.03719008264463
119.491528734343,120.151672850861,65.2302263397313,66.596725802489,86.5636591671161,4.03305785123967
119.632489304564,120.314083773696,65.3308720671016,66.6913677092455,86.6900687293312,4.02892561983471
119.710882681051,120.37230488599,65.3868542875381,66.7577076954564,86.7604495222213,4.02479338842975
119.857612974275,120.543199092919,65.4258223434095,66.7833602886542,86.8710673066244,4.02066115702479
119.96652852057,120.607932582285,65.4449039019884,66.7942199134041,86.9449755445275,4.01652892561984
120.099634591426,120.758276490309,65.5250412928767,66.8864713822238,87.0534143243628,4.01239669421488
120.243442159258,120.925264551292,65.6270943199349,66.9872274875882,87.1812227183628,4.00826446280992
120.359541583739,120.999631151755,65.6688204293845,67.0364958115058,87.2625410334644,4.00413223140496
120.420782999983,121.064751115294,65.7092219459252,67.0814464356993,87.3147606838216,4
120.491662841789,121.142874594999,65.7346001039532,67.1227991767851,87.3639277128676,3.99586776859504
120.591421600582,121.229238679387,65.8023211974849,67.1898678623314,87.4501455266245,3.99173553719008
120.72993088674,121.385508317819,65.8914936189999,67.2958491167193,87.5670225374092,3.98760330578512
120.72993088674,121.385508317819,65.8914936189999,67.2958491167193,87.5670225374092,3.98760330578512
120.810062396846,121.450716211626,65.9389133375892,67.3446845907888,87.6301576114879,3.98347107438017
120.910884105885,121.556125976142,66.0067278382833,67.4081027892771,87.7175234010615,3.97933884297521
120.997277039276,121.638927731634,66.0597158860321,67.4622966406238,87.789287462115,3.97520661157025
121.087278019722,121.727284517892,66.1083507716232,67.5171523929888,87.8564247570784,3.97107438016529
121.228946342518,121.874794774674,66.178365675037,67.5926351533286,87.9596016743557,3.96694214876033
121.362015181629,122.021489037165,66.2660113134553,67.6880221769616,88.0725057575097,3.96280991735537
121.481087424279,122.146471349862,66.3478556419102,67.7585131777775,88.1773733196826,3.95867768595041
121.595359711593,122.229668765383,66.4123797183091,67.8261661679778,88.265058699012,3.95454545454545
121.796692147517,122.468702331023,66.5544245437117,67.9797911308409,88.4437046854114,3.9504132231405
121.910032646215,122.551457411367,66.5760478921997,68.0322552122493,88.5148009816168,3.94628099173554
121.972769449464,122.621704950551,66.6176871653316,68.0789673267997,88.568451913657,3.94214876033058
122.098307901375,122.757915756007,66.6703261650135,68.139626612829,88.6590271058838,3.93801652892562
122.216447534534,122.84651628849,66.7329891221676,68.2091187998105,88.7464975722505,3.93388429752066
122.352405646718,122.996322817072,66.8215104600869,68.3063771579812,88.860976882993,3.9297520661157
122.487077878309,123.149489483805,66.9107342390652,68.3988261174877,88.9750996596995,3.92561983471074
122.586354401962,123.22408670754,66.9551270714219,68.4538558502011,89.0424555070554,3.92148760330579
122.761841171478,123.44469873987,67.0774398263711,68.5852439573322,89.1968321767403,3.91735537190083
122.858177914715,123.513725456209,67.1264063609564,68.6208498001905,89.2710634777971,3.91322314049587
123.030883024722,123.723798845943,67.2508878238397,68.7491711237323,89.4265161654035,3.90909090909091
123.139460379095,123.789811125391,67.3053341384985,68.8008943129728,89.5103407414169,3.90495867768595
123.304164247405,123.962748917166,67.4147406187595,68.92080535715,89.6508718320706,3.90082644628099
123.443261877828,124.137312511762,67.4698249859881,68.9499521071459,89.7513798459208,3.89669421487603
123.559566542976,124.229821979531,67.5410669023203,69.0231103711969,89.8449389957365,3.89256198347107
123.674079080917,124.320634057866,67.6028596774809,69.0806901046943,89.9281452737408,3.88842975206612
123.821966937463,124.481563620585,67.6963846841632,69.1949994899697,90.0521029386177,3.88429752066116
123.906326201353,124.555717106641,67.7464785622297,69.2444120363057,90.1190815168303,3.8801652892562
124.120498900907,124.804291738613,67.8934507155437,69.4088691291863,90.3055293234655,3.87603305785124
124.237532331962,124.89256046582,67.9655011295511,69.4793473614944,90.400526805535,3.87190082644628
124.392883267795,125.070058995776,68.0482134788331,69.5285160578195,90.5253455514249,3.86776859504132
124.518980862329,125.162423994493,68.1052834222436,69.5542133502356,90.6136265162915,3.86363636363636
124.697524018909,125.366057590421,68.1978897297612,69.6434120900812,90.7561874184431,3.8595041322314
124.850557914678,125.501127492699,68.3017801120842,69.7485799741174,90.8888332549556,3.85537190082645
124.997063655023,125.672882926694,68.3920024521872,69.8481370790067,91.0074444227274,3.85123966942149
125.104834364503,125.749568306167,68.4534637482134,69.9093907107792,91.0893571329826,3.84710743801653
125.290032108083,125.977189725718,68.5122823083308,69.9734787087381,91.2204604822773,3.84297520661157
125.40436236446,126.025887772947,68.558741712339,70.0189275211138,91.2855148878995,3.83884297520661
125.608299920687,126.255866377985,68.6936756797524,70.1459204004085,91.4602152035513,3.83471074380165
125.729271217465,126.342086636546,68.757883725597,70.1885630638478,91.5516071139853,3.83057851239669
125.885261110462,126.513774383113,68.8544721416376,70.294075598407,91.6799645120356,3.82644628099174
126.042468014331,126.681226476082,68.9592379051417,70.4077658694239,91.8142099366194,3.82231404958678
126.134234518347,126.77315339087,69.0175669742315,70.4715584886477,91.8896401680409,3.81818181818182
126.361271594295,127.032697876043,69.1672904032485,70.6139056060106,92.0834495688893,3.81404958677686
126.506752418336,127.125904945572,69.2115052751673,70.6751241922864,92.1774669981727,3.8099173553719
126.666016546875,127.289969704587,69.3080076647665,70.7855912984553,92.306541022842,3.80578512396694
126.889647437303,127.586848373179,69.4558766227362,70.9446494364155,92.4964362141046,3.80165289256198
127.0611314678,127.680492482733,69.549516104532,71.0194281922627,92.6243358172827,3.79752066115702
127.272402618206,127.912678002993,69.6886449479342,71.1610189247152,92.8032295477092,3.79338842975207
127.366418979815,127.966352804799,69.7353341312926,71.208749734834,92.8668374588397,3.78925619834711
127.537959746318,128.144961587397,69.8414881910033,71.3229176010918,93.0058893746788,3.78512396694215
127.710049620502,128.333897965199,69.9450703780688,71.4350616359895,93.1425902701158,3.78099173553719
127.944292550919,128.61491041197,70.0986067387757,71.589618057829,93.3405258860759,3.77685950413223
128.13352677855,128.716932325766,70.1986348683564,71.6825689559115,93.4837039823529,3.77272727272727
128.25979269702,128.843980574611,70.271792308698,71.7611224971164,93.5807449554852,3.76859504132231
128.486883237693,129.143721582006,70.4231467297584,71.9122283533334,93.7758042914997,3.76446280991736
128.655856190715,129.219339354441,70.5090710180692,72.0077039010271,93.8907630852062,3.7603305785124
128.875629966961,129.459533652564,70.6436108225644,72.1430732158815,94.0673491357967,3.75619834710744
129.042964159807,129.5440574869,70.7300992166304,72.2367330718966,94.1830869193958,3.75206611570248
129.188887141051,129.702135090366,70.8140130561416,72.3285187321083,94.2953207413333,3.74793388429752
129.410590267236,129.944945973427,70.9495951927765,72.4568228504507,94.474490770548,3.74380165289256
129.539872238783,130.041900011642,71.0265542632765,72.5403441758284,94.5776166749475,3.7396694214876
129.720225337072,130.251253571001,71.1364964658322,72.6610203080546,94.7224235878153,3.73553719008264
129.959489765833,130.54628620672,71.2407906358267,72.8168854295154,94.8926536124843,3.73140495867769
130.161710823636,130.678618638136,71.3305057794419,72.8742161700025,95.0475525563193,3.72727272727273
130.311580757084,130.832069096555,71.4156203770192,72.951920604844,95.1616399922544,3.72314049586777
130.409805200723,130.880534927225,71.464267083278,73.0037485262744,95.2279185260887,3.71900826446281
130.510291167423,130.984694701984,71.5212271678435,73.0655326203415,95.3039129429875,3.71487603305785
130.745126943567,131.301045650629,71.6377892308159,73.2325268790872,95.4802303393655,3.71074380165289
130.905846054642,131.401766422024,71.726326752135,73.3187104587428,95.5984415031208,3.70661157024793
131.060185667534,131.557927975011,71.8124327278957,73.4114778435158,95.7145819201776,3.70247933884298
131.182295577128,131.664038179124,71.8804854300547,73.4775300511125,95.8049276746618,3.69834710743802
131.357589677124,131.860522524445,71.9793713561308,73.5825603170888,95.9378090785326,3.69421487603306
131.459264527119,131.955904217511,72.0427353997271,73.6536125074377,96.0200709246967,3.6900826446281
131.685524915051,132.220148077329,72.1791057699328,73.7803329800822,96.2010882282404,3.68595041322314
131.839175932773,132.295477977232,72.266501939064,73.8650078263558,96.3170982551255,3.68181818181818
131.974250766624,132.422972701947,72.3440241143895,73.950273521173,96.4201136723454,3.67768595041322
132.120107295463,132.571092253114,72.4181173739292,74.0304208232183,96.5215232149269,3.67355371900826
132.224478321972,132.686786747976,72.4764871832399,74.0941743224003,96.5998085673083,3.66942148760331
132.404923788467,132.903788960339,72.5760507854451,74.2024557092303,96.7350535310911,3.66528925619835
132.613236882109,133.102224621868,72.6984512611286,74.3185573795448,96.8978647038858,3.66115702479339
132.740913589928,133.164364479273,72.7705022785731,74.390578200036,96.9937193923636,3.65702479338843
132.865359896369,133.302728527983,72.8402368436472,74.4658375663443,97.0866418757474,3.65289256198347
132.990899020429,133.442964642238,72.9100921053923,74.5417813512439,97.1797467214268,3.64876033057851
133.257512936899,133.775930043855,73.0412494453445,74.703569536286,97.3706508726768,3.64462809917355
133.444017782174,133.93575007716,73.1448844995178,74.7975790103714,97.5106600959459,3.6404958677686
133.572817195525,134.001159897575,73.21511826382,74.8611197234104,97.6050998173045,3.63636363636364
133.886319684201,134.381806400994,73.3687149915511,75.0347928803448,97.8237865714853,3.63223140495868
133.991328236955,134.431891942541,73.4277724961963,75.0964465151546,97.9016463450149,3.62809917355372
134.17111403932,134.645070926509,73.5313983362637,75.2090169880872,98.0394281065992,3.62396694214876
134.434996339414,134.961136489824,73.6452506265361,75.3299511096542,98.233556263949,3.6198347107438
134.549712483924,135.001619276131,73.7038115632194,75.3848955781481,98.3122459971084,3.61570247933884
134.696124940991,135.173978383589,73.7817655798076,75.4731895110173,98.4181185100424,3.61157024793388
134.866899551696,135.310369758882,73.8397651572665,75.5370360257193,98.5248543740099,3.60743801652893
135.038071670967,135.460474473562,73.9333339472941,75.6328972350216,98.6496480048242,3.60330578512397
135.30425332575,135.751453828653,74.0773668321539,75.7804693124901,98.8433604513005,3.59917355371901
135.515035776224,135.933009754138,74.1992895022517,75.9100061815449,99.0044267605217,3.59504132231405
135.72578359516,136.190441400636,74.3229000835915,76.0344417881746,99.1678403697848,3.59090909090909
135.910466788991,136.332264097133,74.4163314758308,76.1369939825078,99.2950221247723,3.58677685950413
136.121974944886,136.611788487666,74.5321169429282,76.2503036262002,99.4565859370937,3.58264462809917
136.269359409333,136.683226570603,74.584782358659,76.2950789934967,99.5471758369231,3.57851239669421
136.555239403602,137.057357954727,74.7194790066137,76.4547473191156,99.7471523205049,3.57438016528926
136.726962709268,137.199099757468,74.813459496992,76.55004266274,99.8721340666715,3.5702479338843
136.977023713076,137.455320141795,74.9601696405022,76.6915141131151,100.067917411711,3.56611570247934
137.169288993875,137.538184980837,75.0605279998705,76.7825750680078,100.205858956884,3.56198347107438
137.396167458076,137.819170408795,75.1795706436236,76.9087547131751,100.367896127151,3.55785123966942
137.631279754595,138.050778636495,75.3189988670427,77.05145553839,100.552506433648,3.55371900826446
