0 0
0.8 -0
1.6 -0
2.4 -0
3.2 -0
4 -0
4.8 -0
5.6 -0
6.4 0
7.2 0
8 0
8.8 0
9.6 0
10.4 0
11.2 0
12 0
12 0.8
12 1.6
12 2.4
12 3.2
12 4
12 4.8
12 5.6
12 6.4
12 7.2
12 8
12 8.8
12 9.6
12 10.4
12 11.2
12 12
11.2 12
10.4 12
9.6 12
8.8 12
8 12
7.2 12
6.4 12
5.6 12
4.8 12
4 12
3.2 12
2.4 12
1.6 12
0.8 12
0 12
0 11.2
0 10.4
0 9.6
0 8.8
0 8
0 7.2
0 6.4
-0 5.6
-0 4.8
-0 4
-0 3.2
-0 2.4
-0 1.6
-0 0.8
4.82147579750974 1.3189927164518
2.45884576966051 11.4719866740406
0.414925093879229 7.38882189077548
5.67592843137016 3.24785197866191
1.16874739302133 9.76867316002193
4.33669234140215 5.09849192424957
4.09709128952269 1.46733547009105
0.808705052512626 11.8371259623034
0.401337544009272 6.4647272109326
3.09515863960892 10.175668356791
3.47890630364026 9.52184349967034
3.44666885894352 5.97145494278221
2.33639148329646 3.74927562180848
1.43475423024667 1.57059716607838
2.23734494461567 0.540365792423669
0.20963083699534 10.3541447320702
0.859103302224415 3.19847579907328
2.912594578719 3.7072597833547
3.33598182801633 10.7482834539652
5.52290164616646 3.85557581200245
0.980096667182036 0.760833296734388
2.43123833636556 7.77457991976085
0.889911101368611 7.08816387006901
1.51334164309282 11.5336017257127
4.35320939836082 6.03921848883349
1.1216995981612 8.83338336047332
3.76593769428571 10.4908987898187
4.80822986517736 10.3045626348391
4.57519863110934 6.94231419093972
4.97736215800829 6.7158394634244
2.87961996934685 6.94116236622082
3.60800262070006 4.24471445952844
2.12028375134286 5.86730471425578
4.41899375747881 1.0621308760557
4.84039923138385 2.4696635845438
4.27605346248548 4.61499416423519
2.42650188937514 2.35179115258554
3.51895513137613 8.74944573652768
5.24201468731564 2.97309100730205
0.279090713387139 8.35891713669265
1.58378146211305 3.77614942846508
5.89489300960456 1.48335974966068
1.22978796467728 4.6414955201619
2.7350560710273 10.4199672537483
1.43497823269672 0.894190454081156
2.97640963359673 7.61345762480528
0.0888096650828079 2.47622280313682
5.11488512314217 8.93929770786431
4.49062029107105 1.71419344798415
3.3564450672711 2.91930343077159
2.75825408074627 0.246182609317325
1.95636227020771 4.82333753472512
2.73478745817501 6.02154453958262
5.58897359679315 1.16827713097323
3.91951786787867 9.5562370380091
0.974122039738669 1.84819365535243
4.58492779016199 10.8717269374487
0.993491620460768 2.76977096502949
0.944341021313957 5.77749716934465
0.747255423659515 10.098676321003
2.4367055861525 9.12887492944943
0.949598218160254 0.23864475546065
4.83493148818994 6.11754926922253
3.03391591981948 1.84706712757517
1.52819756803927 3.2496779640313
1.39952586738927 8.13295013957702
5.61881197809152 11.6935036106455
0.535576946037942 0.821719618898087
1.79698667099736 1.23454759996431
4.22965468590203 3.97830390092173
0.10845078002883 9.12386490353278
2.33385872109544 10.0012656517813
5.64283817689902 0.280492566398004
2.56122853762657 4.61250209052584
4.67674867244911 7.46466746479964
0.964752519054237 3.65943894579606
0.475334147620312 6.93651824857819
4.65958100917469 3.53421739553516
0.206232975252274 4.03901407664879
5.96010234604231 2.19795269582744
3.81546604269367 0.212458468818049
3.0059366185914 9.68022597478329
2.24969862006005 1.35955518782189
2.4834192982478 6.46496255189621
0.870139621467987 5.25970045161464
4.99776045728018 9.80261647801102
0.778113027601742 2.22986402397198
2.85800737230792 3.18817888583736
0.325611409130742 5.2983209550954
5.01901429932125 0.449067195150401
4.17820935436833 2.98063877454053
1.8586055426209 6.70367491245496
5.75116241248302 8.80657055927933
2.79464619247243 10.9801403268785
0.361498291145196 9.75405443423928
2.83892794792968 11.7856696619927
0.115313527305933 0.423469988251248
1.86284321266158 2.29775088216107
7.17852420249026 1.3189927164518
9.54115423033949 11.4719866740406
11.5850749061208 7.38882189077548
6.32407156862984 3.24785197866191
10.8312526069787 9.76867316002193
7.66330765859785 5.09849192424957
7.90290871047731 1.46733547009105
11.1912949474874 11.8371259623034
11.5986624559907 6.4647272109326
8.90484136039108 10.175668356791
8.52109369635974 9.52184349967034
8.55333114105648 5.97145494278221
9.66360851670354 3.74927562180848
10.5652457697533 1.57059716607838
9.76265505538433 0.540365792423669
11.7903691630047 10.3541447320702
11.1408966977756 3.19847579907328
9.087405421281 3.7072597833547
8.66401817198367 10.7482834539652
6.47709835383354 3.85557581200245
11.019903332818 0.760833296734388
9.56876166363444 7.77457991976085
11.1100888986314 7.08816387006901
10.4866583569072 11.5336017257127
7.64679060163918 6.03921848883349
10.8783004018388 8.83338336047332
8.23406230571429 10.4908987898187
7.19177013482264 10.3045626348391
7.42480136889066 6.94231419093972
7.02263784199171 6.7158394634244
9.12038003065316 6.94116236622082
8.39199737929994 4.24471445952844
9.87971624865714 5.86730471425578
7.58100624252119 1.0621308760557
7.15960076861615 2.4696635845438
7.72394653751452 4.61499416423519
9.57349811062486 2.35179115258554
8.48104486862387 8.74944573652768
6.75798531268436 2.97309100730205
11.7209092866129 8.35891713669265
10.4162185378869 3.77614942846508
6.10510699039544 1.48335974966068
10.7702120353227 4.6414955201619
9.26494392897269 10.4199672537483
10.5650217673033 0.894190454081156
9.02359036640327 7.61345762480528
11.9111903349172 2.47622280313682
6.88511487685783 8.93929770786431
7.50937970892895 1.71419344798415
8.6435549327289 2.91930343077159
9.24174591925373 0.246182609317325
10.0436377297923 4.82333753472512
9.26521254182499 6.02154453958262
6.41102640320685 1.16827713097323
8.08048213212133 9.5562370380091
11.0258779602613 1.84819365535243
7.41507220983801 10.8717269374487
11.0065083795392 2.76977096502949
11.055658978686 5.77749716934465
11.2527445763405 10.098676321003
9.5632944138475 9.12887492944943
11.0504017818397 0.23864475546065
7.16506851181006 6.11754926922253
8.96608408018052 1.84706712757517
10.4718024319607 3.2496779640313
10.6004741326107 8.13295013957702
6.38118802190848 11.6935036106455
11.4644230539621 0.821719618898087
10.2030133290026 1.23454759996431
7.77034531409797 3.97830390092173
11.8915492199712 9.12386490353278
9.66614127890456 10.0012656517813
6.35716182310098 0.280492566398004
9.43877146237343 4.61250209052584
7.32325132755089 7.46466746479964
11.0352474809458 3.65943894579606
11.5246658523797 6.93651824857819
7.34041899082531 3.53421739553516
11.7937670247477 4.03901407664879
6.03989765395769 2.19795269582744
8.18453395730633 0.212458468818049
8.9940633814086 9.68022597478329
9.75030137993995 1.35955518782189
9.5165807017522 6.46496255189621
11.129860378532 5.25970045161464
7.00223954271982 9.80261647801102
11.2218869723983 2.22986402397198
9.14199262769209 3.18817888583736
11.6743885908693 5.2983209550954
6.98098570067875 0.449067195150401
7.82179064563167 2.98063877454053
10.1413944573791 6.70367491245496
6.24883758751698 8.80657055927933
9.20535380752757 10.9801403268785
11.6385017088548 9.75405443423928
9.16107205207032 11.7856696619927
11.8846864726941 0.423469988251248
10.1371567873384 2.29775088216107
