0 0
0.8 -0
1.6 -0
2.4 -0
3.2 -0
4 -0
4.8 -0
5.6 -0
6.4 0
7.2 0
8 0
8.8 0
9.6 0
10.4 0
11.2 0
12 0
12 0.8
12 1.6
12 2.4
12 3.2
12 4
12 4.8
12 5.6
12 6.4
12 7.2
12 8
12 8.8
12 9.6
12 10.4
12 11.2
12 12
11.2 12
10.4 12
9.6 12
8.8 12
8 12
7.2 12
6.4 12
5.6 12
4.8 12
4 12
3.2 12
2.4 12
1.6 12
0.8 12
0 12
0 11.2
0 10.4
0 9.6
0 8.8
0 8
0 7.2
0 6.4
-0 5.6
-0 4.8
-0 4
-0 3.2
-0 2.4
-0 1.6
-0 0.8
0.229048815138735 3.12220674874527
4.16133880776829 5.68411585163925
5.39843278529981 6.97181225732873
5.31057957845125 11.0435937318091
4.77862261962703 1.43994088797406
5.9322244081618 6.86200907841362
0.398699546448528 10.4819940511488
3.90547810036772 5.1758446594773
5.00449206538355 2.59036664641335
3.47024682121646 4.24498993056908
4.5240826462326 2.56881823386064
0.180536639947444 4.71289012775821
5.59828066436551 4.19570863482985
0.827916742496753 8.50693328212645
5.098121701108 11.7417950180952
3.07170183992677 3.83907380459355
1.15504783296083 1.79436027032923
3.99609813539496 9.58978506758975
2.52060359977904 0.188492830376968
3.20970055618153 5.3533742119119
1.59065574411818 3.42046364323086
5.46608407971565 1.44700970730325
3.26388976060725 5.96961385341402
1.16885965966835 2.27253031222021
4.89258961788501 3.66337507453505
1.92359241881584 8.9197673386922
2.62739971777528 2.12591228587278
3.12040429795682 0.284109909739871
5.35444835866459 6.53950138908365
1.28935415446891 4.50549925070713
2.09075037196102 8.17274003052021
1.97579391509534 1.37198359827585
5.57891558525377 7.81169230720836
2.1289846347282 11.3776246504765
4.39754568826174 7.25418889455333
1.94478731351794 9.88696173054786
3.41196029069943 9.99356675316492
0.796828079278853 10.0136619148168
0.427951899486945 9.64375787364658
5.03993096884099 9.36527985960497
3.12050308319599 6.66951575025732
2.51311150975687 3.68676169725925
5.14539420425295 0.738487619313459
4.764359099364 4.18343907118607
2.86376418837845 10.6019217641787
4.89013049709704 7.44148701353679
5.92294445035683 2.68201972003529
4.44209333078515 7.70676111699543
3.65762559080031 7.2046995495664
5.88273775077406 2.13543206071972
3.02372264149107 1.95369658171986
4.41574032437086 0.908261077686181
0.506219201173634 7.52319466210525
2.49079801272605 1.59042812824821
2.49027995476948 5.34029185975919
3.08527182405503 8.12733093968472
5.51808800219472 0.379190764983263
3.84479997941821 3.94063698736473
1.64157821548371 0.664122752281751
2.4652210256854 9.71550665444777
3.59134061770171 5.64565575751761
2.02097101708164 4.38819445695668
1.75150086841501 6.98571047458462
3.58629555049703 8.57263330124752
3.97502567922057 7.9384641250889
1.35660946093345 10.816477312478
0.180027119484959 0.418459243647449
3.44600196768669 4.90042251666957
0.944406664073886 3.12922956635022
2.86826074283685 4.39911378015714
3.49351732140515 1.97677110828821
3.61101705699436 3.41167502755196
3.35529543309566 7.74312209120198
2.92333997935423 9.11661678150551
4.1984453365526 11.8288601268495
4.36725411162569 6.69969008361696
4.02719928922699 0.600889844629009
5.5303409118707 10.3779380322658
2.06331514924737 0.401753196827271
4.12454843766101 3.05431326540396
0.912351981750173 1.26195207314587
2.60764432456808 11.0892422485827
4.82783045461857 2.14633617832139
4.38690811085091 5.14321139094682
5.0990813464296 10.2276248223028
4.3983257794861 11.1080678177256
0.571753244696049 1.53547849913963
3.9990351282674 1.88540959299849
2.86796020666156 7.08297802873261
0.198458541480263 2.06989382669704
4.16637644700402 10.3306431352732
0.790881319431538 11.6684735136065
1.47026172087652 8.10412163589123
0.287826954514802 2.5583491321784
1.01956391622401 6.17101293760926
4.42029476107232 3.42673617885675
0.689354365244652 5.60864913238595
5.90174300071623 1.47141102080105
11.7709511848613 3.12220674874527
7.83866119223171 5.68411585163925
6.60156721470019 6.97181225732873
6.68942042154875 11.0435937318091
7.22137738037297 1.43994088797406
6.0677755918382 6.86200907841362
11.6013004535515 10.4819940511488
8.09452189963228 5.1758446594773
6.99550793461645 2.59036664641335
8.52975317878354 4.24498993056908
7.4759173537674 2.56881823386064
11.8194633600526 4.71289012775821
6.40171933563449 4.19570863482985
11.1720832575032 8.50693328212645
6.901878298892 11.7417950180952
8.92829816007323 3.83907380459355
10.8449521670392 1.79436027032923
8.00390186460504 9.58978506758975
9.47939640022096 0.188492830376968
8.79029944381847 5.3533742119119
10.4093442558818 3.42046364323086
6.53391592028435 1.44700970730325
8.73611023939275 5.96961385341402
10.8311403403317 2.27253031222021
7.10741038211499 3.66337507453505
10.0764075811842 8.9197673386922
9.37260028222472 2.12591228587278
8.87959570204318 0.284109909739871
6.64555164133541 6.53950138908365
10.7106458455311 4.50549925070713
9.90924962803898 8.17274003052021
10.0242060849047 1.37198359827585
6.42108441474623 7.81169230720836
9.8710153652718 11.3776246504765
7.60245431173826 7.25418889455333
10.0552126864821 9.88696173054786
8.58803970930057 9.99356675316492
11.2031719207211 10.0136619148168
11.5720481005131 9.64375787364658
6.96006903115901 9.36527985960497
8.87949691680401 6.66951575025732
9.48688849024313 3.68676169725925
6.85460579574705 0.738487619313459
7.235640900636 4.18343907118607
9.13623581162155 10.6019217641787
7.10986950290296 7.44148701353679
6.07705554964317 2.68201972003529
7.55790666921485 7.70676111699543
8.34237440919969 7.2046995495664
6.11726224922594 2.13543206071972
8.97627735850893 1.95369658171986
7.58425967562914 0.908261077686181
11.4937807988264 7.52319466210525
9.50920198727395 1.59042812824821
9.50972004523052 5.34029185975919
8.91472817594497 8.12733093968472
6.48191199780528 0.379190764983263
8.15520002058179 3.94063698736473
10.3584217845163 0.664122752281751
9.5347789743146 9.71550665444777
8.40865938229829 5.64565575751761
9.97902898291836 4.38819445695668
10.248499131585 6.98571047458462
8.41370444950297 8.57263330124752
8.02497432077943 7.9384641250889
10.6433905390666 10.816477312478
11.819972880515 0.418459243647449
8.55399803231331 4.90042251666957
11.0555933359261 3.12922956635022
9.13173925716315 4.39911378015714
8.50648267859485 1.97677110828821
8.38898294300564 3.41167502755196
8.64470456690434 7.74312209120198
9.07666002064577 9.11661678150551
7.8015546634474 11.8288601268495
7.63274588837431 6.69969008361696
7.97280071077301 0.600889844629009
6.4696590881293 10.3779380322658
9.93668485075263 0.401753196827271
7.87545156233899 3.05431326540396
11.0876480182498 1.26195207314587
9.39235567543192 11.0892422485827
7.17216954538143 2.14633617832139
7.61309188914909 5.14321139094682
6.9009186535704 10.2276248223028
7.6016742205139 11.1080678177256
11.428246755304 1.53547849913963
8.0009648717326 1.88540959299849
9.13203979333844 7.08297802873261
11.8015414585197 2.06989382669704
7.83362355299598 10.3306431352732
11.2091186805685 11.6684735136065
10.5297382791235 8.10412163589123
11.7121730454852 2.5583491321784
10.980436083776 6.17101293760926
7.57970523892768 3.42673617885675
11.3106456347553 5.60864913238595
6.09825699928377 1.47141102080105
